9.306208107752090655e+02
9.244764699174086218e+02
9.170272449905129406e+02
9.196728956772004722e+02
9.257510875702415660e+02
9.286042357142608807e+02
9.044721406166620454e+02
9.198037559627566679e+02
9.154511557125308627e+02
9.241021284467517489e+02
9.370540713961031543e+02
9.274235357067758514e+02
9.118118071959631834e+02
9.373145875532587752e+02
9.321912368824297346e+02
9.258849831267514219e+02
9.161912417506349584e+02
9.296415676505556576e+02
9.197850094317246885e+02
9.152479324117381339e+02
9.227203122209781441e+02
9.032722859830041671e+02
9.185831927965737123e+02
9.253744754444765022e+02
9.047554801333922114e+02
9.118987030564687757e+02
9.261607985163086596e+02
9.172700833765748030e+02
9.204553491469619075e+02
9.406848384641384655e+02
9.275845613303995378e+02
9.164184399661775160e+02
9.119535767506678212e+02
9.243645046098506555e+02
9.295027676383851940e+02
9.287884355156587617e+02
9.260400256456953230e+02
9.268922767173070270e+02
9.215380788861117480e+02
9.275334614802695796e+02
9.205064686198331856e+02
9.284634046299598822e+02
9.354876390134103303e+02
9.138623449809268777e+02
9.233428471563538551e+02
9.175693256374000839e+02
9.373293307554373541e+02
9.348380921296271708e+02
9.238229859841985672e+02
9.278667498207237259e+02
9.328218842286130439e+02
9.162366109389421354e+02
9.449335693892791141e+02
9.287777709738243175e+02
9.171638072641741246e+02
9.235711210312329058e+02
9.367729302139792935e+02
9.175594483913115482e+02
9.204564449720254515e+02
9.348785721954807286e+02
9.248996658109913369e+02
9.098406549185243648e+02
9.373666636179320903e+02
9.377828237734884169e+02
9.388602771334817589e+02
9.216864703101122132e+02
9.246837614379825254e+02
9.344345145801823946e+02
9.290415840669761565e+02
9.290209987164970471e+02
9.347059384762410446e+02
9.318798080329289633e+02
9.287995031840936235e+02
9.488686828787621153e+02
9.301902958032130755e+02
9.222182016901746238e+02
9.152816446569680693e+02
9.302288895439716043e+02
9.404713037388130488e+02
9.375599260008095825e+02
9.401892338611608011e+02
9.357553339356891229e+02
9.319031253653943168e+02
9.441222842243231526e+02
9.334573553269315198e+02
9.287125281064144247e+02
9.315184012742205368e+02
9.348298011751520562e+02
9.428205188317273269e+02
9.394901517459476281e+02
9.375596567348833332e+02
9.332359426035496881e+02
9.258686847890262470e+02
9.500231212721085967e+02
9.436354923134919090e+02
9.422729767484479453e+02
9.373266114154753268e+02
9.278226814830629792e+02
9.194708671123278236e+02
9.282071750595092681e+02
9.383734586028506328e+02
9.272631569351676717e+02
9.374583975593832292e+02
9.306451784550292814e+02
9.442618277234577135e+02
9.370201249718966210e+02
9.497155948090085076e+02
9.423515415895965361e+02
9.276918695352482018e+02
9.233158804729305302e+02
9.370325647867756516e+02
9.531758781132729155e+02
9.396064890737571886e+02
9.334393517976036492e+02
9.459927204989176062e+02
9.441852524782708542e+02
9.406248045524478130e+02
9.588325992661409600e+02
9.464484738879631323e+02
9.383284104818396827e+02
9.480133602810093407e+02
9.465375842898467909e+02
9.583707285333759955e+02
9.269690698780693765e+02
9.386457026676533815e+02
9.321015792772492432e+02
9.362320122037907595e+02
9.464662939965429587e+02
9.486160105640941538e+02
9.447091442367027412e+02
9.381238156446107723e+02
9.520406567562579312e+02
9.428580742504356067e+02
9.502357625317633847e+02
9.529119014148169526e+02
9.532163816885823735e+02
9.445799878042814726e+02
9.426399273112178889e+02
9.432378826050958196e+02
9.212905678212581506e+02
9.482320991916258208e+02
9.393536625603652510e+02
9.524263283017469348e+02
9.429155389144299306e+02
9.463812975861004588e+02
9.386795763181225993e+02
9.359793547615308853e+02
9.513145279232257963e+02
9.614083235392043889e+02
9.463994745877625974e+02
9.484799824791074343e+02
9.306095115270757105e+02
9.498710571260400002e+02
9.480661575529026095e+02
9.619817196284147940e+02
9.335920674970259370e+02
9.566956404997115442e+02
9.467432538852459629e+02
9.542586922939285614e+02
9.738375540406858590e+02
9.492655734024193634e+02
9.489377129438614702e+02
9.418273208189480101e+02
9.668007410422936800e+02
9.449694216077958799e+02
9.455550751392854636e+02
9.472400421387421829e+02
9.415615831332594325e+02
9.617676931703952050e+02
9.555428066447191213e+02
9.542055680062894680e+02
9.495068853449125754e+02
9.558899420897354275e+02
9.534247559097915428e+02
9.503331003746513943e+02
9.531779992168923172e+02
9.581724723448443228e+02
9.502866871434522409e+02
9.483846763508206550e+02
9.490862431391813061e+02
9.514518273300243436e+02
9.547878216586979079e+02
9.554038608805335571e+02
9.658929526560102659e+02
9.483856403425777444e+02
9.469842418862976956e+02
9.537559551031946512e+02
9.582202164569032448e+02
9.536618571043834436e+02
9.629716712232710734e+02
9.564204942759218966e+02
9.672601634817592640e+02
9.624959229868190960e+02
9.666117337307471189e+02
9.458574703490847924e+02
9.467912690410593086e+02
9.418986299302923726e+02
9.587770236596720679e+02
9.527077461067597142e+02
9.491518108726827450e+02
9.605372829847227649e+02
9.744793083192746508e+02
9.615356852291176892e+02
9.623918966229008447e+02
9.568205499012841528e+02
9.487173840310014157e+02
9.596312680014057150e+02
9.506194861638718976e+02
9.683820967185117752e+02
9.594488927243888838e+02
9.596924572832382410e+02
9.671836886305437702e+02
9.571480075734460797e+02
9.655943539044809540e+02
9.631215396002056650e+02
9.591904788296664037e+02
9.639434374780494181e+02
9.491745303324274801e+02
9.553430250360021319e+02
9.598634746668661819e+02
9.673171763917388262e+02
9.521531370627860724e+02
9.435793027039895833e+02
9.723575923746262788e+02
9.692505061813744760e+02
9.624726971119276868e+02
9.620671487287852415e+02
9.592869175752988440e+02
9.826520634637768126e+02
9.526531520054252269e+02
9.501935274748146867e+02
9.695098048000982089e+02
9.769932864234690442e+02
9.624847818320743045e+02
9.733325738600733530e+02
9.672635630966487952e+02
9.568097528273012813e+02
9.711242137984679630e+02
9.597414001053507491e+02
9.569998449128922857e+02
9.596767386484439157e+02
9.613916876896852273e+02
9.581841539917191994e+02
9.636056344083634713e+02
9.696621278808968327e+02
9.591677202566123697e+02
9.649826542550559907e+02
9.540940975495093426e+02
9.588834457234237334e+02
9.528953773423227176e+02
9.626332391195162472e+02
9.467599651920725137e+02
9.643548666358390165e+02
9.588909652029436756e+02
9.639716263639580802e+02
9.650595014415969217e+02
9.557076677307690034e+02
9.656650662493229902e+02
9.626491344683096258e+02
9.585815391160901981e+02
9.783942931881051663e+02
9.605210363338288744e+02
9.743654011207615895e+02
9.651714712598909500e+02
9.534294908316620649e+02
9.744136458051998488e+02
9.645483906457707235e+02
9.742315920950577492e+02
9.772276704202918154e+02
9.785676394000765868e+02
9.545096260480697765e+02
9.728947051693213552e+02
9.692552732552716179e+02
9.693460730275302240e+02
9.773308944616577492e+02
9.715484255879973716e+02
9.584394467016982162e+02
9.890921789579820143e+02
9.691595126410190915e+02
9.670609088218645866e+02
9.783732242260684870e+02
9.697666090754016750e+02
9.672259517003909650e+02
9.811819865195948296e+02
9.565250900331122921e+02
9.803159463122145780e+02
9.660221104272943649e+02
9.643980357048471888e+02
9.706368668372439288e+02
9.744996249647866762e+02
9.809628580766150208e+02
9.739844637573035016e+02
9.834673035405940027e+02
9.515609368964769601e+02
9.886185404346908854e+02
9.563736995754594545e+02
9.736170838185188359e+02
9.787829714965223502e+02
9.683804039080449684e+02
9.719715863324295242e+02
9.754516854653672908e+02
9.750221330479563449e+02
9.842396725017687231e+02
9.742605188527260225e+02
9.771861085868187047e+02
9.867492032642808226e+02
9.698022910470049283e+02
9.687501029288043810e+02
9.848028587423026465e+02
9.823217007144618265e+02
9.714885720300968615e+02
9.721329641766060377e+02
9.801415936409691767e+02
9.652972595987596378e+02
9.842938075813781325e+02
9.726167295329710214e+02
9.874293158000564290e+02
9.749011870757710767e+02
9.703348874313905981e+02
9.788512408086356800e+02
9.720979949679966694e+02
9.883843725508942271e+02
9.800745479181877045e+02
9.677967475528951127e+02
9.806710252442275078e+02
9.732542742610582991e+02
9.839093274254869357e+02
9.876960596565503465e+02
9.826455362946871901e+02
9.790514099458017654e+02
9.804694168080663985e+02
9.771429262640332354e+02
9.776215365857933648e+02
9.904623403080983053e+02
9.798207943231057016e+02
9.869252113514123721e+02
9.835324691059096267e+02
9.705059277634027239e+02
9.722104615838251220e+02
9.936356936929645371e+02
9.826079609715795868e+02
9.894592258098749653e+02
9.905663857175142084e+02
9.906041712146090958e+02
9.804409437654819612e+02
9.898622121044353435e+02
9.925318604413569119e+02
9.806549260589348478e+02
9.855966327230269144e+02
9.732123327359308860e+02
9.951737366860129441e+02
9.900412610611889477e+02
9.846920506533358548e+02
9.855110061648595092e+02
9.783542593160298111e+02
9.951378780360421388e+02
9.947036637611098513e+02
9.781852522551512266e+02
9.893538042523497325e+02
9.902221063143894071e+02
9.823085705741904121e+02
9.887764826662282758e+02
9.922683831831237740e+02
9.847369294083551949e+02
9.839154726357342042e+02
9.759965544871366774e+02
9.939772206562464589e+02
9.969712602832582888e+02
9.782879616444307658e+02
9.816491666850115507e+02
9.846108707418441099e+02
9.916581136312652234e+02
9.922354207681595426e+02
9.684016250316486776e+02
9.946928978304351858e+02
9.863157319803627843e+02
1.002729371440767181e+03
9.819605345609635378e+02
1.005134727488041108e+03
9.996952626247210674e+02
9.782403641318585414e+02
9.877047883826032830e+02
9.950625370062324464e+02
9.922717863139531573e+02
9.928269087404156608e+02
9.847854267553975660e+02
9.894334422091152419e+02
9.919715829848122439e+02
9.899332445981093542e+02
9.909052016185585217e+02
9.838008422734080796e+02
1.014724915829936549e+03
9.811715145832552025e+02
9.873462688201896071e+02
1.007224955427399436e+03
1.005039944822984580e+03
1.002746149773888646e+03
1.004727813739567864e+03
9.928937475688178438e+02
9.984004942843378103e+02
9.806432118875997048e+02
9.975799120578288921e+02
1.005971808117310957e+03
9.982419245790352988e+02
9.837596494203328348e+02
9.967012023756883536e+02
9.946953377091826951e+02
1.012128247155605891e+03
9.991534070360157784e+02
1.004958264957413803e+03
9.959987674719724282e+02
9.927726687699419017e+02
9.871008017153371839e+02
9.899465404857982094e+02
1.005793604900418472e+03
9.944342911793050916e+02
9.996401301373078923e+02
1.021994899157602390e+03
9.883418317983027919e+02
1.008457370868314683e+03
1.001003585480410152e+03
9.995061990132904839e+02
1.018429367038057194e+03
9.880096436952229624e+02
1.010623388115725788e+03
1.008738487792723845e+03
1.005658818334789089e+03
9.839675130002632386e+02
1.003458941081918283e+03
9.907351258725009302e+02
9.932443724585481277e+02
1.000182248144106438e+03
1.009982392878509131e+03
1.010082372576619605e+03
1.014014322296150795e+03
1.002955935456304701e+03
1.014254689503852660e+03
9.885493100322837563e+02
1.020321831946224279e+03
1.013357424968750479e+03
1.009793717299048694e+03
1.009097447260260424e+03
1.001444723222298649e+03
1.010185306437710324e+03
1.002017021786111172e+03
1.003234366657921328e+03
1.013171956046251921e+03
1.008057066520465355e+03
1.000150351585932640e+03
1.011935838550244966e+03
9.973964402835331384e+02
1.003987370211075927e+03
1.016395386678951354e+03
1.010106125607873537e+03
1.023611440237559918e+03
1.012080656133716616e+03
9.906940187510778060e+02
1.018264610671178048e+03
1.007117506823588201e+03
1.003224369153321391e+03
9.949880194610880153e+02
1.005552639180563119e+03
1.020927170900767464e+03
9.879301484886046865e+02
9.997429940940102142e+02
1.005303621228676207e+03
1.010560128873994245e+03
1.021122634209557418e+03
1.005962905510954215e+03
1.015450667566490324e+03
1.026846033180594077e+03
9.953394815640260731e+02
1.013360314112616607e+03
1.018516076011158134e+03
1.020585949494922488e+03
1.014276058342055990e+03
1.010125012780750012e+03
1.009334641360932892e+03
1.019924107584466924e+03
1.021762995830076648e+03
1.021853137454593480e+03
1.006611867853348485e+03
1.027427292922679499e+03
9.965524665895383123e+02
1.006824867450315878e+03
1.013113882487374326e+03
1.008444108680956901e+03
1.025271587429414240e+03
1.025052980265208362e+03
1.006609384161621620e+03
1.007156854549482091e+03
1.021655996313860555e+03
1.009185231393687445e+03
1.020785888462115622e+03
1.023074673618666566e+03
1.015217789679268890e+03
1.022003726308384557e+03
1.023757891921701457e+03
1.026073200783762786e+03
1.014581239477427062e+03
1.011453741181358282e+03
1.011682599779274369e+03
1.027067164189271807e+03
1.026922645404720470e+03
1.018251614503555174e+03
1.006285943926741083e+03
1.017959853185114639e+03
1.014856698482173101e+03
1.012546674583110189e+03
1.023814048046232188e+03
1.019224129469632885e+03
1.032260089874870346e+03
1.033019660399607346e+03
1.026020216313303536e+03
1.039997241511259062e+03
1.028956474227298486e+03
1.034652695243681819e+03
1.007768188415848954e+03
1.015657102518413694e+03
1.029252559023586628e+03
1.015885198570330658e+03
1.028333099349854365e+03
1.020211631753529559e+03
1.038111367823251157e+03
1.024819332469734491e+03
1.023516424521006229e+03
1.020847302698922817e+03
1.035072041333823108e+03
1.018683296586340589e+03
1.023496687189727481e+03
1.015378331275819846e+03
1.024472862209396453e+03
1.024601342943431973e+03
1.041531743744646747e+03
1.033263989679345059e+03
1.015681837883463231e+03
1.021396237206582896e+03
1.022745732565035382e+03
1.016115691151797364e+03
1.030467145388712197e+03
1.026985339185535167e+03
1.019357563031342920e+03
1.020569718294880659e+03
1.030232036496521687e+03
1.021549773678976749e+03
1.014761105786348821e+03
1.016964018587721398e+03
1.044041834643058337e+03
1.030539089405745699e+03
1.024338871666982186e+03
1.020443674469963639e+03
1.024617163385711137e+03
1.039211491006468123e+03
1.012860133535082582e+03
1.022294574204209994e+03
1.027292633068995656e+03
1.039859968657872741e+03
1.035635089412889556e+03
1.041882652101723579e+03
1.027552558319717036e+03
1.034688992945277505e+03
1.035379456470656123e+03
1.030658427161253030e+03
1.049390516590591005e+03
1.041356187100323041e+03
1.039692100377473025e+03
1.039523354723539114e+03
1.029431793857700313e+03
1.029373295381453772e+03
1.032218143240057543e+03
1.036150503188651101e+03
1.036454026973451164e+03
1.044041763082426769e+03
1.023461448461039936e+03
1.044100674045525693e+03
1.032843833509355591e+03
1.033564671839847279e+03
1.021805635398752429e+03
1.051506279805086706e+03
1.029000198451027700e+03
1.042373076191838891e+03
1.035105350143999431e+03
1.033675281456893572e+03
1.024417486106850447e+03
1.021839855258703892e+03
1.036264579336953602e+03
1.039094883270545324e+03
1.038831593634998853e+03
1.029725025992495375e+03
1.043872475346344117e+03
1.040788037740106120e+03
1.035738050150252320e+03
1.035455234521650709e+03
1.053469346920379166e+03
1.035594986869256672e+03
1.059380983712045918e+03
1.035900337027334899e+03
1.043083761065365479e+03
1.029072346630711081e+03
1.037360677982962898e+03
1.041241882318043281e+03
1.039365590623428943e+03
1.035517251609006280e+03
1.042961104246042396e+03
1.048211702024296983e+03
1.034679586928520393e+03
1.051487020368676667e+03
1.031384258714576617e+03
1.041827637090608278e+03
1.055486261440672934e+03
1.021202556034926488e+03
1.046512457116471523e+03
1.032331647094807295e+03
1.051157959231219365e+03
1.040248379852162316e+03
1.047619543865584319e+03
1.040516941739153026e+03
1.028908622565927544e+03
1.058726859584688782e+03
1.051196028398588851e+03
1.043073576959283173e+03
1.064648831675108113e+03
1.042060311919727155e+03
1.048165377367597330e+03
1.047118271239494788e+03
1.040203042881199963e+03
1.050050305207381143e+03
1.046472383297113765e+03
1.049660737957841093e+03
1.043321306205446717e+03
1.049473037188453873e+03
1.053754381152502447e+03
1.062172309748801354e+03
1.059013135297149120e+03
1.057475644390820435e+03
1.055958833116375217e+03
1.045927880483158106e+03
1.056354821595272597e+03
1.049748696252024502e+03
1.057712160925761282e+03
1.047729193943552673e+03
1.057071562015550398e+03
1.064297296277205533e+03
1.036520090587055392e+03
1.047310547473557563e+03
1.051041607388596049e+03
1.051640505424219327e+03
1.054534320740970543e+03
1.050553864122855202e+03
1.046270736505253808e+03
1.061567215239795132e+03
1.059632800423177514e+03
1.055394687872360237e+03
1.053974253075884008e+03
1.049648098255544483e+03
1.055125681860291024e+03
1.055964094217365073e+03
1.048780026732838905e+03
1.050559303749181026e+03
1.055511663454333075e+03
1.041035837526241721e+03
1.062699009917628473e+03
1.054187404584758951e+03
1.055939787180295070e+03
1.042141216656177221e+03
1.066843261473370376e+03
1.053927629961961884e+03
1.062857081527541368e+03
1.047477145514991889e+03
1.056422646991863303e+03
1.077886294908713126e+03
1.052981145283818250e+03
1.063865415099736538e+03
1.049174653043794024e+03
1.066898524482660605e+03
1.063303128922482983e+03
1.055865901839105391e+03
1.053816331893088318e+03
1.051642490498422831e+03
1.068045065517567991e+03
1.071586917917109986e+03
1.060817225948072519e+03
1.064422227010351207e+03
1.049839111675712502e+03
1.052878692755125030e+03
1.070025161410312649e+03
1.055012681534701187e+03
1.054351949173246567e+03
1.061196775457844979e+03
1.051474406280690118e+03
1.052332158014985907e+03
1.065196331685639052e+03
1.087520385564166190e+03
1.063872298145278592e+03
1.052965872757652278e+03
1.056664520098750472e+03
1.060571848716676186e+03
1.080501587906717532e+03
1.061808225641231274e+03
1.059556781385575505e+03
1.065106089634267619e+03
1.057738795738959880e+03
1.062847590941820499e+03
1.077496624552113417e+03
1.058441656857256930e+03
1.058220195898122483e+03
1.047767155748084178e+03
1.077669775205518363e+03
1.070138750359031519e+03
1.085153252227997655e+03
1.059491612728719929e+03
1.071063871446938492e+03
1.081592725393294359e+03
1.073899765485443140e+03
1.087484336370248229e+03
1.072343899277994524e+03
1.074946911254309725e+03
1.069921981588888684e+03
1.076504722150727957e+03
1.058505987814874970e+03
1.056095607428751691e+03
1.083607485870796609e+03
1.079610238203135395e+03
1.058585121716582307e+03
1.066650563324639506e+03
1.084679807843458093e+03
1.084773732161241469e+03
1.078729631534772125e+03
1.075306954516012638e+03
1.082222255133907083e+03
1.065954696902847900e+03
1.073504986440886569e+03
1.054280202176601961e+03
1.093225616432554489e+03
1.084068471989210366e+03
1.069509153335975725e+03
1.070389271191938860e+03
1.069775045493918924e+03
1.076839122895818264e+03
1.071165512662858873e+03
1.072659990037713442e+03
1.076978200960999857e+03
1.084107726358180116e+03
1.071575957065203738e+03
1.078283819668126625e+03
1.060164995664591061e+03
1.078962822490259441e+03
1.088506006875379853e+03
1.059902712891360125e+03
1.079192943553988016e+03
1.088655158237927708e+03
1.080155490923894604e+03
1.084230902598793591e+03
1.083559964131212382e+03
1.070537612941380075e+03
1.074319257352822660e+03
1.071113974258424605e+03
1.093022856731492993e+03
1.079236021366061095e+03
1.083505654625181705e+03
1.072182234172401195e+03
1.105721715186852634e+03
1.078596812897116251e+03
1.077130543865284380e+03
1.090255390705374339e+03
1.085341090514652251e+03
1.081520897959611602e+03
1.102086379468943733e+03
1.076796808588338763e+03
1.085553317132388202e+03
1.081596114985148915e+03
1.093897253942554698e+03
1.095124686181143716e+03
1.078943603698743573e+03
1.097576750051326371e+03
1.083122904260231735e+03
1.081072492372788020e+03
1.078356196502894818e+03
1.078305907029555783e+03
1.085227682532979088e+03
1.084202565425867760e+03
1.096823018319694711e+03
1.093612028074819136e+03
1.085692220844810208e+03
1.086482423831716005e+03
1.098297862833884665e+03
1.097037205035559964e+03
1.092096161468833543e+03
1.078097407813176687e+03
1.097778398527801983e+03
1.086278164787916467e+03
1.092980591484949173e+03
1.084994122036760245e+03
1.083436454798251361e+03
1.094240117782798507e+03
1.087617311624746208e+03
1.092236116871608601e+03
1.102441935878470304e+03
1.099639469814864697e+03
1.089492345628829298e+03
1.098105243324100229e+03
1.110167543081618533e+03
1.098554265498225732e+03
1.105024959592991763e+03
1.081781049663948124e+03
1.085779037800951528e+03
1.080500179374364052e+03
1.103372859725214767e+03
1.096296446421109522e+03
1.090976714395511863e+03
1.085050904086323044e+03
1.092343389343483523e+03
1.094427726594882415e+03
1.096898737290354120e+03
1.103142274178179150e+03
1.084546320639790110e+03
1.085588980485535330e+03
1.104535616584201989e+03
1.108595879169224190e+03
1.097578745930233254e+03
1.087213021885802846e+03
1.103619169277637866e+03
1.093820739588636798e+03
1.104512729532154026e+03
1.098199584712189107e+03
1.107953335416296795e+03
1.099013392255672443e+03
1.109217502000803734e+03
1.103307607394988281e+03
1.109983740456701980e+03
1.097375236987101289e+03
1.095086149187669207e+03
1.113381203957356320e+03
1.098230366844575428e+03
1.101289758147994689e+03
1.100209876109194965e+03
1.107570948384171288e+03
1.102022638963095460e+03
1.089112647514305991e+03
1.105268671640630828e+03
1.101975128301472523e+03
1.105876146712485706e+03
1.109751245604888254e+03
1.099443770911283082e+03
1.110173916540912387e+03
1.106945323908108776e+03
1.102156487133255041e+03
1.093074630373634136e+03
1.110077655840957959e+03
1.090166044348464084e+03
1.107691871682616238e+03
1.125254854178970845e+03
1.106078827744286173e+03
1.109661518043041497e+03
1.101724458623895998e+03
1.108264836694231690e+03
1.111095479140779162e+03
1.111374026141992772e+03
1.104023754702305268e+03
1.114779180598741732e+03
1.111383658713434443e+03
1.132161081680676261e+03
1.110313189072941441e+03
1.108874960164007689e+03
1.111128310917694762e+03
1.103157205953356879e+03
1.128959587003902698e+03
1.110082310044896985e+03
1.114514684424108964e+03
1.117597960689704223e+03
1.132570444737480102e+03
1.114719831829778968e+03
1.113047763247667262e+03
1.125195650090057143e+03
1.107688089930847127e+03
1.122817922551789934e+03
1.098671808981428740e+03
1.118165899119505184e+03
1.111095386602711415e+03
1.118864369820983711e+03
1.099037695611105391e+03
1.108485031127748925e+03
1.098431506453126985e+03
1.122319385866037919e+03
1.114857295396310747e+03
1.122761342950564313e+03
1.142661712799317911e+03
1.116608909914692958e+03
1.105325467041270485e+03
1.121361738697076817e+03
1.113247731792431523e+03
1.121171535280391026e+03
1.117918613628805588e+03
1.111313033896310344e+03
1.099808398125936719e+03
1.119523244101604178e+03
1.122081796381929507e+03
1.133863767024106437e+03
1.111743338136117245e+03
1.120980842945272798e+03
1.119424851753598205e+03
1.119964359059862090e+03
1.128968340553800317e+03
1.121996763705600642e+03
1.107819604392616839e+03
1.134401390610490353e+03
1.124414759265575640e+03
1.118119669687805981e+03
1.125093431804191141e+03
1.129959000279191969e+03
1.124374350901361822e+03
1.120683344944595319e+03
1.116861707386306989e+03
1.123027193240621955e+03
1.137770730455368266e+03
1.118431462908312369e+03
1.125913815484909946e+03
1.129008215710906143e+03
1.113313682342559787e+03
1.123355444392029540e+03
1.127573032543895806e+03
1.135646637743441715e+03
1.131173561958415121e+03
1.144132271555322177e+03
1.140856222392426162e+03
1.134455984319210074e+03
1.126446533150507094e+03
1.138184674040718619e+03
1.136648986001358026e+03
1.146234061898959226e+03
1.139674525780126032e+03
1.137181763262734876e+03
1.128087374654759969e+03
1.120602704776749079e+03
1.127738569684754566e+03
1.129322712624631322e+03
1.136388790749655755e+03
1.137343653206233739e+03
1.112082596401786986e+03
1.139293623303884942e+03
1.132933372743632845e+03
1.150370703624303587e+03
1.135952669322913835e+03
1.141513304690422501e+03
1.122467244511248737e+03
1.138835172425130850e+03
1.133113344576433065e+03
1.130555150232443339e+03
1.125017014526622461e+03
1.130295247905163023e+03
1.140613085962156902e+03
1.118344891295661000e+03
1.154676814353873851e+03
1.136014797380133132e+03
1.132139978892369982e+03
1.145159234399154457e+03
1.137796930728711914e+03
1.130326386147255107e+03
1.131127902477834368e+03
1.149625984517373809e+03
1.147132286442962140e+03
1.141827790646645326e+03
1.146569586713442959e+03
1.138948196664214265e+03
1.142006645514621368e+03
1.132384186404732873e+03
1.138872489298749315e+03
1.138343601790186540e+03
1.133074612262571691e+03
1.140861923991075855e+03
1.138565229243764406e+03
1.130244529262025935e+03
1.141468688490087288e+03
1.139049356976067656e+03
1.145915869509568211e+03
1.158264243233347997e+03
1.143983817992213744e+03
1.142618052315397563e+03
1.128005249947999118e+03
1.148920406327196815e+03
1.141950418333563903e+03
1.149434805913372884e+03
1.147383697383242406e+03
1.139579854258884325e+03
1.156578279292534489e+03
1.168939115505616655e+03
1.156780721822454780e+03
1.153564759500992068e+03
1.147560449652829448e+03
1.142375436741795284e+03
1.148798268634696115e+03
1.142095317778418803e+03
1.137956353526758903e+03
1.145731289743562229e+03
1.145838208428415783e+03
1.146143164003336096e+03
1.163862182664374359e+03
1.168439014823009074e+03
1.140128481018633693e+03
1.153536100071022020e+03
1.152116426368897010e+03
1.142586678405960356e+03
1.146621472996375587e+03
1.153778408193614496e+03
1.153235326246744535e+03
1.164563901180377570e+03
1.151697737708616614e+03
1.155517436609034348e+03
1.152272575018363113e+03
1.161161081984019120e+03
1.147811203104436572e+03
1.148848072592982817e+03
1.172263537147962097e+03
1.155887717375911052e+03
1.160976332036178974e+03
1.156373466714803953e+03
1.161793672222547912e+03
1.158284400692879444e+03
1.155080823337315678e+03
1.150511115913516733e+03
1.155193537561574203e+03
1.148439864443342458e+03
1.153650686327539233e+03
1.167956002268940210e+03
1.168135981652748796e+03
1.161503354857678460e+03
1.152866250131177367e+03
1.164165464821824798e+03
1.166676696264502198e+03
1.173216453016081914e+03
1.161739921229632273e+03
1.162007369062232101e+03
1.159447906790342131e+03
1.155440461521768611e+03
1.170796152452204524e+03
1.167327838262825480e+03
1.157545672733201400e+03
1.161086041242599322e+03
1.162300731505144995e+03
1.152031956675537458e+03
1.174762916319808937e+03
1.160106782898140409e+03
1.163461762170136808e+03
1.167918135422407204e+03
1.156080781412248371e+03
1.186291719357626789e+03
1.171442677995622262e+03
1.170489255955881390e+03
1.159715218780729174e+03
1.174990736883434465e+03
1.163177792348007870e+03
1.164873620751661520e+03
1.164011333356967498e+03
1.176263372541031231e+03
1.165907339053257601e+03
1.173769907837242044e+03
1.170953370429215965e+03
1.174521427855830552e+03
1.172545461590865216e+03
1.171747908477388364e+03
1.153556912662056675e+03
1.184054336643187980e+03
1.150194005579556688e+03
1.169620633933177942e+03
1.180632021503098485e+03
1.175709706402733673e+03
1.173953713319179315e+03
1.154111414600752369e+03
1.175838568303570582e+03
1.173391250761823358e+03
1.174154975311156704e+03
1.165729110436865540e+03
1.177587706304110043e+03
1.189255339294502392e+03
1.191895950940029707e+03
1.163581798012226500e+03
1.175034281970854863e+03
1.176414058128567603e+03
1.176181981229926350e+03
1.182935032156804709e+03
1.185504613379971943e+03
1.169526069043394727e+03
1.165989158956250776e+03
1.171692157131466729e+03
1.191557951183130854e+03
1.200548811454772704e+03
1.181049290837568606e+03
1.191833028414970158e+03
1.194298288189863797e+03
1.186301473985813345e+03
1.187753967880160189e+03
1.164616118237763658e+03
1.188012500190795208e+03
1.201054992800026866e+03
1.180373684409326643e+03
1.185362467470273259e+03
1.186501476453505120e+03
1.195127332613370754e+03
1.185047628341632844e+03
1.191005632278651319e+03
1.184611697848327822e+03
1.198613695774374946e+03
1.179025132651666809e+03
1.189983146124776340e+03
1.186320107885818288e+03
1.193760791039123887e+03
1.193599128867710988e+03
1.199047052002165856e+03
1.196107645748961886e+03
1.183571915677746574e+03
1.180896661923784677e+03
1.184920290247605408e+03
1.203078295236785380e+03
1.186785991590024878e+03
1.204143250910458164e+03
1.205460967981288150e+03
1.183131113947382119e+03
1.181067611335221272e+03
1.189891931415778799e+03
1.195308415041582066e+03
1.186757223167275470e+03
1.195304436382343738e+03
1.198349452424387209e+03
1.200348023896588529e+03
1.187595050731667698e+03
1.188505034055750912e+03
1.195091706294681899e+03
1.204618134038569224e+03
1.200386103625765372e+03
1.193414957313491641e+03
1.198414863548021458e+03
1.173252054094168898e+03
1.204746676198584510e+03
1.201042047079083432e+03
1.190732652521579894e+03
1.202701189724235519e+03
1.198056833343427343e+03
1.195017943555900729e+03
1.187039443648878205e+03
1.215640557515184355e+03
1.187061196116012979e+03
1.197862372345100084e+03
1.192469267150479482e+03
1.187307416954964538e+03
1.211560852409998688e+03
1.189126226689583746e+03
1.190964688235285848e+03
1.199847255899708216e+03
1.200149391478350026e+03
1.208426591783045296e+03
1.203206212255461423e+03
1.202726257846050657e+03
1.203436593262764973e+03
1.212565088828393755e+03
1.200044147030243266e+03
1.188661685083772227e+03
1.205304957718238938e+03
1.202224838943641998e+03
1.208094483788484013e+03
1.202770791006395484e+03
1.200329858648809250e+03
1.201120969643710168e+03
1.203761682720534509e+03
1.206966341380933500e+03
1.211272277621726971e+03
1.218235737875727864e+03
1.205778152957658222e+03
1.208902260599544661e+03
1.212707842302042991e+03
1.218776581684814118e+03
1.209896253429128819e+03
1.205308771070550165e+03
1.213523917561718463e+03
1.192768811641646607e+03
1.196255498854224015e+03
1.216198647486393838e+03
1.204651351413890552e+03
1.218776509871619737e+03
1.212351402841865365e+03
1.224112955579838854e+03
1.201524070180807939e+03
1.212491070256139892e+03
1.207295512897111166e+03
1.234999044676065296e+03
1.218739375282335686e+03
1.216205937233883105e+03
1.219010769620369501e+03
1.218486198194685358e+03
1.204228759324996190e+03
1.211908694309783641e+03
1.215681115605333844e+03
1.225908744508897144e+03
1.213459347977189509e+03
1.233468722945133322e+03
1.216728917870957957e+03
1.229464766699757320e+03
1.215907863309897266e+03
1.215096047056830230e+03
1.209918211826343622e+03
1.218593692653529160e+03
1.200383925321340485e+03
1.229566272712059117e+03
1.216129479605495590e+03
1.229340020037270506e+03
1.208653888773553717e+03
1.223603546578139003e+03
1.238706472033523823e+03
1.218975634678565029e+03
1.224282322355999895e+03
1.215577636848423253e+03
1.219266846984969334e+03
1.236837320874670240e+03
1.211504816337552711e+03
1.242026986621720425e+03
1.225696205851448667e+03
1.210505576123395031e+03
1.234756545025831656e+03
1.225440184796860649e+03
1.230906385256759222e+03
1.239093025466720064e+03
1.220022798484796112e+03
1.221017513655449193e+03
1.232632873980970089e+03
1.226709530554001049e+03
1.222167762041430933e+03
1.226670216866330065e+03
1.233823881808020133e+03
1.232616181761824464e+03
1.243671484329197483e+03
1.233392689639488708e+03
1.234021655898961853e+03
1.226831143265155788e+03
1.243220465149109941e+03
1.231912318236250712e+03
1.227278129780763265e+03
1.239206091318609651e+03
1.250741355210933307e+03
1.233040803284422736e+03
1.244514854927251463e+03
1.233442470742453906e+03
1.240496518020293024e+03
1.237768511380184691e+03
1.230027095200658778e+03
1.249424276022860113e+03
1.229610920585821987e+03
1.242650238941741691e+03
1.236087884523477669e+03
1.230288657543773752e+03
1.233480593714738006e+03
1.236701730129072303e+03
1.233715257037941001e+03
1.247772459992184622e+03
1.240026706207386496e+03
1.241725633132306939e+03
1.242576083219567636e+03
1.234449729609413453e+03
1.250024044014569881e+03
1.234920766752220288e+03
1.246418391917867439e+03
1.250937912305777672e+03
1.249293333967097396e+03
1.224593682058485228e+03
1.246534289012201953e+03
1.234036875009970345e+03
1.254513501671665836e+03
1.227744347041072615e+03
1.253224653097989176e+03
1.239406269382089931e+03
1.261576590911705580e+03
1.232425414221198253e+03
1.240560713051279890e+03
1.238665234155171902e+03
1.237428170755166775e+03
1.255769419797820774e+03
1.241410800432268161e+03
1.241187819712792134e+03
1.248311464361966046e+03
1.243626568697174207e+03
1.253974421261652424e+03
1.248769864441692789e+03
1.260273384800808572e+03
1.242684094810515717e+03
1.244566600567023215e+03
1.246630025097545285e+03
1.247816965632742722e+03
1.254959400589723145e+03
1.256254519256619005e+03
1.241305310402684199e+03
1.256776965635197939e+03
1.264805885616713113e+03
1.232035489981854425e+03
1.253453739446850477e+03
1.251869949322264802e+03
1.253887672729800215e+03
1.252090999365624157e+03
1.257854394868069448e+03
1.246206264170723671e+03
1.254685562393451391e+03
1.264779163530449523e+03
1.275661295539942103e+03
1.254489751515388207e+03
1.263382712818280197e+03
1.255214474540408901e+03
1.278564726990026429e+03
1.262565576874519820e+03
1.260653187514921456e+03
1.272598643467358897e+03
1.275186865455714951e+03
1.255770405473569326e+03
1.269786752383905423e+03
1.269705808007148107e+03
1.250585933378659547e+03
1.266964166094835946e+03
1.270036106431807184e+03
1.265526447078783349e+03
1.257610923771261469e+03
1.256008850414459630e+03
1.257156994909458263e+03
1.272456317099854232e+03
1.270468860956192202e+03
1.262642949479738263e+03
1.275617736619689140e+03
1.284277760135552398e+03
1.266944336495953848e+03
1.275500139307638619e+03
1.273722446045211655e+03
1.249056480478993535e+03
1.268890761470880761e+03
1.262736135311451335e+03
1.260999786722409453e+03
1.266186971792551958e+03
1.271520165979989542e+03
1.268979883029255689e+03
1.274310356216721175e+03
1.274317111374167780e+03
1.280865924907909402e+03
1.286413730889855742e+03
1.279018122612831803e+03
1.271611510200008524e+03
1.275988675499445662e+03
1.263639250189384484e+03
1.282680070674339959e+03
1.288132516095511846e+03
1.284705723263728714e+03
1.285769810397437595e+03
1.270701862935996814e+03
1.256702774006895879e+03
1.285165951795120918e+03
1.270785811378106473e+03
1.288354404918347655e+03
1.271294051389836568e+03
1.284512764215658081e+03
1.281584323286852396e+03
1.277974760771789533e+03
1.289278444951774418e+03
1.288605611222732250e+03
1.282404521054855195e+03
1.276979618679552686e+03
1.267854535672232714e+03
1.283318693082434038e+03
1.269179481771627479e+03
1.293446715280859053e+03
1.285194527281499859e+03
1.300866440054129498e+03
1.284800986220715686e+03
1.293860330644342866e+03
1.281033723662545071e+03
1.278064438778571684e+03
1.290888115152017463e+03
1.290203643110560733e+03
1.277290717313426057e+03
1.302303350125946963e+03
1.289593386865066122e+03
1.293887010273523856e+03
1.276590090096175118e+03
1.279567514515027369e+03
1.305434857691379420e+03
1.289861235585507302e+03
1.281890958198903263e+03
1.285040618128642564e+03
1.299457670213914753e+03
1.299913261012587554e+03
1.284156385343641205e+03
1.306232261063413489e+03
1.292744089315244310e+03
1.290386696010666583e+03
1.297287249550301567e+03
1.289912247851849315e+03
1.305308420055866463e+03
1.294476078324203172e+03
1.295065223954976091e+03
1.280973127726505027e+03
1.291848701301855499e+03
1.294365279402542683e+03
1.313681772567976168e+03
1.301908863208347384e+03
1.285482729198859033e+03
1.294906219589126295e+03
1.303871651647010140e+03
1.306805849675313084e+03
1.295460580946459913e+03
1.289917503594552500e+03
1.281145720858804907e+03
1.310683548426483412e+03
1.305351197636752204e+03
1.314229681276950259e+03
1.321325576816981538e+03
1.308488869586939927e+03
1.300162441556205295e+03
1.300423115619609462e+03
1.307239327379382303e+03
1.310359773155210632e+03
1.313891863029346723e+03
1.295035643672881179e+03
1.302421477819979145e+03
1.305383330288707839e+03
1.291705818575396279e+03
1.308403810887819191e+03
1.312210782334178930e+03
1.319042294377701865e+03
1.303547142598616801e+03
1.305765749342834397e+03
1.308688236419201758e+03
1.305594109769703437e+03
1.307489867162389146e+03
1.302733456349701555e+03
1.306930614994762436e+03
1.316782901593675433e+03
1.312469747892116175e+03
1.312017570544785713e+03
1.306498352828368070e+03
1.301150851351429992e+03
1.317940579003306539e+03
1.296645454304156829e+03
1.304332756867868284e+03
1.312864839499922937e+03
1.314553475662962683e+03
1.302999272210761319e+03
1.306549798872600149e+03
1.329851176403445152e+03
1.311924460883241409e+03
1.309332112945726749e+03
1.337104758049215889e+03
1.314194575312194274e+03
1.317411965834115108e+03
1.336531349630990917e+03
1.330607583092124514e+03
1.316636554790365381e+03
1.321353200693961753e+03
1.319083603623144882e+03
1.327932586071217884e+03
1.316180854614118061e+03
1.318223180316512753e+03
1.326719992224754833e+03
1.328897668040610370e+03
1.330419405619054260e+03
1.323011867431966039e+03
1.330552018777802004e+03
1.324926199962424107e+03
1.343216867274523338e+03
1.335763850325682824e+03
1.338325320335534798e+03
1.320355973508471379e+03
1.326614183012468857e+03
1.336805719132400554e+03
1.337405912566907091e+03
1.312812173856183790e+03
1.346777746236404937e+03
1.348298251037153022e+03
1.332141977042851522e+03
1.336543639570017149e+03
1.327083499771944844e+03
1.333862027785542750e+03
1.337409593250294847e+03
1.334002297709960885e+03
1.327021937119847735e+03
1.324572486052099293e+03
1.332066516936448124e+03
1.339938209947066525e+03
1.343996261264257328e+03
1.343061846122987617e+03
1.359421255691609304e+03
1.345918728471740678e+03
1.341221854724760988e+03
1.333512790116337101e+03
1.330540209742439629e+03
1.335407834547170978e+03
1.362567131730591882e+03
1.344381488864680250e+03
1.352214237350612166e+03
1.350682223473392014e+03
1.341982294418612128e+03
1.340703557089435890e+03
1.367148890635792895e+03
1.356386157142408592e+03
1.330866763708676899e+03
1.369155453467675443e+03
1.338177606520123845e+03
1.339786080695828559e+03
1.355933342073172525e+03
1.348876196108437625e+03
1.363278004922028231e+03
1.337694056328924262e+03
1.356323920728290204e+03
1.359051985521809456e+03
1.358053876813233501e+03
1.362930694757268384e+03
1.333898887442265504e+03
1.340528226111825234e+03
1.348462911367580546e+03
1.351451334823398611e+03
1.355668329975383131e+03
1.347266013771489497e+03
1.362539177032499538e+03
1.340730098398552173e+03
1.364870444865239733e+03
1.349613746814144633e+03
1.369984532428279863e+03
1.350539565794505734e+03
1.353096692551514934e+03
1.350758463829006132e+03
1.356887508427766988e+03
1.349727128190537996e+03
1.335254806361635019e+03
1.355788974351592742e+03
1.369152687588414892e+03
1.350204091312870332e+03
1.368297041042439787e+03
1.368055502565809320e+03
1.356170039144584734e+03
1.352024833393063091e+03
1.373124145331258887e+03
1.362791274692446905e+03
1.372221318717054828e+03
1.378079569619202630e+03
1.379180245597258818e+03
1.355761837499603871e+03
1.368026090347824493e+03
1.359313754522549289e+03
1.375346518754402041e+03
1.363924610445295230e+03
1.371829477260283284e+03
1.346826084864977474e+03
1.374744773141031146e+03
1.376470258844403816e+03
1.379581037686648642e+03
1.359890812953952945e+03
1.375401339350506305e+03
1.365005832083770656e+03
1.386780970754437249e+03
1.358511497811306299e+03
1.381832717454910153e+03
1.363065887389510408e+03
1.368831800659375631e+03
1.372359203826580369e+03
1.374965806748727346e+03
1.377837961502536473e+03
1.371345679336712465e+03
1.373200806852440337e+03
1.374378781209407180e+03
1.382798642817614109e+03
1.384575925769157266e+03
1.379936387791871084e+03
1.385127715181514304e+03
1.377042583671062630e+03
1.373990017670532325e+03
1.377066112180708842e+03
1.386634876250056095e+03
1.365403034519387575e+03
1.378264669012795366e+03
1.376632474243442175e+03
1.384139504996138612e+03
1.381017361131941016e+03
1.376546759181216885e+03
1.375626023934085651e+03
1.392730831768729331e+03
1.390087349258941686e+03
1.385839626220020818e+03
1.392754477808570755e+03
1.386645543492102888e+03
1.398997990893264387e+03
1.390917770957078346e+03
1.394172689353980559e+03
1.378583037358446973e+03
1.382435599913440910e+03
1.391322550158044805e+03
1.402456290725515828e+03
1.392809203063714222e+03
1.388111185437334370e+03
1.406525409404013317e+03
1.396091012347241985e+03
1.393948853598914184e+03
1.402301418839885855e+03
1.399337959855123017e+03
1.405207644083240666e+03
1.393292679626434619e+03
1.401157861790645256e+03
1.410000970854342086e+03
1.419884354859534142e+03
1.409102056589731092e+03
1.388856446427563242e+03
1.388633504658502943e+03
1.416478355212896759e+03
1.403994722989492857e+03
1.410413170652729832e+03
1.395841655342649346e+03
1.406739127482124786e+03
1.403711658642843304e+03
1.416561235431877094e+03
1.397571197420118551e+03
1.404563263298839047e+03
1.398710372412644574e+03
1.395644506873394903e+03
1.412788195861197210e+03
1.391540722609635850e+03
1.414207147514164035e+03
1.394668824348105773e+03
1.409086515927262326e+03
1.424613832762989887e+03
1.404963476124134559e+03
1.402653210312624196e+03
1.406465358869073043e+03
1.399306884688592618e+03
1.412688755491649090e+03
1.410045655148632704e+03
1.413566698891726219e+03
1.409856345166510891e+03
1.404947027794307360e+03
1.417855209560618050e+03
1.414128712177352554e+03
1.414208559209296254e+03
1.416773231714327721e+03
1.425660437543758007e+03
1.411472078522518814e+03
1.408054745392625819e+03
1.409719138103015666e+03
1.419023724828774448e+03
1.419325496311113511e+03
1.419707744728192665e+03
1.419847286886327311e+03
1.417108552319655018e+03
1.427839156740450790e+03
1.428766568294024410e+03
1.406978753007386786e+03
1.421659764342758081e+03
1.424217792094078959e+03
1.428187978466465211e+03
1.431205767700674187e+03
1.425544073417249592e+03
1.420483218323355459e+03
1.420031633929106420e+03
1.430843155237842439e+03
1.428154161557795533e+03
1.431828361083267737e+03
1.432443333674363430e+03
1.419382469612133036e+03
1.419912734433306468e+03
1.435977473309299285e+03
1.423963883026996200e+03
1.430328607984499286e+03
1.427492171848150065e+03
1.451315566092245035e+03
1.440704114889387029e+03
1.421685723468427568e+03
1.431241014505387056e+03
1.437445935318521606e+03
1.437824711749780136e+03
1.435153268034522171e+03
1.433857810791649626e+03
1.456455057454739290e+03
1.456896464724895850e+03
1.429362075944489561e+03
1.427779395951846254e+03
1.454846059866773658e+03
1.445431038160464823e+03
1.443801000622850097e+03
1.426433262680853886e+03
1.438700376220164799e+03
1.443237596793412422e+03
1.437935413061667532e+03
1.429998022168894749e+03
1.430089040436543428e+03
1.442788797386889200e+03
1.440380663765122563e+03
1.446079779114866142e+03
1.453277136575119130e+03
1.449308575497412448e+03
1.440845649309480905e+03
1.434754851770709820e+03
1.448746105059224874e+03
1.420305171227323171e+03
1.454559479563802824e+03
1.442380002680022471e+03
1.430338181758374503e+03
1.467379033574265122e+03
1.446411347631536046e+03
1.451909594410110003e+03
1.469115023011990161e+03
1.441089321504015516e+03
1.451758624500431779e+03
1.463135498121766204e+03
1.456870962698677886e+03
1.463150667177578271e+03
1.469171428940016540e+03
1.464565468168323150e+03
1.471618225345337351e+03
1.452463846577733193e+03
1.466203630498654547e+03
1.450688535119960534e+03
1.460158416830283841e+03
1.450409094825782631e+03
1.466652084896980341e+03
1.462963022844385705e+03
1.461069989534689284e+03
1.456557090205945769e+03
1.456957038622474556e+03
1.456410360742268949e+03
1.470888566873351238e+03
1.471449383085686577e+03
1.467752092307371868e+03
1.462147637217108013e+03
1.469027664063019529e+03
1.470735860905276695e+03
1.471871266902432808e+03
1.461963152710381110e+03
1.472324987104981801e+03
1.478782098036531579e+03
1.462250687383290824e+03
1.464569798544088371e+03
1.482955211462331363e+03
1.463034868097509161e+03
1.475208302826873478e+03
1.487923145311774078e+03
1.467765837725202346e+03
1.472793481048519880e+03
1.463370630319033125e+03
1.469010800120150861e+03
1.475868835563778930e+03
1.490719760082994526e+03
1.471878567574653289e+03
1.470539815080947847e+03
1.480548047586581788e+03
1.469290865148157309e+03
1.478875157914703550e+03
1.483189306730977933e+03
1.472469156048882724e+03
1.483973332299877484e+03
1.497939578100505287e+03
1.472439660005226642e+03
1.488893522808016087e+03
1.486145503145736711e+03
1.487437440308021223e+03
1.490457922627846983e+03
1.490680165886304849e+03
1.481522490224842613e+03
1.482622748585647741e+03
1.496166954513036671e+03
1.497855977955922071e+03
1.494709049480131398e+03
1.500565358491874122e+03
1.491820646590413389e+03
1.495455207156573579e+03
1.483484422289103122e+03
1.481177660632239395e+03
1.503925944694160535e+03
1.480615103684213636e+03
1.499359518764040786e+03
1.507724763273213739e+03
1.481037742665553196e+03
1.483595389637209109e+03
1.502447696142732639e+03
1.498496633076497119e+03
1.505529715976989110e+03
1.500494223295102984e+03
1.510903251197837335e+03
1.504755072504703094e+03
1.498462776326600761e+03
1.497260938269690541e+03
1.493463949078083715e+03
1.495438634289328547e+03
1.506136938905274292e+03
1.517378676145734062e+03
1.509219469510862154e+03
1.493087178145323378e+03
1.490527245905988138e+03
1.496637854852741839e+03
1.493707501811023349e+03
1.503196602209914090e+03
1.510930275925786191e+03
1.521210006357543080e+03
1.519436867157057350e+03
1.508164070074581105e+03
1.514385810621871542e+03
1.517530325262626320e+03
1.514919676282567252e+03
1.512881282736417916e+03
1.519149719627694139e+03
1.510180679922494619e+03
1.515096231654475559e+03
1.519925553135446762e+03
1.521289630496519976e+03
1.517533805368707363e+03
1.520934556018121839e+03
1.499897057456426410e+03
1.525077244197289929e+03
1.522432960449807069e+03
1.501180263740125383e+03
1.511027702480869493e+03
1.521914086429232384e+03
1.531927411625424156e+03
1.518844354308253742e+03
1.518884890606867202e+03
1.514670263853702181e+03
1.523687194527850806e+03
1.522027862463940437e+03
1.526862458849402401e+03
1.537984581043919889e+03
1.521862289623442393e+03
1.523856010517824188e+03
1.518259898462739784e+03
1.510323689111055955e+03
1.527894781809614869e+03
1.517765998968843178e+03
1.530745624095335643e+03
1.538851584061380436e+03
1.528019366236120504e+03
1.539296250780356559e+03
1.532348216041031719e+03
1.541402662113257520e+03
1.545764688739656776e+03
1.521786665756457296e+03
1.539691122123609375e+03
1.534186734919684795e+03
1.543961778881318423e+03
1.556218367099241050e+03
1.525586739901887995e+03
1.537628165793170638e+03
1.542096641291494507e+03
1.547937476520894506e+03
1.537041830082032220e+03
1.546017250211334613e+03
1.546949617749440222e+03
1.551861558795144219e+03
1.545922337601492245e+03
1.522662484022443323e+03
1.537348171062011716e+03
1.538466981542585017e+03
1.554304845329884301e+03
1.555558002173730074e+03
1.548802053916539762e+03
1.536132982905601693e+03
1.553809532016004141e+03
1.556756005873995264e+03
1.557239795595756959e+03
1.553189434127896448e+03
1.545430356941074706e+03
1.543209031036308943e+03
1.546095507424602602e+03
1.567122786260090152e+03
1.565092962302121123e+03
1.564245356454588091e+03
1.561827463010308065e+03
1.553221503693853720e+03
1.565772184715529193e+03
1.564223475981183356e+03
1.573708175597724903e+03
1.554315446836604224e+03
1.560712713770768687e+03
1.566103845735986170e+03
1.565973058420503548e+03
1.565376670060959441e+03
1.566096829727599015e+03
1.554486939243349298e+03
1.548051340379857947e+03
1.556044247445786141e+03
1.567923369446227980e+03
1.570013680307927189e+03
1.577893944225639189e+03
1.570782252512422247e+03
1.588358005482691397e+03
1.564497754481758875e+03
1.569565267989586118e+03
1.563028971059122568e+03
1.595118936655439711e+03
1.561860249403152466e+03
1.557121979090526111e+03
1.558760378867684040e+03
1.574360654945177430e+03
1.575774004719413597e+03
1.582028039091818755e+03
1.577598307742724046e+03
1.577053300804118862e+03
1.578729396014148278e+03
1.575279046820181520e+03
1.579759692038848698e+03
1.583084090594830741e+03
1.581840511900451020e+03
1.580620721437036764e+03
1.588449551797740241e+03
1.601299003189384621e+03
1.585579837677583328e+03
1.574985942094241182e+03
1.577438209542185405e+03
1.592987975392521548e+03
1.588479197577431250e+03
1.583544948439374366e+03
1.591845354136767128e+03
1.587060193551680868e+03
1.579754575936812444e+03
1.584562720974069634e+03
1.585701127303090516e+03
1.593196977912278726e+03
1.591613926168123726e+03
1.586344720359556504e+03
1.599254047558743423e+03
1.596499159952653145e+03
1.594250457512722733e+03
1.567506447220592008e+03
1.600510524587494274e+03
1.596627470515558798e+03
1.586443009619549684e+03
1.592713895184150715e+03
1.591466837304275714e+03
1.579921092861840634e+03
1.599829766934912413e+03
1.600785899000297377e+03
1.612518661913305550e+03
1.599792988132260916e+03
1.596261122538696327e+03
1.609741396449898730e+03
1.603439526374125990e+03
1.594980998685305849e+03
1.602814999262853235e+03
1.603299342639322504e+03
1.611110783731163565e+03
1.610788112002539265e+03
1.614074450707378446e+03
1.617060791449829821e+03
1.624369272543645820e+03
1.614852595036732737e+03
1.609391514351649903e+03
1.608265603367319272e+03
1.619605027969293815e+03
1.605034115127918994e+03
1.623326806000810620e+03
1.618639814574862839e+03
1.608590201389594540e+03
1.622192395517565956e+03
1.607239479275642680e+03
1.634451625510193708e+03
1.638648699332437673e+03
1.620461899176049656e+03
1.622966826151458235e+03
1.627694480175514855e+03
1.615806207305603721e+03
1.636225597514328001e+03
1.613519428480434726e+03
1.631512693881650648e+03
1.638601817893302950e+03
1.628814895690640242e+03
1.628615596432000075e+03
1.633976083268034699e+03
1.635144921312454244e+03
1.626251578695124408e+03
1.632553809900324723e+03
1.635396374078326744e+03
1.630984796606259806e+03
1.621387003233411633e+03
1.614629809162506945e+03
1.643443499560887631e+03
1.619822901591220671e+03
1.636815430479696261e+03
1.640689332415529634e+03
1.649174774956911733e+03
1.627183620926615276e+03
1.641133543095885443e+03
1.633559669595961168e+03
1.659147670994409282e+03
1.637746521693197337e+03
1.639846763267300958e+03
1.636556323226042650e+03
1.643792374227946539e+03
1.646280933601311972e+03
1.650003120382326870e+03
1.644378547872339595e+03
1.635621650775396347e+03
1.647859359931494510e+03
1.630542768313748411e+03
1.643495666616105837e+03
1.654663794249925331e+03
1.657199226594024594e+03
1.644796229516208314e+03
1.650381394258617092e+03
1.652290149511047957e+03
1.653885714994712089e+03
1.656137997291288229e+03
1.647521704107273308e+03
1.659015200463479005e+03
1.645869238744438235e+03
1.666814990047295623e+03
1.678224694437655216e+03
1.667952194254524329e+03
1.654752605146777341e+03
1.663280352583635931e+03
1.660225409815208423e+03
1.670122069490100330e+03
1.663762697642015382e+03
1.671435737076836858e+03
1.651638051444948815e+03
1.659213780421153615e+03
1.671779001829417894e+03
1.671719803702972058e+03
1.665075912482431704e+03
1.677830147397783321e+03
1.673896165298571077e+03
1.679122362983663606e+03
1.662361602611123089e+03
1.658937903361112831e+03
1.665177720783410450e+03
1.688044590194978127e+03
1.687449172740827635e+03
1.677881585431467329e+03
1.679814974349342492e+03
1.677384585118577206e+03
1.672151307266615277e+03
1.694876270287797070e+03
1.678065663738017520e+03
1.669079771440608511e+03
1.685707392583778756e+03
1.673948460500551164e+03
1.690556346039220443e+03
1.673658977635432848e+03
1.686720550828527848e+03
1.689516322136831377e+03
1.700270450152037711e+03
1.686882960335880625e+03
1.689717772700672867e+03
1.694452173517858455e+03
1.687955498610789618e+03
1.700988508299158411e+03
1.687512947340988603e+03
1.700651782709391910e+03
1.710516581275075168e+03
1.693998366028870350e+03
1.697069629110610549e+03
1.697347524835793365e+03
1.692860213557206407e+03
1.690789642859599098e+03
1.691975155865787201e+03
1.694522789907070319e+03
1.701733005606764664e+03
1.721037328509183908e+03
1.710877571200782768e+03
1.717755745030681965e+03
1.705634176583285807e+03
1.704658785224043640e+03
1.705042359960317299e+03
1.712085161475805990e+03
1.719004552767850328e+03
1.700114771378536943e+03
1.709505212809337536e+03
1.715655068536948875e+03
1.727442980251848439e+03
1.710988553209609790e+03
1.721476305164240785e+03
1.710260779111622696e+03
1.718466993346750769e+03
1.724013199379907519e+03
1.711983723496220136e+03
1.710178423372060934e+03
1.713052045699114387e+03
1.711804354090216520e+03
1.729415392456194468e+03
1.720365562540115661e+03
1.719858160724551681e+03
1.724045378821703707e+03
1.733922246716024119e+03
1.746227124390840572e+03
1.728363993270134870e+03
1.731770001125812541e+03
1.724083824063246766e+03
1.729401190954893082e+03
1.745530050327682147e+03
1.721883993666353490e+03
1.740594812656547219e+03
1.736226238095141298e+03
1.717802291723342023e+03
1.730124983490548175e+03
1.720041802211183722e+03
1.726483972054578771e+03
1.740158568665128541e+03
1.728556219016290470e+03
1.734804023507138936e+03
1.727076328167645443e+03
1.727737022588321224e+03
1.743264932147558966e+03
1.744284783644543495e+03
1.739087581135662958e+03
1.741325718345771747e+03
1.744131312886295291e+03
1.730194887815324137e+03
1.720855386317291959e+03
1.756062987049740741e+03
1.759072486190210839e+03
1.746240716943337702e+03
1.747757382568147250e+03
1.738047582582180212e+03
1.762219805533732369e+03
1.756509400296160948e+03
1.753155383877711529e+03
1.747294217357538855e+03
1.740888189322135304e+03
1.765935404941432580e+03
1.749081690492380631e+03
1.755643022221414640e+03
1.769365551467941486e+03
1.759450414406867822e+03
1.775734130761772576e+03
1.760120531483659306e+03
1.754882035550874889e+03
1.766158281906616821e+03
1.752723205794965907e+03
1.745157112786373773e+03
1.763681594818108124e+03
1.754465281971231661e+03
1.765145710131627993e+03
1.766554681268585227e+03
1.777117567661784278e+03
1.782631240795424901e+03
1.781850203588590830e+03
1.767812955395510471e+03
1.789709781978960791e+03
1.766967185046459463e+03
1.764337303481381923e+03
1.771384640314988701e+03
1.775392054953337492e+03
1.768692559895886916e+03
1.771787149603509761e+03
1.779377960849366218e+03
1.778602709360128529e+03
1.765940174323481187e+03
1.781931738812338381e+03
1.780004726610357920e+03
1.781783172309888869e+03
1.774352950157836631e+03
1.790882128264235007e+03
1.782857992955586724e+03
1.786036698803387253e+03
1.779713168047312820e+03
1.786779314791303932e+03
1.785869363822233254e+03
1.806658822212415089e+03
1.796886519409604034e+03
1.796261386510652983e+03
1.797810420488400723e+03
1.793594854595047764e+03
1.804691627956307229e+03
1.792821122274581285e+03
1.796981699008301803e+03
1.784252672362678368e+03
1.806038942220998933e+03
1.803438469053735616e+03
1.792627360369197277e+03
1.812867243540383470e+03
1.805635910269907299e+03
1.796044035331331997e+03
1.804280662404043369e+03
1.792723826195232732e+03
1.802896558560534231e+03
1.808524407298118376e+03
1.799359715119660677e+03
1.818405908038214648e+03
1.819777876116262405e+03
1.809939762416389840e+03
1.802075694198731071e+03
1.806035634652442241e+03
1.809653738083735334e+03
1.815772883262980713e+03
1.819871064750206415e+03
1.807243400112154177e+03
1.810208489895424236e+03
1.819323436210019963e+03
1.826999037581938182e+03
1.810745113716022615e+03
1.825274365957315240e+03
1.830037768335761029e+03
1.822453873634974343e+03
1.817007383094287661e+03
1.819511468014554566e+03
1.814118566502060730e+03
1.830739578023088143e+03
1.823769595703463892e+03
1.816658921060407920e+03
1.839077032680447246e+03
1.847735815767474833e+03
1.818249925721307363e+03
1.825482677599125054e+03
1.828538406912801065e+03
1.829603518729562893e+03
1.843704720859002919e+03
1.828283311067782961e+03
1.837374357167008384e+03
1.844004079114944716e+03
1.833535647192818260e+03
1.855901260255202942e+03
1.845423897715928206e+03
1.831759499493344492e+03
1.849653884928693515e+03
1.850189612351284723e+03
1.842877161097950420e+03
1.846909556212188363e+03
1.847878295045125242e+03
1.845064022973006331e+03
1.837225223408313468e+03
1.847313606015678715e+03
1.860326162266604797e+03
1.841703081579717946e+03
1.842945343143154787e+03
1.853087166850279800e+03
1.855463899871856938e+03
1.872121952907670448e+03
1.858743488206873053e+03
1.854913046797266361e+03
1.861012646353070295e+03
1.863171656792628482e+03
1.868742258349968552e+03
1.848613613823838932e+03
1.867941784281692890e+03
1.878968588888842305e+03
1.872416305036962058e+03
1.879996930183764789e+03
1.871560220453652846e+03
1.889945388126770240e+03
1.865346014109969246e+03
1.885863739343471480e+03
1.880284111677078045e+03
1.890791753734524264e+03
1.894448855510362591e+03
1.886700699166127151e+03
1.879006678736505364e+03
1.872654682070044601e+03
1.882900976691415053e+03
1.883496226481946451e+03
1.873402612931127123e+03
1.891728961620797918e+03
1.887497936773049787e+03
1.884291618858226229e+03
1.879845076324026877e+03
1.884252829864210526e+03
1.886217161505967169e+03
1.888653312661387417e+03
1.885251407445311770e+03
1.887974128722983778e+03
1.877010558256445847e+03
1.885915410970230823e+03
1.906473374326468274e+03
1.884890728364474853e+03
1.897116418366059861e+03
1.907562220471844739e+03
1.908682401458664572e+03
1.899164641373259428e+03
1.900220728921809041e+03
1.899775211843335683e+03
1.900507855497322225e+03
1.890425034408968259e+03
1.921974755287423704e+03
1.920394094151113222e+03
1.903499899776923257e+03
1.910058196546640829e+03
1.918936803544103896e+03
1.911298650506749937e+03
1.933426020216142661e+03
1.914823614419232172e+03
1.935653461680024293e+03
1.923076592257789116e+03
1.916567586452022397e+03
1.911301770257060298e+03
1.939238208935671310e+03
1.915146732366313017e+03
1.917102825004660417e+03
1.940555266894747092e+03
1.903705801464963770e+03
1.914269910194006798e+03
1.942098873060991536e+03
1.906705607539044649e+03
1.917898087591816193e+03
1.943268808986552131e+03
1.922561536233587958e+03
1.948403373345542377e+03
1.933728758014562345e+03
1.952129730532390568e+03
1.917219105708199777e+03
1.929257973760706136e+03
1.954305730307526574e+03
1.951673387012489229e+03
1.939370670327956077e+03
1.942953925048055225e+03
1.947232244982189741e+03
1.957326220938175766e+03
1.958477248355470465e+03
1.956753383013230859e+03
1.932726158922210743e+03
1.958158971343549410e+03
1.942150003650055169e+03
1.957368152519522710e+03
1.960235991377677237e+03
1.962358865200313858e+03
1.949894139074121313e+03
1.948214064736827595e+03
1.954239811790403110e+03
1.967477279308813195e+03
1.970009818017440466e+03
1.962225216613961720e+03
1.977741694613178879e+03
1.973547803168889004e+03
1.941572853577098158e+03
1.969147085191585120e+03
1.963332320900066861e+03
1.968303175201971953e+03
1.964665699083339405e+03
1.965688366285401116e+03
1.974476284075712101e+03
1.973969577538143312e+03
1.968598459429299737e+03
1.981914160487334584e+03
1.966796712734548692e+03
1.982766430639731425e+03
1.975929813482550117e+03
1.989936482987636509e+03
1.964052370616913095e+03
1.971981280350974430e+03
1.975000074571873256e+03
1.984497728028924485e+03
1.987410408415453276e+03
1.999017306756310290e+03
1.991458438484188036e+03
1.986442961338525492e+03
1.999704154859292885e+03
1.991999901579114294e+03
1.986288158741708685e+03
2.003084598744063669e+03
1.996152724680545134e+03
2.003678514765706041e+03
2.001678603855356869e+03
1.995062909909347582e+03
1.993550504908836047e+03
2.002840328222147718e+03
1.991714608262121146e+03
1.997777244250676631e+03
2.002823972828201704e+03
1.999138625782666850e+03
1.995561829001642081e+03
2.008733160048317586e+03
2.008425964215189197e+03
2.022638336771602781e+03
2.013051613485882399e+03
2.020097288090628581e+03
2.016039577217102988e+03
2.017645985996284935e+03
2.005860070056771519e+03
2.021616386053143742e+03
2.021001085300636987e+03
2.016105187038212080e+03
2.017790599909004641e+03
2.029170726908294000e+03
2.013273268381053413e+03
2.022165296987748889e+03
2.027064094328934971e+03
2.031303729228342490e+03
2.037611100370124404e+03
2.010189546097304401e+03
2.017776331972089338e+03
2.018121089100312474e+03
2.031345808439198890e+03
2.048040037250056230e+03
2.018927657301625914e+03
2.039213629962843925e+03
2.041831490981694969e+03
2.050498475234297530e+03
2.049955116813550376e+03
2.032404367426673161e+03
2.051987945592773940e+03
2.038245864774087295e+03
2.042236034608615228e+03
2.045466219587291107e+03
2.041996475426601137e+03
2.048250238662714764e+03
2.034564639750581136e+03
2.048699234512593193e+03
2.048600899522308737e+03
2.046948586989166643e+03
2.057913647015351671e+03
2.046295644205877807e+03
2.074557779640207627e+03
2.061935558753900750e+03
2.039022082061291258e+03
2.069411276021301546e+03
2.074091808242094885e+03
2.046629723100414367e+03
2.047999708618871409e+03
2.075020551281994813e+03
2.062965591488710288e+03
2.074369847540327100e+03
2.071203975737789733e+03
2.075398471213703033e+03
2.070799170335755662e+03
2.074194306753619003e+03
2.059554140958171047e+03
2.078280199651250314e+03
2.073881400341377230e+03
2.085941500364922376e+03
2.085490840970196587e+03
2.068037490999436159e+03
2.068059553318594681e+03
2.078173642002998804e+03
2.076801494141433523e+03
2.070035133197063715e+03
2.091016058546068962e+03
2.090532994952714489e+03
2.094567603310950744e+03
2.096788012391476514e+03
2.100026802516040334e+03
2.091974344906275746e+03
2.109713779818672720e+03
2.102496598713953517e+03
2.109057163301344644e+03
2.102646047327959423e+03
2.095745344783999371e+03
2.115726101082332207e+03
2.109456100453115141e+03
2.106450283078989287e+03
2.123088290368976686e+03
2.108085544884149385e+03
2.108988736413669812e+03
2.107767678256588169e+03
2.114349373468602607e+03
2.115922043863348335e+03
2.121264183828893692e+03
2.106755734353706885e+03
2.120289343203430235e+03
2.110007776644172282e+03
2.120603015286328173e+03
2.116481478153371427e+03
2.127626408869779880e+03
2.124635145200103580e+03
2.115391789068732123e+03
2.123234488872018119e+03
2.121768676836017221e+03
2.126727389836354178e+03
2.139041484741745535e+03
2.120514644426455561e+03
2.137505728143555189e+03
2.125779068344180359e+03
2.148176803026288781e+03
2.145917696391338723e+03
2.140742318474207877e+03
2.152092783439257801e+03
2.148052772344206460e+03
2.143541093819322214e+03
2.153715014766953118e+03
2.145237071686800846e+03
2.148853663088284975e+03
2.139346719923853470e+03
2.161985937910667417e+03
2.155517379246154178e+03
2.155930864256748009e+03
2.162539961744017091e+03
2.168490709102618439e+03
2.146732639152597585e+03
2.153601553084307398e+03
2.156455894789853119e+03
2.173210011415743338e+03
2.171702695385462903e+03
2.172116776763797589e+03
2.159092919119518683e+03
2.169588335867204478e+03
2.172623591649482478e+03
2.175755517433859495e+03
2.168120927842390302e+03
2.168567093595543611e+03
2.183113991031234946e+03
2.161080374759900224e+03
2.192570275156333992e+03
2.182548936340016553e+03
2.191924748767613437e+03
2.170947037183026623e+03
2.186351122110244887e+03
2.196683478480355916e+03
2.192298666015436538e+03
2.191931368518751697e+03
2.166052488258276298e+03
2.199226031874618457e+03
2.179239424266850619e+03
2.209561228418263454e+03
2.190110471929558116e+03
2.196401163493522290e+03
2.201419722259888658e+03
2.207094707408296017e+03
2.198668624513161831e+03
2.199849657621591177e+03
2.197486657610138991e+03
2.208931481796147182e+03
2.191785689524928785e+03
2.201683181931971831e+03
2.222257863425134019e+03
2.200807648049316413e+03
2.223245743126873549e+03
2.213917096383998796e+03
2.223662935666654448e+03
2.215060541702246610e+03
2.220239414611757638e+03
2.203785669886979576e+03
2.231638853041242328e+03
2.237936483369794132e+03
2.212455603758000507e+03
2.218721089758818380e+03
2.221354836067240285e+03
2.225592963138534287e+03
2.230584662369099078e+03
2.248667845328343901e+03
2.226744562708443937e+03
2.243081365022298542e+03
2.258925905863936805e+03
2.241483148786913262e+03
2.247608836152830008e+03
2.248929223758661919e+03
2.245659926368043671e+03
2.255558751429732638e+03
2.253550768280826105e+03
2.257137119631957830e+03
2.247906950310100001e+03
2.247228178661203401e+03
2.248404632559185302e+03
2.257376252770474366e+03
2.252177449619689924e+03
2.262357936704263466e+03
2.254622909824370709e+03
2.264153283827186442e+03
2.266786670594878160e+03
2.263931926025665234e+03
2.264825367721688508e+03
2.267088101081414152e+03
2.288934345461837438e+03
2.274440798002658994e+03
2.279427793238326558e+03
2.286922050841199052e+03
2.276892855268829408e+03
2.284215703238981405e+03
2.276633136617062519e+03
2.272781193978514693e+03
2.274708315535106067e+03
2.287586931270649529e+03
2.281768729878120212e+03
2.289956292154965467e+03
2.285862695741902826e+03
2.303549748912616906e+03
2.293140170319440585e+03
2.280811343642257270e+03
2.290353364406881155e+03
2.288897574780962714e+03
2.309376218523072566e+03
2.310103147120013546e+03
2.306405769289031468e+03
2.320423434205253216e+03
2.307221002559175304e+03
2.293773470475313843e+03
2.308222548779599947e+03
2.304175399936525537e+03
2.312867500283133268e+03
2.305248593177647308e+03
2.311345947421799337e+03
2.307329638736044217e+03
2.311273133955372941e+03
2.310885977392927543e+03
2.326881564057040578e+03
2.316705344619713742e+03
2.331248065985511857e+03
2.328839021006492203e+03
2.335811019447470699e+03
2.335531467965549837e+03
2.323891666616618295e+03
2.345658138053872790e+03
2.331331427496618289e+03
2.324213426832973255e+03
2.340667991057496238e+03
2.349397471590349141e+03
2.334901053033396693e+03
2.327666524310724071e+03
2.337627832571491126e+03
2.356858144223516319e+03
2.348772635545151388e+03
2.364356495697950322e+03
2.347815120042320359e+03
2.356233885022827053e+03
2.352356191838244740e+03
2.378197816227823751e+03
2.365415118924833678e+03
2.354149974815400128e+03
2.363356170526109509e+03
2.340748063461083802e+03
2.355030318787901706e+03
2.370037606134243106e+03
2.365611607078260022e+03
2.366108971962962642e+03
2.359993554448822579e+03
2.388920327304190323e+03
2.365226198088813817e+03
2.369966324313451878e+03
2.383609087296023063e+03
2.378175902127483369e+03
2.372246789189417541e+03
2.371624108729803993e+03
2.378031116745029522e+03
2.387856184299520919e+03
2.385681499526252992e+03
2.382826187608481177e+03
2.379028600212539914e+03
2.397679034290916661e+03
2.382048362558993176e+03
2.414399287393296163e+03
2.388206949309865649e+03
2.390209236172240253e+03
2.383039085979097308e+03
2.391522848639882795e+03
2.416393783866697049e+03
2.399303231941360082e+03
2.397461676983464713e+03
2.413385715143102061e+03
2.425663483697744141e+03
2.405051478913219398e+03
2.421555384205239989e+03
2.411063430091262944e+03
2.418573880154875496e+03
2.423153719746248498e+03
2.422991291129712408e+03
2.409479433055305435e+03
2.422210788064767257e+03
2.433741878469984840e+03
2.434600164067572223e+03
2.421172399696065895e+03
2.439632682548917273e+03
2.423543519456324702e+03
2.435075587084122617e+03
2.444852967131045716e+03
2.439117658830187793e+03
2.443349278858039270e+03
2.443665173247748044e+03
2.446246720555115189e+03
2.456395976440227514e+03
2.458100184482905661e+03
2.447796766592321092e+03
2.457980851432522741e+03
2.463856465451096028e+03
2.443596981200711525e+03
2.435036794214969177e+03
2.467744444131481487e+03
2.452169246416378428e+03
2.464281738195913476e+03
2.455148613649599156e+03
2.474955460018153644e+03
2.482565648719459205e+03
2.465994444415713133e+03
2.482323777687798611e+03
2.481120848085514808e+03
2.491941542513778131e+03
2.484806980722193657e+03
2.472309369207157488e+03
2.467760531445684592e+03
2.476533409478689919e+03
2.487366547116602305e+03
2.487439131945689041e+03
2.501151125380345547e+03
2.501542648098350583e+03
2.486247562868169553e+03
2.492186356181326573e+03
2.499934644410514466e+03
2.491306687468754717e+03
2.497956647442650137e+03
2.495551465087488850e+03
2.487658641586710928e+03
2.516844196146766535e+03
2.512762425491443537e+03
2.514337560640829452e+03
2.519436723846347377e+03
2.513575756514769637e+03
2.512981739058118364e+03
2.515626311475140483e+03
2.531251540836724416e+03
2.524604288662148065e+03
2.518528315911410573e+03
2.535841889098146567e+03
2.526881633557500209e+03
2.539031845670043367e+03
2.536785235064619883e+03
2.541072907524699986e+03
2.528153828631144734e+03
2.549251695410443517e+03
2.537053487061044962e+03
2.544836369696487964e+03
2.544997424755406882e+03
2.553474230181304392e+03
2.539724577343156852e+03
2.542042391294570734e+03
2.548265421279077600e+03
2.559447576944939101e+03
2.563314018593941000e+03
2.550520669669720974e+03
2.565716828075019748e+03
2.563876102104899019e+03
2.571690806121796413e+03
2.571268946116132156e+03
2.555474225153664065e+03
2.558398753526635119e+03
2.573069300155698784e+03
2.574584345703404324e+03
2.582508495454018430e+03
2.596112026337403677e+03
2.594874319812186513e+03
2.574871291249087790e+03
2.577146370752731855e+03
2.576451453703380139e+03
2.596994219932881151e+03
2.594114239422517585e+03
2.587671446324913177e+03
2.603910691864023192e+03
2.593730276134738688e+03
2.597875713864761565e+03
2.606367944813003760e+03
2.609216570266820781e+03
2.596957943424719815e+03
2.598173075122905175e+03
2.607253917340241060e+03
2.609777988053806894e+03
2.605294016746886427e+03
2.612180393724415353e+03
2.617790785790816244e+03
2.616770840355160090e+03
2.632824645991512625e+03
2.615868311945999267e+03
2.614230399163291167e+03
2.628798383524876044e+03
2.645566213423558111e+03
2.621431241605953801e+03
2.636027950365449215e+03
2.631662099691276126e+03
2.641989062426767305e+03
2.649322101452560219e+03
2.648334494564873694e+03
2.648222351665758652e+03
2.652196536552789894e+03
2.662968556888536114e+03
2.648606521275413343e+03
2.654610900014639810e+03
2.664016853377883308e+03
2.662262854337957378e+03
2.654389636891459304e+03
2.675392988231161326e+03
2.683117836205664389e+03
2.671657873590077998e+03
2.665896324117408767e+03
2.662027171668158189e+03
2.671162151025154799e+03
2.675552827097229510e+03
2.682630749257055413e+03
2.671762705456603726e+03
2.672881567634242401e+03
2.678800043336192630e+03
2.660650004889801949e+03
2.696403688819646050e+03
2.686552532098744905e+03
2.682863023679275557e+03
2.682168042213552326e+03
2.707176799625310650e+03
2.691056120746438864e+03
2.705256713399368891e+03
2.722323574180117703e+03
2.711488298665225557e+03
2.704855328540042592e+03
2.723618473280999751e+03
2.705376267918854410e+03
2.714378031246636056e+03
2.696192866665319343e+03
2.715277689246603131e+03
2.720897403880259844e+03
2.730600374040758652e+03
2.735902919652013225e+03
2.718774392508438268e+03
2.730589306280779965e+03
2.727824009101356296e+03
2.735158993688658484e+03
2.722643502231124330e+03
2.736777257536796242e+03
2.735220588902026066e+03
2.748189257889330293e+03
2.756293341656918074e+03
2.746176995954498580e+03
2.757427526673351167e+03
2.758614063973895554e+03
2.753753064249130603e+03
2.772824943661990801e+03
2.757891477552394917e+03
2.755220185895042505e+03
2.769873433573557577e+03
2.759142365267327023e+03
2.767076781291437328e+03
2.772828644244902080e+03
2.784431300103398826e+03
2.757285644232116283e+03
2.781961993824173987e+03
2.765478436694575521e+03
2.781766178093554117e+03
2.769888796763277242e+03
2.772337120854037039e+03
2.783682863974958764e+03
2.794411019058470629e+03
2.785267847808900115e+03
2.804594639424091383e+03
2.799860391722929307e+03
2.810338004387915134e+03
2.797406991749171539e+03
2.811287742929949673e+03
2.808691247528737222e+03
2.807606691979741754e+03
2.813004423509813478e+03
2.817585988974401516e+03
2.818766104743668166e+03
2.831474718171491531e+03
2.821981938865615575e+03
2.814701440891725724e+03
2.832221008537148919e+03
2.841406622790529582e+03
2.831115564606937824e+03
2.829077838244464147e+03
2.837689637769557066e+03
2.856226547600791037e+03
2.847003896729792814e+03
2.858879851540425534e+03
2.853392931485297140e+03
2.849990858136240604e+03
2.873356649074058168e+03
2.848723798330525369e+03
2.868960901792196182e+03
2.844451318708680901e+03
2.872078830812070919e+03
2.860160242883085630e+03
2.862087974280021626e+03
2.860900721297123710e+03
2.869320498407704690e+03
2.871169074361546791e+03
2.889972288956569173e+03
2.878843707826705213e+03
2.880279996809269051e+03
2.879251206971604006e+03
2.893121956433062678e+03
2.894656895513031486e+03
2.887293573857583397e+03
2.884779620943150348e+03
2.899297011164160267e+03
2.905149119487865846e+03
2.915100194983350320e+03
2.922073829461510741e+03
2.898305274578749049e+03
2.902546684827741956e+03
2.907698523801943338e+03
2.913447879213918895e+03
2.916313862786892514e+03
2.928683516842889276e+03
2.923413403594244301e+03
2.919372496652542850e+03
2.928696973918602907e+03
2.935829280019424004e+03
2.944534401499121486e+03
2.935813414196837130e+03
2.947961154985033772e+03
2.934858943446770809e+03
2.958186562504469748e+03
2.946654759563323751e+03
2.958503318690069136e+03
2.943032073566765575e+03
2.945012190808943160e+03
2.945270545620105167e+03
2.959472773058080293e+03
2.972482316867948157e+03
2.967115231388619577e+03
2.974696020611387667e+03
2.969447787902911386e+03
2.971071514451657094e+03
2.961385509506181734e+03
2.982622851205752340e+03
2.970053054249273373e+03
2.970971012018550027e+03
2.984239243356175848e+03
2.968402885168154626e+03
2.986445773469425603e+03
3.001420741997891128e+03
2.991027509683787684e+03
2.996856571396339405e+03
2.992789710009151804e+03
3.005013783270779641e+03
2.990142192519443142e+03
3.004190647589450691e+03
3.012394019145735001e+03
3.026386232889774419e+03
3.018990299933806455e+03
3.004000566310515296e+03
3.017327697551461370e+03
3.023378316506230476e+03
3.026277647709730445e+03
3.036809563040646935e+03
3.022172853393584319e+03
3.038281174772022041e+03
3.029846484199146289e+03
3.042619046264449935e+03
3.035068076997556091e+03
3.034665103450328388e+03
3.052201641791157272e+03
3.036679935035330345e+03
3.062536721286591728e+03
3.057038013531576325e+03
3.070654708968537761e+03
3.057351516514976538e+03
3.067852820430705378e+03
3.070273463925020678e+03
3.075526854046018343e+03
3.080045716436731254e+03
3.090649713400082419e+03
3.078134290543436691e+03
3.092843370373560447e+03
3.098241839000240361e+03
3.088414627638135244e+03
3.089412268106211741e+03
3.079532950090584109e+03
3.096821543097121776e+03
3.089193373685070583e+03
3.094133706681889635e+03
3.108019509325950821e+03
3.111234326424577375e+03
3.115420204094648398e+03
3.130524604466057554e+03
3.132477331284886532e+03
3.122970109470501484e+03
3.119385479483908966e+03
3.129990596273951724e+03
3.137255497199229922e+03
3.137226961544121878e+03
3.137499922099270407e+03
3.136690330481601904e+03
3.138875264182333012e+03
3.138294313512955341e+03
3.151037922938464817e+03
3.148705473865783460e+03
3.160445571743270648e+03
3.158218174240641929e+03
3.151947038745518057e+03
3.165236188519873849e+03
3.154573148379937720e+03
3.159391396933433498e+03
3.172259707292985695e+03
3.182540099581030518e+03
3.166839535192421863e+03
3.170584191027518955e+03
3.180896718071135183e+03
3.166916473923813555e+03
3.193318604940794557e+03
3.181583259539974733e+03
3.182973111590457847e+03
3.201350168156529890e+03
3.197997152816294147e+03
3.193272479594526885e+03
3.205268116618938166e+03
3.206351966731643643e+03
3.206647162660527556e+03
3.229089094238299367e+03
3.216984925338953872e+03
3.223234692021353112e+03
3.220039300742984324e+03
3.232696486611165710e+03
3.231121078693485288e+03
3.246079596057553317e+03
3.223183144102663846e+03
3.236321409085693176e+03
3.246716855322493302e+03
3.255941873108467917e+03
3.258285307437809934e+03
3.255304962612709460e+03
3.263542760726072174e+03
3.259261600853047639e+03
3.266399318567639511e+03
3.270774116508971929e+03
3.259750125780743019e+03
3.275022141353836105e+03
3.277954226125716559e+03
3.261613677782595914e+03
3.288350136535046204e+03
3.257849503770099091e+03
3.288207240877265122e+03
3.310952926272567311e+03
3.292344673458303077e+03
3.284919361647781898e+03
3.307817059794847864e+03
3.311696398816012788e+03
3.306034508621135501e+03
3.301382378546706150e+03
3.300589292147719334e+03
3.311132845345582609e+03
3.334477306134719129e+03
3.326744653647052473e+03
3.325459134043685481e+03
3.320466896183108474e+03
3.330627037550525529e+03
3.345566061695511053e+03
3.330801664762333530e+03
3.332627683098760826e+03
3.343015764721670166e+03
3.329927929278248939e+03
3.359950580950838685e+03
3.358231341329442330e+03
3.353731571251390505e+03
3.358236188388174014e+03
3.354349846113301282e+03
3.384294525438132496e+03
3.364150984911529122e+03
3.381105259185289924e+03
3.371460553601435549e+03
3.372232775464611223e+03
3.392453089213592193e+03
3.375917591590973643e+03
3.390154591474092285e+03
3.391730837804726889e+03
3.402846123291436470e+03
3.381962768952820625e+03
3.417736308464782724e+03
3.407752696665663734e+03
3.406297217633175023e+03
3.417041571205195396e+03
3.415347352961359775e+03
3.417515282622804534e+03
3.425804587171615367e+03
3.430342317145282777e+03
3.436781218938323946e+03
3.425052699092403600e+03
3.418199121490195921e+03
3.451236545297369503e+03
3.436324136910033303e+03
3.445866039496919257e+03
3.444733693578671136e+03
3.455086111889603217e+03
3.459549538822279374e+03
3.459392309119450147e+03
3.457904651711590304e+03
3.465950719057523202e+03
3.474598624421752902e+03
3.473760544166573709e+03
3.457539220766876497e+03
3.481447762697527196e+03
3.475520075737169918e+03
3.480923994576839505e+03
3.483054437368785784e+03
3.485093173076452331e+03
3.489717415501497271e+03
3.501430983090214795e+03
3.498094667245642086e+03
3.516758393469793646e+03
3.507116276611089233e+03
3.515236243399731848e+03
3.525297727841781125e+03
3.539933357700262150e+03
3.520930826860072102e+03
3.521367645311132037e+03
3.523411336192957606e+03
3.517897031915962089e+03
3.551843951739408567e+03
3.541427902915790128e+03
3.543168982577315546e+03
3.543974169208062449e+03
3.549776040295728762e+03
3.574668418934263173e+03
3.561128651712357168e+03
3.568475305203484368e+03
3.575630474243938352e+03
3.576445875891891774e+03
3.585803135672365897e+03
3.562524861070592124e+03
3.575301243679326944e+03
3.590543463482400512e+03
3.595787273741435456e+03
3.595400242307699045e+03
3.606214986831011629e+03
3.593881819080736022e+03
3.597912890139679803e+03
3.593121131981809867e+03
3.619925028333404498e+03
3.604214500548019714e+03
3.623976499594351935e+03
3.624992370936007319e+03
3.618577346257427052e+03
3.647171342519045538e+03
3.641632368034102001e+03
3.624664726217446514e+03
3.665475871064664261e+03
3.661581140653263901e+03
3.658971244814451438e+03
3.644447847447107961e+03
3.662481869830691267e+03
3.659669190499644628e+03
3.670830669543277963e+03
3.674429847325191531e+03
3.672314540543422481e+03
3.682331893577588744e+03
3.688056070331228057e+03
3.684624561054876267e+03
3.708283582824941277e+03
3.683994539910414005e+03
3.683715779919813940e+03
3.697119736371609633e+03
3.718818731831514924e+03
3.711270038992101036e+03
3.704469398099042792e+03
3.723325466845826213e+03
3.724893758030243589e+03
3.724961371791538568e+03
3.738156185909481792e+03
3.734256228588127215e+03
3.745077734622347634e+03
3.739546803559393084e+03
3.748228547130494917e+03
3.741247658376150412e+03
3.759873713129747102e+03
3.747114044007063967e+03
3.768743561261287141e+03
3.782461926225832940e+03
3.774041099784131802e+03
3.758105298127391961e+03
3.768513565218539497e+03
3.784136828890111701e+03
3.783780890626775999e+03
3.805368800957362964e+03
3.795360763387689985e+03
3.793363603359707668e+03
3.795736237328539573e+03
3.803295341620021190e+03
3.791343665251000402e+03
3.819648090561706340e+03
3.807008330745163221e+03
3.821377013607304889e+03
3.833920907348373021e+03
3.813480122003627912e+03
3.837365441123406072e+03
3.825705300263210574e+03
3.853958448374096861e+03
3.835954249614839227e+03
3.849595866535061305e+03
3.861126552208357225e+03
3.867320223017318767e+03
3.863415631802711232e+03
3.872844705691049057e+03
3.853501331503364781e+03
3.864125895056129139e+03
3.869634286933517160e+03
3.891824162370631257e+03
3.890231504805687109e+03
3.880505545154669562e+03
3.878478975832667857e+03
3.906825305362838208e+03
3.908657397813466105e+03
3.913542661156076974e+03
3.920000813962687062e+03
3.913738788166853283e+03
3.908925428227812063e+03
3.922397091717402418e+03
3.931311356556780538e+03
3.911923587301129828e+03
3.937142539896139169e+03
3.946961774924543988e+03
3.944021854951384739e+03
3.955450570577454073e+03
3.947130798636788768e+03
3.953261143490095947e+03
3.969250924329135159e+03
3.958117162514093252e+03
3.983748927282753357e+03
3.975077334504041119e+03
3.971932730531847028e+03
3.986918194648491408e+03
3.974905895772463737e+03
3.998941996595209275e+03
4.004510078086028898e+03
4.008573768201455550e+03
4.015237290719894645e+03
4.025408237232914416e+03
4.021522845971697279e+03
4.009344774435474392e+03
4.031841120581152154e+03
4.040566489384094439e+03
4.043767084856799102e+03
4.034286299060199781e+03
4.057662624722851433e+03
4.043948380111304687e+03
4.048533131401061837e+03
4.053165448745976846e+03
4.085278665099484442e+03
4.061100595881119261e+03
4.076790647687776072e+03
4.082270793461193989e+03
4.072738839822260616e+03
4.081186095080889118e+03
4.093968661952485036e+03
4.093276848525276364e+03
4.089580707247465398e+03
4.117185320286734168e+03
4.097751381204341669e+03
4.109981261534748228e+03
4.105629094143085240e+03
4.111535510102014086e+03
4.129271484325811798e+03
4.143690380087972699e+03
4.126375884621199475e+03
4.125579302061039016e+03
4.151571091459738454e+03
4.144925177875094960e+03
4.156314281964784641e+03
4.169500155126176651e+03
4.165040648649587638e+03
4.163706779867172372e+03
4.176223826793766420e+03
4.182815353343609786e+03
4.186804995105547277e+03
4.184924587073155635e+03
4.190511781697374317e+03
4.193034125416179450e+03
4.221894613480534645e+03
4.213225658088674209e+03
4.204276403409219711e+03
4.224560037332237698e+03
4.233266810580736092e+03
4.232918000675416806e+03
4.229286122086220530e+03
4.225809966396004711e+03
4.255267196651826453e+03
4.256160783047583209e+03
4.265050941787521879e+03
4.258059980560990880e+03
4.263537281078602064e+03
4.275200748702388410e+03
4.272047422585018467e+03
4.296790307788533028e+03
4.272398052731465214e+03
4.273285166876228686e+03
4.289031938213030116e+03
4.291431600981320116e+03
4.302189031629955934e+03
4.296341834314561311e+03
4.312364286027283924e+03
4.320292854560019805e+03
4.319266861421385329e+03
4.326349642272619349e+03
4.332308642006910304e+03
4.334232527437575300e+03
4.351607833998109527e+03
4.353809301236953615e+03
4.334360339277539424e+03
4.362122872110267963e+03
4.363228258023304079e+03
4.366086404572973152e+03
4.376640150021898990e+03
4.374116844337192560e+03
4.387894913074329452e+03
4.390466163559864981e+03
4.389847292915396793e+03
4.394289986711081838e+03
4.393312300694303303e+03
4.429537166423885537e+03
4.413682108545901428e+03
4.411829941253144170e+03
4.438280272631627668e+03
4.432681537964763265e+03
4.450898867280802733e+03
4.447467639609770231e+03
4.446949214209333149e+03
4.452034673809984270e+03
4.460480037725180409e+03
4.459731702757741004e+03
4.475130427725502159e+03
4.473360644656185286e+03
4.475523401033065966e+03
4.484657671791056600e+03
4.486722823038734532e+03
4.497870630905632424e+03
4.495089936053082965e+03
4.516670457385563168e+03
4.514732316696343332e+03
4.516456662385454365e+03
4.520636882467912983e+03
4.532712055695994422e+03
4.540305464538169872e+03
4.536776931074864478e+03
4.545649116118062921e+03
4.549558825239375437e+03
4.557713439989069229e+03
4.564704075125068812e+03
4.570110715176465419e+03
4.574151056030078507e+03
4.573998644275881816e+03
4.598339902123554566e+03
4.600643976618382112e+03
4.598435300261835437e+03
4.595669698661245093e+03
4.617227866381682361e+03
4.601419977204047427e+03
4.622148421438466357e+03
4.627589865932887733e+03
4.633807014387361050e+03
4.629334762143614171e+03
4.633568730560034055e+03
4.644381878271152345e+03
4.669371770911248859e+03
4.649582495525480226e+03
4.663300567933907587e+03
4.679803892564654234e+03
4.680726142705181701e+03
4.682824292898447311e+03
4.693423997534810042e+03
4.690740376420169923e+03
4.694578436634281388e+03
4.690188505391121907e+03
4.714728222361620283e+03
4.720192704570093156e+03
4.713342819390132718e+03
4.729124875690836234e+03
4.729271016741322455e+03
4.741840195431694156e+03
4.746941383946827045e+03
4.740580484098288252e+03
4.751928542805818324e+03
4.773177818354425654e+03
4.762651910443373708e+03
4.773994457759071338e+03
4.785195366697915233e+03
4.788267999248848355e+03
4.785044211283381628e+03
4.783931506183510464e+03
4.804664959192929018e+03
4.817513782107047518e+03
4.816115223418536516e+03
4.811893602798448228e+03
4.835030423106361013e+03
4.841978472522217089e+03
4.845708908529399196e+03
4.855969711813402682e+03
4.857558350552405500e+03
4.859173310554474483e+03
4.871426016292733948e+03
4.858729837367071013e+03
4.873103746338101701e+03
4.883161186152614391e+03
4.905385061476409646e+03
4.886613205690145151e+03
4.910544764269505322e+03
4.920908355887523612e+03
4.914849838801576880e+03
4.899996294789508283e+03
4.945693874553542628e+03
4.946403630716748921e+03
4.951893809846633303e+03
4.949352258439571415e+03
4.953102964987368978e+03
4.952258973657293609e+03
4.945122423850288214e+03
4.975256655183256953e+03
4.990697364966487839e+03
4.996371070352471179e+03
5.008462352307421497e+03
4.994237064069095140e+03
4.988739794781499768e+03
5.014100154238511095e+03
5.002354958972239729e+03
5.032143964623671309e+03
5.036430169424242195e+03
5.039543911916192883e+03
5.048176824455764290e+03
5.048734367750337697e+03
5.057409601398658197e+03
5.073022728964072485e+03
5.078280645846945845e+03
5.073476625088468609e+03
5.075900632128570578e+03
5.096722912573521171e+03
5.088183985645317080e+03
5.116811102076921088e+03
5.113591919562484691e+03
5.116789195184942400e+03
5.111214550878252339e+03
5.141235257207757058e+03
5.138635708694275309e+03
5.153573872557742106e+03
5.158563580541847841e+03
5.157175767293691024e+03
5.149915924948478278e+03
5.180773840872107940e+03
5.197292243605475960e+03
5.190625155369933054e+03
5.186550972382435248e+03
5.212045597115938108e+03
5.200725504867740710e+03
5.225749172160853959e+03
5.216943772045669903e+03
5.222760640358604178e+03
5.218481537412762009e+03
5.243833888993220171e+03
5.235537765707394101e+03
5.255042200198467071e+03
5.268963250933011295e+03
5.275874487724560822e+03
5.269817369905894338e+03
5.269749434199367897e+03
5.287430770700842913e+03
5.288558350209557830e+03
5.318810444949618613e+03
5.306793250532667116e+03
5.317972291124971889e+03
5.316358353354605242e+03
5.335408362281502377e+03
5.329032029453331234e+03
5.336485036320215841e+03
5.355245675646749078e+03
5.369948923718173319e+03
5.373528740607452164e+03
5.385076764862707932e+03
5.375495818091695583e+03
5.389071556895384674e+03
5.385782744287603236e+03
5.396936911938451885e+03
5.429340331720582071e+03
5.418794363793553202e+03
5.422168543686409976e+03
5.437060802166926806e+03
5.436331556999781242e+03
5.447505479625371663e+03
5.475149858662131010e+03
5.466773753959857459e+03
5.486399777027151686e+03
5.479072393458654005e+03
5.489291314704969409e+03
5.493519399755220547e+03
5.503928160764066888e+03
5.508291426319679886e+03
5.515063263033543990e+03
5.524847357682201618e+03
5.525039290947743211e+03
5.536599722012299935e+03
5.552879237176417519e+03
5.558002114964638167e+03
5.566762903899245430e+03
5.571213798561012482e+03
5.589288078082154243e+03
5.590920378256158983e+03
5.615938718344487825e+03
5.594331802330819301e+03
5.596356174778105014e+03
5.614985367908857370e+03
5.626726219073284483e+03
5.632907010204560720e+03
5.641467819335572131e+03
5.662111511239081665e+03
5.674721190819586809e+03
5.678736572454284214e+03
5.682966786752484950e+03
5.680381004195387504e+03
5.697554127589468408e+03
5.684204240471556659e+03
5.704012138649588451e+03
5.707221343124073428e+03
5.716685944691351324e+03
5.744477715326159341e+03
5.743486844628299878e+03
5.750592147530289367e+03
5.747262056102763381e+03
5.762853623477622932e+03
5.782161510635412924e+03
5.780717783126419818e+03
5.777933408752121977e+03
5.787918438535510177e+03
5.813970034244979615e+03
5.815178264098535692e+03
5.817944724257846246e+03
5.810907232345128250e+03
5.830047129273556493e+03
5.845691946390030353e+03
5.868003456761696725e+03
5.871370612999872719e+03
5.874702437671093321e+03
5.884143574530586193e+03
5.895197592189222632e+03
5.886214569583499724e+03
5.916875240747529460e+03
5.916842948411950601e+03
5.910093328602570182e+03
5.926152372962994377e+03
5.940549837553314319e+03
5.924690539392287974e+03
5.935886168349615218e+03
5.952302282318453763e+03
5.969478709425678971e+03
5.994674092493654825e+03
5.986704312517749713e+03
5.996721134974883171e+03
5.998972964385030537e+03
6.023368316641339334e+03
6.025648401971680869e+03
6.032675697865615803e+03
6.034935986790816969e+03
6.049151121855263227e+03
6.067465847597558422e+03
6.071271586628964542e+03
6.070287738323618214e+03
6.074925480731418247e+03
6.099605650301294190e+03
6.102204979268793977e+03
6.115937648441877172e+03
6.115747594401302194e+03
6.128295052987994495e+03
6.134373305989797700e+03
6.165554128631115418e+03
6.151927734193781362e+03
6.160570136266537702e+03
6.168794199095214026e+03
6.190223713767582012e+03
6.193044658816512310e+03
6.214395997992456614e+03
6.224897548123713932e+03
6.228339576113673502e+03
6.234758755293177273e+03
6.232049019794560991e+03
6.253247136448660967e+03
6.240759633950158786e+03
6.277103092376454697e+03
6.263989028956971197e+03
6.286132738130057078e+03
6.297291051299102946e+03
6.303247236926623373e+03
6.301596300441933636e+03
6.320763663559059751e+03
6.325327016725354952e+03
6.337560465960311376e+03
6.348182182618071238e+03
6.366743739913916215e+03
6.372325075154986735e+03
6.386067048430125396e+03
6.368566097350153541e+03
6.400444179573800284e+03
6.408151977696710674e+03
6.424022169690853843e+03
6.436403467229682974e+03
6.446806901727350123e+03
6.456819662184298977e+03
6.465598383730971364e+03
6.465623039987807715e+03
6.472026396224439850e+03
6.501269870915675710e+03
6.511169400702509847e+03
6.507743871228690296e+03
6.534695813383492350e+03
6.530628831395594716e+03
6.534599509083402154e+03
6.549663016435613827e+03
6.570525047496135812e+03
6.569856731829744604e+03
6.570104004303527290e+03
6.600611995729069349e+03
6.595278818069310546e+03
6.607073002171392545e+03
6.620271840611716470e+03
6.623436619008611160e+03
6.654818303358447338e+03
6.660705166921139607e+03
6.659042970991203219e+03
6.674896904240847107e+03
6.690656546784902275e+03
6.701419471343818259e+03
6.707917102736988454e+03
6.716228990411411360e+03
6.724548192669602940e+03
6.745023767159282215e+03
6.747448405826500675e+03
6.759671372091803278e+03
6.781066282656836847e+03
6.776912913574377853e+03
6.785558936742120750e+03
6.805326719779997802e+03
6.808477699212162406e+03
6.815562550586180805e+03
6.828061554090641039e+03
6.840170873635500357e+03
6.864736780291619652e+03
6.872539258345227609e+03
6.875667021342149383e+03
6.879787713380903369e+03
6.890599514682737208e+03
6.905944059266237673e+03
6.935464177243944505e+03
