9.841492531913975199e+02
9.802708186540239694e+02
9.731866806993918999e+02
9.877532915335623329e+02
9.840351994555720694e+02
9.808072330743086695e+02
9.849797990946505024e+02
9.810264828402656576e+02
9.932370999838288981e+02
9.793689203194679749e+02
9.770105751484577468e+02
9.794711335368633627e+02
9.765771402182839438e+02
9.772789088456838726e+02
9.902479770542066717e+02
9.928153517239992425e+02
9.743519705903430577e+02
9.885734894853137575e+02
9.942406852333079996e+02
9.729163313736488590e+02
9.995331430943004989e+02
9.892508273793331455e+02
9.801819949090971704e+02
9.878353760717302521e+02
9.680711862475544649e+02
9.904547837970713999e+02
9.827935746236696559e+02
9.959510142613654580e+02
1.001167543814481746e+03
9.833931284363119403e+02
9.853153807887375706e+02
9.883909209826592814e+02
9.761539353882134264e+02
9.903812917857260345e+02
9.906370134097708160e+02
9.974378716225385233e+02
9.797591178046368441e+02
9.900330167324545982e+02
9.801124426781723287e+02
9.891900789787885060e+02
9.832657752696230773e+02
9.821860349960511485e+02
9.850859928592465167e+02
9.999800209979355259e+02
9.985326722658098788e+02
9.676849675425596615e+02
9.747147023934134040e+02
9.913852226193835122e+02
9.827470082392551376e+02
9.893259306927672014e+02
9.835743705898660210e+02
9.786002895203729395e+02
9.782354554381835214e+02
9.753922597896229263e+02
9.811322867459235795e+02
9.820463122926845472e+02
9.777466074518558798e+02
9.786474129529062793e+02
9.866890049880186098e+02
9.925780228634255309e+02
9.896052430737823897e+02
9.826047748335411143e+02
9.846761223573784036e+02
9.726548185637992674e+02
9.856661614140691654e+02
9.932329832897903543e+02
9.915886521511906722e+02
9.790729840334734035e+02
9.819928286579765881e+02
9.708459857020303616e+02
1.010978807356412403e+03
9.791709657933673725e+02
9.878899513727295698e+02
9.948432215377242755e+02
9.849126270779519245e+02
9.859308047870981682e+02
9.776981298226426134e+02
9.748951401798105962e+02
9.951948753794326876e+02
9.869779436012134965e+02
1.005173598175324287e+03
9.930439506552098692e+02
9.931230461314008835e+02
9.896117325632850452e+02
9.914007154650291795e+02
9.906991306638803962e+02
9.957060217659814043e+02
9.910483767774969692e+02
1.000344145885752027e+03
9.793188544985862336e+02
9.990937069207363947e+02
1.002548867215499172e+03
9.828069086252035049e+02
9.885257341220848275e+02
9.896415583407925851e+02
9.778340517483405847e+02
1.005346959353385500e+03
9.787293803928035913e+02
9.878033979123486006e+02
9.857889791170350691e+02
1.000901301382648057e+03
9.943634457961495627e+02
9.904185864863291044e+02
9.872483698925184399e+02
9.935817499263473564e+02
9.911883380699604231e+02
9.839916921617243588e+02
9.996569514919957555e+02
9.882915571517979743e+02
9.916801763107498573e+02
9.998233236819640979e+02
9.949406145313940897e+02
1.007877169402304048e+03
9.813093827042839621e+02
1.009184151339706659e+03
9.831694902419732216e+02
9.920026712212098801e+02
9.912793867347314745e+02
9.853258361753082681e+02
1.001398385142966049e+03
9.966252695519547160e+02
9.923143405039054414e+02
9.843016212965154637e+02
9.942713747246209550e+02
1.008206850604348233e+03
9.955309133996388482e+02
9.749884370464272934e+02
9.921403219661340245e+02
9.865872682986865811e+02
9.994817421411586338e+02
9.936500653688883631e+02
9.929818160663722892e+02
1.007243190311755257e+03
9.865690811655042580e+02
1.000609305667793137e+03
9.931584459138808825e+02
9.918917236390891503e+02
9.968650785186813437e+02
1.001409092005166599e+03
9.910701080718213234e+02
1.002090157807259288e+03
1.004607930103573381e+03
9.766612657183260353e+02
1.012856586276816074e+03
1.010745350467639355e+03
9.907040746849536390e+02
1.005331395650009085e+03
9.963828437376263309e+02
1.004524054335121832e+03
9.855781512344493649e+02
9.904740834631348889e+02
1.008961520665826697e+03
1.006468358055701628e+03
9.950579464969508763e+02
9.923972213120291599e+02
1.002565339153087962e+03
9.886265377924866016e+02
9.903118709876227967e+02
9.874900250467989054e+02
9.981909431479034538e+02
1.001680285792292580e+03
9.953790957621869211e+02
1.002088079364631085e+03
9.954245674018418413e+02
1.000892992494528130e+03
9.946091941292909269e+02
9.962105980629476107e+02
9.962745168742336546e+02
1.011153313795690451e+03
9.948187645547712918e+02
1.007045038701058843e+03
9.878670239865211897e+02
1.003513004014962462e+03
9.941666740019054487e+02
9.945475781430725419e+02
9.943679621108798301e+02
9.944893934478890287e+02
1.006262108074750131e+03
9.936779870350871988e+02
1.014447620926354830e+03
1.007402334317309169e+03
1.002686871921294482e+03
1.001952762886255755e+03
1.004607649128932394e+03
1.007226412273201959e+03
1.006140654902189567e+03
1.006628191896641965e+03
1.001339771715032384e+03
9.981379531774502993e+02
1.006480153130389340e+03
1.005876056586407572e+03
1.000808438159615093e+03
9.955883123076450829e+02
9.994006727303809612e+02
1.012424542414799362e+03
1.027513249718684619e+03
9.905665799762233519e+02
1.013611083907496436e+03
1.008089097911571002e+03
1.010757338215336858e+03
1.009695463912760829e+03
9.940641543088916023e+02
1.010972361299559452e+03
1.017159140130867968e+03
9.879594172143234800e+02
1.008629285974973754e+03
1.003897025231418525e+03
1.000843013918334009e+03
9.988091142570374359e+02
9.952111093046926271e+02
1.003978783919276111e+03
9.875060654556257305e+02
1.011465432080911569e+03
1.007189178480396095e+03
1.012872743882714190e+03
9.933704553888831015e+02
9.988824915202905004e+02
9.998398650303188333e+02
1.021039057979937752e+03
1.017262770431681929e+03
1.008330152584669122e+03
1.015477592112622801e+03
1.016078823348828337e+03
1.008082696673350483e+03
1.012502710924759299e+03
1.004239300378101348e+03
1.016487830524492438e+03
1.007571177275981540e+03
1.024429426116697186e+03
1.020902310729247574e+03
1.011182351236055979e+03
1.009938521423414727e+03
1.007847606531887777e+03
1.022186093899670027e+03
1.028151677728100594e+03
1.003566844319119014e+03
1.007278183965137032e+03
1.013999244433757667e+03
1.017577988077918917e+03
1.013859553761865868e+03
1.018681473104331758e+03
1.004348299478815647e+03
1.006512351187686818e+03
1.006902456162340059e+03
1.005363357020449712e+03
1.021494322592242838e+03
1.013028579359674836e+03
1.017329270423098933e+03
1.006550940522962719e+03
1.011852731614710933e+03
1.016032259596259792e+03
1.011341840250140990e+03
9.997681672616197375e+02
1.002015257450212403e+03
1.005510488322875290e+03
1.013426451313148505e+03
1.020950572113435442e+03
1.008515412015752190e+03
1.011764978596747937e+03
1.009596356067450870e+03
1.020759453332911335e+03
1.014832127445712786e+03
1.011905153337206229e+03
1.016544085594530316e+03
1.008609723773375549e+03
1.009897884830642283e+03
1.017641842378145839e+03
1.004871617601151002e+03
1.019308523058773062e+03
9.974407298017251833e+02
1.016443395450053686e+03
1.005300670118920493e+03
1.022494624336894162e+03
1.018769570744402813e+03
1.008626477904402009e+03
1.003565469154898778e+03
1.002364023724867820e+03
1.000081011868592782e+03
1.021919596427136185e+03
1.018861536922478763e+03
1.004418674030974785e+03
1.002370528840497741e+03
1.012390008245052059e+03
1.024380365851866372e+03
1.023301957260932795e+03
1.021019400377070838e+03
1.013489398880931503e+03
1.019836969924640698e+03
1.005123695438358368e+03
1.018419104841715125e+03
1.011294492367449038e+03
1.020287004961776802e+03
1.011191029220604150e+03
1.007594792280398565e+03
1.004943831012736041e+03
1.005065757895749812e+03
1.013003582116301232e+03
1.022299606554040793e+03
1.004706027493115926e+03
1.039757057885188942e+03
1.032013184947754780e+03
1.008233571986318680e+03
1.016848561156146388e+03
1.019471915712150803e+03
1.009963796862187223e+03
1.003826045710343010e+03
1.028522395883111358e+03
1.024526109856818948e+03
1.010164560173419773e+03
1.037252675221783875e+03
1.000292562801088820e+03
1.009508644461024460e+03
1.032535058119206724e+03
1.019192414970791106e+03
1.029610097553998230e+03
1.016815870795645651e+03
1.025015593044445495e+03
1.014614661744609066e+03
1.013894079388657588e+03
1.002149380022348851e+03
1.020746513826881937e+03
1.012480527018659700e+03
1.017939936557927467e+03
9.987694614460441471e+02
9.989348881413509389e+02
1.014174294715249971e+03
1.024373952075216266e+03
1.005002552326839009e+03
1.012009643194487239e+03
1.027245111680860418e+03
1.030698607395276667e+03
1.025951952029529593e+03
1.026775208896604681e+03
1.021879769943724796e+03
1.013667553788419809e+03
1.001181107443942437e+03
1.010579261952409070e+03
1.016585648243072228e+03
1.026981160433060040e+03
1.001312312242767575e+03
1.005221222010443057e+03
1.025977085820868979e+03
1.019156166050881893e+03
1.008104683476602759e+03
1.018276056849649422e+03
1.036191057956894383e+03
1.019739377792290611e+03
1.032597037602567525e+03
1.026370623012437591e+03
1.019936651008080503e+03
1.015787687401340349e+03
1.028441526950280149e+03
1.023053093126698172e+03
1.029092893919640801e+03
1.012803221698348239e+03
1.017101750167510090e+03
1.023329672264479541e+03
1.017759075345449332e+03
1.036222429272130285e+03
1.009050372553881175e+03
1.032280709239498719e+03
1.008033424102061304e+03
1.033906063453303432e+03
1.011458827276287593e+03
1.013792165386665033e+03
1.010697183842010304e+03
1.046752181000317478e+03
1.043837846093527787e+03
1.008644969358225808e+03
1.023957768475544412e+03
1.033699066134988243e+03
1.026047201092704427e+03
1.020001267046613179e+03
1.014940270173160343e+03
1.021010319886775392e+03
9.997883827536790022e+02
1.024505742415143459e+03
1.036654758997235149e+03
1.014481348757167780e+03
1.025841943088785683e+03
1.031150269948688674e+03
1.022189091773916743e+03
1.016737763969421280e+03
1.015887047217020267e+03
1.015039928340861479e+03
1.040188826234216776e+03
1.022338682412158278e+03
1.033888658377851925e+03
1.027900057139479486e+03
1.018751165214196817e+03
1.022505074374277456e+03
1.025746431247727969e+03
1.022294232618986257e+03
1.025973130329118476e+03
1.010837297594052416e+03
1.023586432224281452e+03
1.021124203887430212e+03
1.025315093429136596e+03
1.020653072587011593e+03
1.034090535264914706e+03
1.028885616745422794e+03
1.014663985432027516e+03
1.034991876417778712e+03
1.023663241501092443e+03
1.021950075126022057e+03
1.027768889067094733e+03
1.024740549284796089e+03
1.024619203216761434e+03
1.020591538238957469e+03
1.037292983705705865e+03
1.029026140357983195e+03
1.025911172278733375e+03
1.028170549735269333e+03
1.033470466831392969e+03
1.028425830983131164e+03
1.029537445391898700e+03
1.019070692988611086e+03
1.025682290041786928e+03
1.013520583253457289e+03
1.036702890819394042e+03
1.029795607147687861e+03
1.028619104360163419e+03
1.026808348164550807e+03
1.031092376857313639e+03
1.027240887360805573e+03
1.041305410442441826e+03
1.032180317727130159e+03
1.036393942734028769e+03
1.031265295173262757e+03
1.023601551070536402e+03
1.033293946173380618e+03
1.027514068506754711e+03
1.043571022864578481e+03
1.026212628054299557e+03
1.039319927747636712e+03
1.018810186015820022e+03
1.031424083363605178e+03
1.040981970119201151e+03
1.037082560739077508e+03
1.031770523113152876e+03
1.035688710356790807e+03
1.043585183859222752e+03
1.044856999928971391e+03
1.034052643548257947e+03
1.035183989040322558e+03
1.031634138181090520e+03
1.040377276821185205e+03
1.043016160987725698e+03
1.011554306623512389e+03
1.032467523786650418e+03
1.038891228477704090e+03
1.023509497552815901e+03
1.026954553660021929e+03
1.042260868034974237e+03
1.024125730599287863e+03
1.038215627065726267e+03
1.022124250264553666e+03
1.028279337981233311e+03
1.034852723586727279e+03
1.034843048197226153e+03
1.039213968423302049e+03
1.026564465260227962e+03
1.041391280275801819e+03
1.041305451807686723e+03
1.027097565587940153e+03
1.025598716100397723e+03
1.041994002993095819e+03
1.038748256838547832e+03
1.041740205885649175e+03
1.022688710343053572e+03
1.033564104971422694e+03
1.040808707123583645e+03
1.022371765452251907e+03
1.052114072456594613e+03
1.043725359915403487e+03
1.023363010994146180e+03
1.032357386079291246e+03
1.041677637517455196e+03
1.038859119779237517e+03
1.043620051366355710e+03
1.032604525595692849e+03
1.038089647447191282e+03
1.041703184543290718e+03
1.025350825854337700e+03
1.044026618145330758e+03
1.048127039053358885e+03
1.024631033481482746e+03
1.033476497997651450e+03
1.040081109546983271e+03
1.040422012671688208e+03
1.017067612029023849e+03
1.051567180410641186e+03
1.037587950089755623e+03
1.048841766579905652e+03
1.024862020563647093e+03
1.028624376758320295e+03
1.044089286747133883e+03
1.051617587872042805e+03
1.033511984476906264e+03
1.044615217184174981e+03
1.033595507656754307e+03
1.025327643447357332e+03
1.030872087699360236e+03
1.045045150913623729e+03
1.029884958948919802e+03
1.047408686936523736e+03
1.038319438552474139e+03
1.035835981906475809e+03
1.040743141044860522e+03
1.046276292809100823e+03
1.034047842226269495e+03
1.038845068327420222e+03
1.039321436502498727e+03
1.039867238509188155e+03
1.037889662679968751e+03
1.050634658261563345e+03
1.044443160517594151e+03
1.049674711373270839e+03
1.042459012471991628e+03
1.051730410345871860e+03
1.033948594374282266e+03
1.026723685175890978e+03
1.034459765016365736e+03
1.044303915412327342e+03
1.040927387333938441e+03
1.042235808822701983e+03
1.044453746502868398e+03
1.041972640327468525e+03
1.025134407117113597e+03
1.040122712290625259e+03
1.036338671944739190e+03
1.045108801649352245e+03
1.040602611743057423e+03
1.040741346859313353e+03
1.032123668666743242e+03
1.050863902581344064e+03
1.034804432866030311e+03
1.037201282025876253e+03
1.063832416589757031e+03
1.027801713691857231e+03
1.049380060203647190e+03
1.048356655471173553e+03
1.037055133534464630e+03
1.046265983529851383e+03
1.041117972493139632e+03
1.057522815408529823e+03
1.036543796787158726e+03
1.042700405212077385e+03
1.049188640690824741e+03
1.047848118816006263e+03
1.045658446596046360e+03
1.049870491495895521e+03
1.063270744238279804e+03
1.047303056988889011e+03
1.045962214275742554e+03
1.044471355525966828e+03
1.060645027068068885e+03
1.044872964807991139e+03
1.055913886717902187e+03
1.043351643575068238e+03
1.036051570374753283e+03
1.050289074236899069e+03
1.039105534267216171e+03
1.046074556938662226e+03
1.038305985699368648e+03
1.038750371426506490e+03
1.059386390264777219e+03
1.063610878301791900e+03
1.030066550382389096e+03
1.041849776211339758e+03
1.043258910999715908e+03
1.048682672451030385e+03
1.052057843230545132e+03
1.051949873083784496e+03
1.046145515211117527e+03
1.042854121362000114e+03
1.046210652925065233e+03
1.059663250676633197e+03
1.061610237348195824e+03
1.048976457833503218e+03
1.047571713051754841e+03
1.042001306628731527e+03
1.034768713698500960e+03
1.053193798032858922e+03
1.050328388364242755e+03
1.050163187248965869e+03
1.050325204643501820e+03
1.042761378165337874e+03
1.049271205154392874e+03
1.064413738258811463e+03
1.033598584393904957e+03
1.038460472041841058e+03
1.053799855856023214e+03
1.059085272114071358e+03
1.049891693255856580e+03
1.051344487690093501e+03
1.051415140089953866e+03
1.042955824219069655e+03
1.049793184454790890e+03
1.035620654354713224e+03
1.034329266123707384e+03
1.046980465262323605e+03
1.065902987846874112e+03
1.051349515933482280e+03
1.047493609259643335e+03
1.053833216478163195e+03
1.063520223930928751e+03
1.037554773281135340e+03
1.047985939102192788e+03
1.038687347572325962e+03
1.047769832537818957e+03
1.038040126212923269e+03
1.043367920163202143e+03
1.051816161989316470e+03
1.048639589002186995e+03
1.057622980502619612e+03
1.044726085367256928e+03
1.042736527186773401e+03
1.062425239224604638e+03
1.063151627953636989e+03
1.051979926296235135e+03
1.047355100896541217e+03
1.066204414369159849e+03
1.056456044318616705e+03
1.053756804932430896e+03
1.048228751697309917e+03
1.049576747398332373e+03
1.051967500912953938e+03
1.060704967503187845e+03
1.065953047853055750e+03
1.053402730596284528e+03
1.038271950045157837e+03
1.057207777401736394e+03
1.059616482531446081e+03
1.053496043500088490e+03
1.049919172576853271e+03
1.066541608984338154e+03
1.057578144188362785e+03
1.069491387812726998e+03
1.061899894634251723e+03
1.079531109179619534e+03
1.046521554608070574e+03
1.048094789454544980e+03
1.039246940294228807e+03
1.050429932873062626e+03
1.050569380642778469e+03
1.072224287296980037e+03
1.037475043733587427e+03
1.065893335870835472e+03
1.043269910002439246e+03
1.069025038500335768e+03
1.040972662949609685e+03
1.057869758018122639e+03
1.049150201660167113e+03
1.058583112957531966e+03
1.073838009564180538e+03
1.055398437658972398e+03
1.076164583555563240e+03
1.054722894110376956e+03
1.070455724614398150e+03
1.048447118738534982e+03
1.048778301932287604e+03
1.049086006941003234e+03
1.051713618257319013e+03
1.058308384064602023e+03
1.068006613006919906e+03
1.048767163613415732e+03
1.049121554544487026e+03
1.079392855152733318e+03
1.069867948247074537e+03
1.047376876889273035e+03
1.058832760354313450e+03
1.053770960182109548e+03
1.046457999643444737e+03
1.070008166052607748e+03
1.081657108234995803e+03
1.049624169128480617e+03
1.066227619258960431e+03
1.064876350727127374e+03
1.047989655554019464e+03
1.061377919281945651e+03
1.061287305160972892e+03
1.060709327415874668e+03
1.055060562972404796e+03
1.055825206223684972e+03
1.066708377205276292e+03
1.072170253763270694e+03
1.063026065108857210e+03
1.052823206050866247e+03
1.053325148398533656e+03
1.056160161124473689e+03
1.068490957686090951e+03
1.068880701844678697e+03
1.064606302436793840e+03
1.063315432410447556e+03
1.051342324750575926e+03
1.072308566046762735e+03
1.066290867891912740e+03
1.061625825752743594e+03
1.077510817586334724e+03
1.067623864636148255e+03
1.061572358921998102e+03
1.063110132497654149e+03
1.070947497519301578e+03
1.075224735691658452e+03
1.056848701437400223e+03
1.056044980635596175e+03
1.045596548881865601e+03
1.062473825972602981e+03
1.068387570865715134e+03
1.070588333063374421e+03
1.058095421821161381e+03
1.068592349600270609e+03
1.057777070956426769e+03
1.072317111920744992e+03
1.072076640418251372e+03
1.053163058485563397e+03
1.073586762757603310e+03
1.065955158998127445e+03
1.063355969480325712e+03
1.065267534364762469e+03
1.066727670534977960e+03
1.054088684465197048e+03
1.060703969422194405e+03
1.077555971632464889e+03
1.056383646023382653e+03
1.065830236920060770e+03
1.056878286211225486e+03
1.060693154836173107e+03
1.067243557299105760e+03
1.059534828882416150e+03
1.073166523763839905e+03
1.078920288273984852e+03
1.065920814342502808e+03
1.074933864614181402e+03
1.078540545473592829e+03
1.064785414874430444e+03
1.061901238980904054e+03
1.057775130048130904e+03
1.077059510977228911e+03
1.063125079906951441e+03
1.054801906259671114e+03
1.065613763407040096e+03
1.056859676425751331e+03
1.060691544813683777e+03
1.049330380467979012e+03
1.065628605338730949e+03
1.065734634034671672e+03
1.067412871656694506e+03
1.087699967742427589e+03
1.053378949234970378e+03
1.065798211037994406e+03
1.063104460832501672e+03
1.069931313489903914e+03
1.063279034984634336e+03
1.064820982979184691e+03
1.051823684048824362e+03
1.068938532205786714e+03
1.054428426860565423e+03
1.066758507700242035e+03
1.069788591739714548e+03
1.072219388079660121e+03
1.063716324225019889e+03
1.066120249478713959e+03
1.062635188680475949e+03
1.064791770940671768e+03
1.074705593322446248e+03
1.068708187653238156e+03
1.078762859050722454e+03
1.069329913467079223e+03
1.070870986554646379e+03
1.066557256195333139e+03
1.065449466250461910e+03
1.057040331322421707e+03
1.071978112132615252e+03
1.071798729087998936e+03
1.067078504474147621e+03
1.076239752072983492e+03
1.065379184018458091e+03
1.084125783716125852e+03
1.061475832143452408e+03
1.069445672358085176e+03
1.066043951186505865e+03
1.075932478929889157e+03
1.062665861494183218e+03
1.066826873303621824e+03
1.071584454366402269e+03
1.081727380804951736e+03
1.092248893014646910e+03
1.065687090406557900e+03
1.072046091144786715e+03
1.077067460056156278e+03
1.067134458387744644e+03
1.073876912084724836e+03
1.062957424653856606e+03
1.079538291160349672e+03
1.077790138841094858e+03
1.065623572255240560e+03
1.064917099060637383e+03
1.066165148327766474e+03
1.081911662139876853e+03
1.076721225297672845e+03
1.081335414016214372e+03
1.082407213943302395e+03
1.060668652839809965e+03
1.061529746740606015e+03
1.077555597878359549e+03
1.071048120239451919e+03
1.078183436289848487e+03
1.060469382310853916e+03
1.070853838999958953e+03
1.067416352222670866e+03
1.059767996724513750e+03
1.074802614099266748e+03
1.065921127439603197e+03
1.091977707788828639e+03
1.056827458170856744e+03
1.082528144476400485e+03
1.078573648421821872e+03
1.078846190439230440e+03
1.066468900609020693e+03
1.070952333779687706e+03
1.071888822837437829e+03
1.075259991375082791e+03
1.083761194137750181e+03
1.083019085625342768e+03
1.067542538668583802e+03
1.075574694611040513e+03
1.067525881209249519e+03
1.069731946143875803e+03
1.069980879851560758e+03
1.064851481154787734e+03
1.072149805340393868e+03
1.070817430672940191e+03
1.073991633731973025e+03
1.079237572626439487e+03
1.080047299601437999e+03
1.079725674913029252e+03
1.086289338324701703e+03
1.083668806132222471e+03
1.068240418600874818e+03
1.081950788851313064e+03
1.082975527972136206e+03
1.080159091183967803e+03
1.069306388578313772e+03
1.070814993162901828e+03
1.065260811589287187e+03
1.078126287107433882e+03
1.073446398558430701e+03
1.083593111173101533e+03
1.078059813832813006e+03
1.089425473342815621e+03
1.070708339490046455e+03
1.080939429789955966e+03
1.074826676204468185e+03
1.069848183897252511e+03
1.077338204651118531e+03
1.075750349255235278e+03
1.080762578561125565e+03
1.092101251727814088e+03
1.079439619459401229e+03
1.090226443077157910e+03
1.077905183474722662e+03
1.073621056137553524e+03
1.093717152425325139e+03
1.079066673779016128e+03
1.086485837734436245e+03
1.077307698076503812e+03
1.074760556016406781e+03
1.068668631860555706e+03
1.078278647178612118e+03
1.078813868030546701e+03
1.089653360308328729e+03
1.070544484171250815e+03
1.093871811853133295e+03
1.090368865922465602e+03
1.075074029128580605e+03
1.085145297816766970e+03
1.070139406737138643e+03
1.064920174718208045e+03
1.091293849830984982e+03
1.075602190136974968e+03
1.098251516677369864e+03
1.088175931797273734e+03
1.091190914895446895e+03
1.069162014112921725e+03
1.074420483369580325e+03
1.074202715657156659e+03
1.075702463412973657e+03
1.068996591001220622e+03
1.096223610740946697e+03
1.078444559889554512e+03
1.071304177724118517e+03
1.073294396179711157e+03
1.094399333259223795e+03
1.085219561016655462e+03
1.084318838030995039e+03
1.089408391120262422e+03
1.083509318566502543e+03
1.101191108762284784e+03
1.073720399707891602e+03
1.092825174738160058e+03
1.074924154574230442e+03
1.093915377149448432e+03
1.088886221891451896e+03
1.073759207859970729e+03
1.087129810369003962e+03
1.069902586510243282e+03
1.092518169559910802e+03
1.093762379801702991e+03
1.076166244923760587e+03
1.099250524937728642e+03
1.092223582857288875e+03
1.085154279791246836e+03
1.088713956661626071e+03
1.074010751910685940e+03
1.101296986649307428e+03
1.068603864314541170e+03
1.091822022733482527e+03
1.084330963751591071e+03
1.097520507840452638e+03
1.085810427767841929e+03
1.080278832560300316e+03
1.088263228518213282e+03
1.092027867231544406e+03
1.077879683271872182e+03
1.091519129162733407e+03
1.082759451692152197e+03
1.093033128152785139e+03
1.089208335909022026e+03
1.099888178813155946e+03
1.087447327318839598e+03
1.087542910087218843e+03
1.088531359287167561e+03
1.078937810819206561e+03
1.085483962566994023e+03
1.084482407984001838e+03
1.087276123696337208e+03
1.096401334029719010e+03
1.089214664918227527e+03
1.078454693556606799e+03
1.083626359413956834e+03
1.087469251477414218e+03
1.077893174679594495e+03
1.094526435967210546e+03
1.094375195791164288e+03
1.076449147422991928e+03
1.092659936119430085e+03
1.070325020071394192e+03
1.082486790586510097e+03
1.086069575543298470e+03
1.088119547134220738e+03
1.088528682412729040e+03
1.090888028616545625e+03
1.098139522496062909e+03
1.099288800662198128e+03
1.084808409097337289e+03
1.097733609149865742e+03
1.105214384422325793e+03
1.075221998821359421e+03
1.082893551195172677e+03
1.084624457710816159e+03
1.107752216561120122e+03
1.098948985724471868e+03
1.092389832713628493e+03
1.090353987486007782e+03
1.104554927314768975e+03
1.084376566339803048e+03
1.092244070805507818e+03
1.102752893151516446e+03
1.078242286712420309e+03
1.092429790502562810e+03
1.102009911983237771e+03
1.102391153375059503e+03
1.104911728339086721e+03
1.113293046234138728e+03
1.090965515864019380e+03
1.091023226135839650e+03
1.100977800098044781e+03
1.097137897117036573e+03
1.081907788374356869e+03
1.090098330293919389e+03
1.098201433678575995e+03
1.093757547952058303e+03
1.092654285025785839e+03
1.079472144721798031e+03
1.096204360339638242e+03
1.085032937417304083e+03
1.095917073448141082e+03
1.098186008522897964e+03
1.106575357940680533e+03
1.110808717190522430e+03
1.109021158118622907e+03
1.085058065575938372e+03
1.099009085743236028e+03
1.089517021483485223e+03
1.094770715324070125e+03
1.094889437514634665e+03
1.108404764251996085e+03
1.092236061899193146e+03
1.097398478633887635e+03
1.088690067057304077e+03
1.102501524696187516e+03
1.091624464122004611e+03
1.094074085261696382e+03
1.110339472735530762e+03
1.090835540758880370e+03
1.082067066525753035e+03
1.104128052998066551e+03
1.105446068779827101e+03
1.093852802420895387e+03
1.106930490133637477e+03
1.087825225159448792e+03
1.096120658352709142e+03
1.097722593307708621e+03
1.103951385914935827e+03
1.107523160673744087e+03
1.084473970762594263e+03
1.088805579122985819e+03
1.077558590083622903e+03
1.106262015379408467e+03
1.111045286353157280e+03
1.092814549850079857e+03
1.095668658903404321e+03
1.094844492811634154e+03
1.094525101134041051e+03
1.093975270070413217e+03
1.093035978479224013e+03
1.106582065985773397e+03
1.098466760577696277e+03
1.082076204127539768e+03
1.096531244447384097e+03
1.104186638769982665e+03
1.096673289097195493e+03
1.098980777852984147e+03
1.095296296888540610e+03
1.107148772192251954e+03
1.108663687718761821e+03
1.089872475327946859e+03
1.105597951616171031e+03
1.101410979737225261e+03
1.105544546760667799e+03
1.095336622129888383e+03
1.080738680602980821e+03
1.107896079153923893e+03
1.106453543801827436e+03
1.109877432739186816e+03
1.107722337269166019e+03
1.090928690233648695e+03
1.099326446791050785e+03
1.100490608708062837e+03
1.115409244248815412e+03
1.101320244727268346e+03
1.106736286307892897e+03
1.114922645316818716e+03
1.100212827226935588e+03
1.102103246657319232e+03
1.098861246736616295e+03
1.098592280287570475e+03
1.100187923110263000e+03
1.098220128296671874e+03
1.096608155695918413e+03
1.103659029624990808e+03
1.103700521425618490e+03
1.111363866896918125e+03
1.094819469733711458e+03
1.100907279921717191e+03
1.097077448620441828e+03
1.102379512809591006e+03
1.095014574920847281e+03
1.095658703369800605e+03
1.091982433005373650e+03
1.104344184516916357e+03
1.110308943635440528e+03
1.108958276768493079e+03
1.108709023371490275e+03
1.109270512283023436e+03
1.098555281710217059e+03
1.097900626439506141e+03
1.103458698501134904e+03
1.105140643259128183e+03
1.097909990220949567e+03
1.116196939217146110e+03
1.091593037843512775e+03
1.105007439140009410e+03
1.098669151473008014e+03
1.103543450297162508e+03
1.102702756334682363e+03
1.089295203871660306e+03
1.098341579622183190e+03
1.091987357969059758e+03
1.085842954945788961e+03
1.099593913836225056e+03
1.113325236216899157e+03
1.117554684635693093e+03
1.098539075421934285e+03
1.102794453537349682e+03
1.113812708376169212e+03
1.088385971547838608e+03
1.107132740376537413e+03
1.110592777350181677e+03
1.106793648670485936e+03
1.115924215491239011e+03
1.097189369774266652e+03
1.084298677855490951e+03
1.095858914824007798e+03
1.101851336313678075e+03
1.100071846048511361e+03
1.111792764866563857e+03
1.102850048007644318e+03
1.111639977038805682e+03
1.114908943261009654e+03
1.102388318774054824e+03
1.110981923662144936e+03
1.112247777581388618e+03
1.093000954630020260e+03
1.111962612004336052e+03
1.099111400395600185e+03
1.110672941187850483e+03
1.093291074954479654e+03
1.105784719171559345e+03
1.112945038650372908e+03
1.114160783843071613e+03
1.117937775767114545e+03
1.112083223932964529e+03
1.105471392495018335e+03
1.090881580218061572e+03
1.100763074733732310e+03
1.090612375722329944e+03
1.107151109692840919e+03
1.117149252813846942e+03
1.103181386532487750e+03
1.101700067710795793e+03
1.100238592779834335e+03
1.123913484036164846e+03
1.115845102369242113e+03
1.098951969066512902e+03
1.112462712538239430e+03
1.090888243662019704e+03
1.092799075977021175e+03
1.116287686944080406e+03
1.107356953604437194e+03
1.123037669384552373e+03
1.099750473975047726e+03
1.115320719110173741e+03
1.115971695848059426e+03
1.106529142278641530e+03
1.102441067211308791e+03
1.107805729631984605e+03
1.115026798180466585e+03
1.104831976576249644e+03
1.123311498139931246e+03
1.120578686784921729e+03
1.117004484952733719e+03
1.116492002838818735e+03
1.113084506419225136e+03
1.117036049667265161e+03
1.114409441464734300e+03
1.106112763027981146e+03
1.097185048955513139e+03
1.113505990405351213e+03
1.102072053229172070e+03
1.111442147002655020e+03
1.111855744918120308e+03
1.123577277312404931e+03
1.100529624878777895e+03
1.119032542004861853e+03
1.111575168815837969e+03
1.109523286280662433e+03
1.107360602105087537e+03
1.129835051131070713e+03
1.116152276090753730e+03
1.105525356690231092e+03
1.099888692623398811e+03
1.107641082563042801e+03
1.116119416665873814e+03
1.101644672760015510e+03
1.113680012225589735e+03
1.122865683170515695e+03
1.124009061753844890e+03
1.093733259144239810e+03
1.120231334213256332e+03
1.124202147516433115e+03
1.112348975295290074e+03
1.102886842481434087e+03
1.106474047420455690e+03
1.119301574221038436e+03
1.101580057035952677e+03
1.119523752793132189e+03
1.114013582809903255e+03
1.122928559948113389e+03
1.111156473284092272e+03
1.099267359263140634e+03
1.112674587899149856e+03
1.130004174678911795e+03
1.105770707844281787e+03
1.115229642307349877e+03
1.108540964873859139e+03
1.095474727811181992e+03
1.110137592731652376e+03
1.099958577900092223e+03
1.115333875573636078e+03
1.128350050929296003e+03
1.109167661815739166e+03
1.121754081597683125e+03
1.112653838668901699e+03
1.118952692564274457e+03
1.112098024553295090e+03
1.124075285010597099e+03
1.103992361007453383e+03
1.119538057992777340e+03
1.108886797334582752e+03
1.111323007092408943e+03
1.125750647590891276e+03
1.121942496703457209e+03
1.098576652669325085e+03
1.125156453077534934e+03
1.125526537694382114e+03
1.119453786859995944e+03
1.107210639125962189e+03
1.113503430230864979e+03
1.109956706669683626e+03
1.117668529952419931e+03
1.119980398886407556e+03
1.113979292741954623e+03
1.118461404157026664e+03
1.112749888362700176e+03
1.120600310274237700e+03
1.122436396114271929e+03
1.130861134847681797e+03
1.111892761948677617e+03
1.111572461965613456e+03
1.109186355883203987e+03
1.129575686226833113e+03
1.117807021739862876e+03
1.108519099727041748e+03
1.108821501485020690e+03
1.115917007306017240e+03
1.120712050364493962e+03
1.128915627546388123e+03
1.119649468989948218e+03
1.116273499053912701e+03
1.124759124511274877e+03
1.114412457942636365e+03
1.105167626248739452e+03
1.137392029122555186e+03
1.118234438638128495e+03
1.102098301198269837e+03
1.107978164737867246e+03
1.116706846433980900e+03
1.131611685417404260e+03
1.113206742995457034e+03
1.131775542424523337e+03
1.111819261228771438e+03
1.116365264812751093e+03
1.134610926203362851e+03
1.123337382881488566e+03
1.128173373098782122e+03
1.129046410488713036e+03
1.126677886681634845e+03
1.114493132405359802e+03
1.125410619130881287e+03
1.114073718369831568e+03
1.123449617483446673e+03
1.138653235666770115e+03
1.103750531369867531e+03
1.122226134560154605e+03
1.121967457359607806e+03
1.120913400716383194e+03
1.111121258097150758e+03
1.117167468164887168e+03
1.127664647664081485e+03
1.125565867256519596e+03
1.115271901657534499e+03
1.118299471718717086e+03
1.132433128703111379e+03
1.129744792727892218e+03
1.126892702276432374e+03
1.128061553008342344e+03
1.140368250567583573e+03
1.128027993698224691e+03
1.123326283467803478e+03
1.125820055253455621e+03
1.130040436247615162e+03
1.124488530157874948e+03
1.126214683384429691e+03
1.122565772903460811e+03
1.137019638691633872e+03
1.114536103956833585e+03
1.118385661956109288e+03
1.126789417398915930e+03
1.116293046860540016e+03
1.110573434263490526e+03
1.132678665882187715e+03
1.112312838933323519e+03
1.099704811488937139e+03
1.120420577882163570e+03
1.120826647585791534e+03
1.126516191255309423e+03
1.132988136334126011e+03
1.121582145392962275e+03
1.115841860263897843e+03
1.124162358209143804e+03
1.124311840030353778e+03
1.136133260947139433e+03
1.123328103026610279e+03
1.129985910592237587e+03
1.115603296090177309e+03
1.126118003687053260e+03
1.117566646378650375e+03
1.114828279059217039e+03
1.133584591676097489e+03
1.138006787171756969e+03
1.135723807841874759e+03
1.121159635128374248e+03
1.105770497755099996e+03
1.124896479195536131e+03
1.103107845942733320e+03
1.130422781893672436e+03
1.128526578504569443e+03
1.130280501707438816e+03
1.133724963903298431e+03
1.126671665259546444e+03
1.115550481646991784e+03
1.129189618067563288e+03
1.127289338410977052e+03
1.140706164359295144e+03
1.118785590438163581e+03
1.140348382523405007e+03
1.127215637369765318e+03
1.123149107963150072e+03
1.124535063404629682e+03
1.124958467664067712e+03
1.133949897851275409e+03
1.121257297221434328e+03
1.142788888781727792e+03
1.119120580231446183e+03
1.126023484568693448e+03
1.124522974567806386e+03
1.126182027147911640e+03
1.136085707125011140e+03
1.142634305299151038e+03
1.127006593326658503e+03
1.122749246233890062e+03
1.126589163691206977e+03
1.144008349014212399e+03
1.128896998496671586e+03
1.136191450802451982e+03
1.142138177040716982e+03
1.136253893875727954e+03
1.125822166711253885e+03
1.139865495512580310e+03
1.130432048856505844e+03
1.135740338124330947e+03
1.120414854012933347e+03
1.135458793477856489e+03
1.126578735211546245e+03
1.128363469735804756e+03
1.134184633704752287e+03
1.129094773630474265e+03
1.116979984628118473e+03
1.135148673467964500e+03
1.130545088285269912e+03
1.147068465472895923e+03
1.144971504567426564e+03
1.120919243634125678e+03
1.122294420487791285e+03
1.139220422569575248e+03
1.138974079102545602e+03
1.119899709696810305e+03
1.143705403862471258e+03
1.127131471416475051e+03
1.133172673095159553e+03
1.133175595370121073e+03
1.113697012922614249e+03
1.127466717777878102e+03
1.123835894612829179e+03
1.118721530754067317e+03
1.128151885777446296e+03
1.140853304528249282e+03
1.139866819808445143e+03
1.132673514901377985e+03
1.119015654151153512e+03
1.145578347373995939e+03
1.135992434847662253e+03
1.139511896078710151e+03
1.132421229851107455e+03
1.137216593231192519e+03
1.154656846997606863e+03
1.131733136046465688e+03
1.139048199032084767e+03
1.140758263061246453e+03
1.133166982896816762e+03
1.127064555534160036e+03
1.130218900239331560e+03
1.132547843064392282e+03
1.127599112904474623e+03
1.133833636153589850e+03
1.140701832217788024e+03
1.125380843623862802e+03
1.118828560117465940e+03
1.141150095268953919e+03
1.146641314562025400e+03
1.122471803015733713e+03
1.125066453775526725e+03
1.125769391068683944e+03
1.143948427508826853e+03
1.132822511712710366e+03
1.150941197486268265e+03
1.155976745661078667e+03
1.138393690453494628e+03
1.119964491640319693e+03
1.125757934639418863e+03
1.134236744548913975e+03
1.131128034612599095e+03
1.143903243419375258e+03
1.130559145658897933e+03
1.150413691930154073e+03
1.147756528292453140e+03
1.144597351760357697e+03
1.133445869052496619e+03
1.122645864182893320e+03
1.132474833262113407e+03
1.138152723951047847e+03
1.145499975366157059e+03
1.138859891159539075e+03
1.154991481817280373e+03
1.141577464362447017e+03
1.145065754966776012e+03
1.141177959193021024e+03
1.140080707532866199e+03
1.139119411497876627e+03
1.134843401894306908e+03
1.132281523162992016e+03
1.137200689625989753e+03
1.136810589086256414e+03
1.136763873765691187e+03
1.136372262121683434e+03
1.136512640934430920e+03
1.141268288180245008e+03
1.143642098429399311e+03
1.139990703242452128e+03
1.139659006214458259e+03
1.148880045294404454e+03
1.149451960613140955e+03
1.135680886047653530e+03
1.124889384158889470e+03
1.143830311736325029e+03
1.135900322623243255e+03
1.149998230223174005e+03
1.140478494975151762e+03
1.139159253413701663e+03
1.129773913367615933e+03
1.131591209754163174e+03
1.131254493260162462e+03
1.130949083259465397e+03
1.133179554100192263e+03
1.142143220103645035e+03
1.143527293722228251e+03
1.142082035240741106e+03
1.151559301129865162e+03
1.140128323507029563e+03
1.146127863444382228e+03
1.135131285354801548e+03
1.152417283682852030e+03
1.144009578831548652e+03
1.138497285071763372e+03
1.146123788195101270e+03
1.126001787316158698e+03
1.146611098126537399e+03
1.142022521986245465e+03
1.150868069074738514e+03
1.152984525707060357e+03
1.131302736410994839e+03
1.134649798284292729e+03
1.150406919103512337e+03
1.131989502588606456e+03
1.136922254311106371e+03
1.130102361521411240e+03
1.152384503155123639e+03
1.142129106631603918e+03
1.125696160807244723e+03
1.153030834091669931e+03
1.147066807006567842e+03
1.128051822778747464e+03
1.149636351306382721e+03
1.135709376983005541e+03
1.130581310194264233e+03
1.142631372157653686e+03
1.155671601361426838e+03
1.141351993171073218e+03
1.126239167730391273e+03
1.135090614312349999e+03
1.142495780143800175e+03
1.140054534213533088e+03
1.137809515415055785e+03
1.134184137384228734e+03
1.138033985313725452e+03
1.138192276321231930e+03
1.134427844801182346e+03
1.151497026846478093e+03
1.143698171738048131e+03
1.144545047587129375e+03
1.142046122848315235e+03
1.150350400160384879e+03
1.153370460412110333e+03
1.146885279667573741e+03
1.143273058153234842e+03
1.133023548452864816e+03
1.140528097513742978e+03
1.139515584485909130e+03
1.141179671818148563e+03
1.157736055308928144e+03
1.144217056174549271e+03
1.146898940279041881e+03
1.145973484820583280e+03
1.137575179358432024e+03
1.133392554961456426e+03
1.162916020828282853e+03
1.146565438685865274e+03
1.148767097719341564e+03
1.136583345905777151e+03
1.149410586154863950e+03
1.153885342030856236e+03
1.138396746665620412e+03
1.154119491240357547e+03
1.146100323714114438e+03
1.157015787285284659e+03
1.147988245131243502e+03
1.139488708697920174e+03
1.160652604449556975e+03
1.148207559878319216e+03
1.144977206876744731e+03
1.141421319121430088e+03
1.122852888666609260e+03
1.141831907271038972e+03
1.132765789906229202e+03
1.154117514012089487e+03
1.128960714071059101e+03
1.150998402167380846e+03
1.153708212629999480e+03
1.155526846440726331e+03
1.150353630580658091e+03
1.139413383197692838e+03
1.140204531606698993e+03
1.136910510379756943e+03
1.179325327332340521e+03
1.149862335780848298e+03
1.131059080253262437e+03
1.137988331331111340e+03
1.142844761880209717e+03
1.161039089857441013e+03
1.143337818969637738e+03
1.150056248935924032e+03
1.153584633204619877e+03
1.151970639218524866e+03
1.149352720806370826e+03
1.149181847209307080e+03
1.153925084479497855e+03
1.162915839038295871e+03
1.150307913292310559e+03
1.143074203881629273e+03
1.127700594514302111e+03
1.148574699680370486e+03
1.140758943998614541e+03
1.151553624318389438e+03
1.151384883728092063e+03
1.144104171339806953e+03
1.150669712276237306e+03
1.150806579570578378e+03
1.147542020659997434e+03
1.145564395021101063e+03
1.141012790985757192e+03
1.163346635430199512e+03
1.156444923395766409e+03
1.140164450464109450e+03
1.141784182459662134e+03
1.147238036656968688e+03
1.157575192146988002e+03
1.141670061659637213e+03
1.157295604044432594e+03
1.146815222472892401e+03
1.146979186099540357e+03
1.154981389050793950e+03
1.142444099931800110e+03
1.138800180648366222e+03
1.153305454780239870e+03
1.141127060989538677e+03
1.136564908375862160e+03
1.137526855771561486e+03
1.146910881867386706e+03
1.154529625252034066e+03
1.136073005753212556e+03
1.172968575476012347e+03
1.157448449732941299e+03
1.155430362368727629e+03
1.159466721533091231e+03
1.152789165199833405e+03
1.158000669190146027e+03
1.164800660979315126e+03
1.156017997918665060e+03
1.141181052703861724e+03
1.142469639320610440e+03
1.147509033691465675e+03
1.147237037734888645e+03
1.146358473220846918e+03
1.160534785462859418e+03
1.145313471799824583e+03
1.138087080838048450e+03
1.150428348191496980e+03
1.154645550916718548e+03
1.150049828067005365e+03
1.160276457031708105e+03
1.152239718524565433e+03
1.161230001311608703e+03
1.160902543960414050e+03
1.153259958764047269e+03
1.146521803791901675e+03
1.162036811792654589e+03
1.153051126075169577e+03
1.150725246290786345e+03
1.138125099979393326e+03
1.145002348782591525e+03
1.141234297194509963e+03
1.147055391508975163e+03
1.151484942170795875e+03
1.155251702240693248e+03
1.158401760998801137e+03
1.146205045507133718e+03
1.144595087039705277e+03
1.142232613528203046e+03
1.164883045165955537e+03
1.155932861360494371e+03
1.145021959063437407e+03
1.160697535869714102e+03
1.158593916716657532e+03
1.160540749144019401e+03
1.152215064526174729e+03
1.163637683257651133e+03
1.164676817649802388e+03
1.145192615849653293e+03
1.143820756444772314e+03
1.155024159959360077e+03
1.148677255731229707e+03
1.154712873966816232e+03
1.170076103089870685e+03
1.156145334504596576e+03
1.165705278435516902e+03
1.154279805721333560e+03
1.158313450906656271e+03
1.158050562400283525e+03
1.159944458786608948e+03
1.154006477761660335e+03
1.162778634039621238e+03
1.148683614711025029e+03
1.167780774899970083e+03
1.143850976124211911e+03
1.159693250430467970e+03
1.149514564063321814e+03
1.159887805188955554e+03
1.162715341106358437e+03
1.155990272531538494e+03
1.160574388850403011e+03
1.155882185666077930e+03
1.156477414798373502e+03
1.153640860050032188e+03
1.151408763045278647e+03
1.148325116541785746e+03
1.161027075567979637e+03
1.149844926757720486e+03
1.151066132472677737e+03
1.172688154144975670e+03
1.160539564840115190e+03
1.168250562039609576e+03
1.160452498312629359e+03
1.147083048910354137e+03
1.157002340619387496e+03
1.146769478086240724e+03
1.161341402262004749e+03
1.156347960489849129e+03
1.161087933718217073e+03
1.168692644431224380e+03
1.158066847200890834e+03
1.151739344797091007e+03
1.150676520476738688e+03
1.141766975780015400e+03
1.173722026690686562e+03
1.168710911868890662e+03
1.149482379977849632e+03
1.161314581720203705e+03
1.143054657856234371e+03
1.174366936919619320e+03
1.156804678983131680e+03
1.156402827698611190e+03
1.141133759976004058e+03
1.152739407331174334e+03
1.153478419571571749e+03
1.158372456523141182e+03
1.155818411472045909e+03
1.144487704157843382e+03
1.161444753253928411e+03
1.168172073853958409e+03
1.165498466369423568e+03
1.132136915212568283e+03
1.153688409088721755e+03
1.159048524637559467e+03
1.160272095074696381e+03
1.155821151080399204e+03
1.152803468852004698e+03
1.163904380418656274e+03
1.155160392522967413e+03
1.162761899185602715e+03
1.149400774810189432e+03
1.160680614859246589e+03
1.163450721173479906e+03
1.147117647187220882e+03
1.156275787996574309e+03
1.177258803704406546e+03
1.157057447341392162e+03
1.157929793801909909e+03
1.162719725418070993e+03
1.164489907104215035e+03
1.152715718202040080e+03
1.157840836205125470e+03
1.174087265240905708e+03
1.168930471690825243e+03
1.167192460419232248e+03
1.155166155699575484e+03
1.158841186555298918e+03
1.165267605050502880e+03
1.174303301082965163e+03
1.149195004058659151e+03
1.158968087648023356e+03
1.145636059556143664e+03
1.166863318798288674e+03
1.173879396927702146e+03
1.161693728640613472e+03
1.141484825431099352e+03
1.162643279768937646e+03
1.163385949636681971e+03
1.164754989919886384e+03
1.165456226843301692e+03
1.161643346017099475e+03
1.167341319783788549e+03
1.174537305006469751e+03
1.163170080560014640e+03
1.158946295153077017e+03
1.174478999447096612e+03
1.165815303566458624e+03
1.175854546123993259e+03
1.157870399424743027e+03
1.179740362618760400e+03
1.166737334465916319e+03
1.150676782765157895e+03
1.160574406274288322e+03
1.171124089265027806e+03
1.189364178528147704e+03
1.161297204959491864e+03
1.167824400001504955e+03
1.174503410156329210e+03
1.159500932262440983e+03
1.160415864018312959e+03
1.158358941904686390e+03
1.154743889053902421e+03
1.160033980231418354e+03
1.166439948866256145e+03
1.171691588850407470e+03
1.167946577356579610e+03
1.163665014248292437e+03
1.167411771302335410e+03
1.151261437346026696e+03
1.177630785368623265e+03
1.155052553586934664e+03
1.156158058990139580e+03
1.173251613884337303e+03
1.159820218797224015e+03
1.171140843295778495e+03
1.157550470972462563e+03
1.156530819677292584e+03
1.148148150736189336e+03
1.168444637302256297e+03
1.157080783707326191e+03
1.167654304790530432e+03
1.142491594789625424e+03
1.160822204068715791e+03
1.159559391567042212e+03
1.149665161819748846e+03
1.163566750148746223e+03
1.174657343998136639e+03
1.183617496456826757e+03
1.158211518620539209e+03
1.165778088052733892e+03
1.168178206245873071e+03
1.170621704624470112e+03
1.145619093996621586e+03
1.158485948224289587e+03
1.154584624903839085e+03
1.170051840936272129e+03
1.171339085873446038e+03
1.155505844054908948e+03
1.160154571864688705e+03
1.144047258912321695e+03
1.170990757839525941e+03
1.167564012185309821e+03
1.155027472760197725e+03
1.167438810374569812e+03
1.165050053823956432e+03
1.160513274117328365e+03
1.173829385313010107e+03
1.160263039114198818e+03
1.164186895241267166e+03
1.162849173040355254e+03
1.172687509451266351e+03
1.164194901074899462e+03
1.172216419680676381e+03
1.153716971921440290e+03
1.156586179813712988e+03
1.162448414490774439e+03
1.160766783134188472e+03
1.176313721812017320e+03
1.162357664654447944e+03
1.170055477911817434e+03
1.149381323322701292e+03
1.169740068703838915e+03
1.159132321067048906e+03
1.169330389328962838e+03
1.167546301491965778e+03
1.160313676830754957e+03
1.156381061493264269e+03
1.171059897024451857e+03
1.178942803470528588e+03
1.164293573526640330e+03
1.173859398955693450e+03
1.142509007020832996e+03
1.142449635166784446e+03
1.156012784736434469e+03
1.175517829435594422e+03
1.159677712012989332e+03
1.177070006550185326e+03
1.174972954759635059e+03
1.173805346385099710e+03
1.170888572773603300e+03
1.158306412323684299e+03
1.166504067487419661e+03
1.168680448050134601e+03
1.167675720769022746e+03
1.157503476043541696e+03
1.170092129487091825e+03
1.171176646756230639e+03
1.171959465343582906e+03
1.170126186561330314e+03
1.177123381977641657e+03
1.159940846530803810e+03
1.180110316767385939e+03
1.164256471136577602e+03
1.173731146472549881e+03
1.154571551429303099e+03
1.169193722573258356e+03
1.180635744392666993e+03
1.167896144029289417e+03
1.174878785101916037e+03
1.168329604294083083e+03
1.167359742437692148e+03
1.163639405994354547e+03
1.184866381943220631e+03
1.169414627701791233e+03
1.155264273905370146e+03
1.173464398853663170e+03
1.173153265013456121e+03
1.170640920720004942e+03
1.152272290524486834e+03
1.161838890288081757e+03
1.161540333423063885e+03
1.179710451108891903e+03
1.186279832722001856e+03
1.168998701374836855e+03
1.155159630013122523e+03
1.170858075510850767e+03
1.167576065808841804e+03
1.163825336931136917e+03
1.175607192204272224e+03
1.184859458240852518e+03
1.175320744598523788e+03
1.168209778204690110e+03
1.158201042258597454e+03
1.178215494587355124e+03
1.191546681449614653e+03
1.161404535192222738e+03
1.187779155919390860e+03
1.181821484846330350e+03
1.168631147595894390e+03
1.163452755442923944e+03
1.182821533006838990e+03
1.157088271449604235e+03
1.157298819912729641e+03
1.165777397202872862e+03
1.160313505583008009e+03
1.189596803127407156e+03
1.168339623678653197e+03
1.173401903819590189e+03
1.180159163886811712e+03
1.164814264545688729e+03
1.169656798067544969e+03
1.174993505218914152e+03
1.162492327718350680e+03
1.172543818656444273e+03
1.171754332439115160e+03
1.165671265790864481e+03
1.166046402571334283e+03
1.183110108545631419e+03
1.169090898327081959e+03
1.167890549142079180e+03
1.172504905961204486e+03
1.184464654292187106e+03
1.178555118201915775e+03
1.182699562733832408e+03
1.165017328138628500e+03
1.165939393888426821e+03
1.153705878319881776e+03
1.186142316546179472e+03
1.188521418163146791e+03
1.170596327164448439e+03
1.161232350025621145e+03
1.177982529865039169e+03
1.180745622179211978e+03
1.168443466415128796e+03
1.172661502278506759e+03
1.173384544672316906e+03
1.172961582657459076e+03
1.169512947309014862e+03
1.176368375936720440e+03
1.182264211883157941e+03
1.176365877237866471e+03
1.167739083084870572e+03
1.162858973977108917e+03
1.165476793252385960e+03
1.162654204439298610e+03
1.153126362176241173e+03
1.179144970212477347e+03
1.168714610489915458e+03
1.177265550479018202e+03
1.173449855660959201e+03
1.168610749700042334e+03
1.182800124191118584e+03
1.168784090847567541e+03
1.185303082097139622e+03
1.165969376690200534e+03
1.169188896427615873e+03
1.178871669846612349e+03
1.169221477848572931e+03
1.167362738634722746e+03
1.165337121953494943e+03
1.155969024440380736e+03
1.169812131686221619e+03
1.183812781325317701e+03
1.162672663062258152e+03
1.166019403151790812e+03
1.161433307127164653e+03
1.161216108905766305e+03
1.177852207604079240e+03
1.179533885890498368e+03
1.170535668585354188e+03
1.170983830813914210e+03
1.184902618176647138e+03
1.171698199575353101e+03
1.161883801064890349e+03
1.178210153845582226e+03
1.152357209055546946e+03
1.189192265110013068e+03
1.162928674089381730e+03
1.161858307543079718e+03
1.176504182521814755e+03
1.164723813774011433e+03
1.176527303591862847e+03
1.155569606401911642e+03
1.175733891783441550e+03
1.179475968280030202e+03
1.176257917039677295e+03
1.172573442896298047e+03
1.177700789572447547e+03
1.173965168861674101e+03
1.175926445578468019e+03
1.164109213473860564e+03
1.179775012122533553e+03
1.174843376086939998e+03
1.190509671351333736e+03
1.200663838799973064e+03
1.185000567125018051e+03
1.167216586269027403e+03
1.174862513528220006e+03
1.160166343567421563e+03
1.177634104998298199e+03
1.178231508242985456e+03
1.183177886498729094e+03
1.161173126988333934e+03
1.173188624637627754e+03
1.162489548385898615e+03
1.177773649530297689e+03
1.177689064076522072e+03
1.175398525850536544e+03
1.177844196751123945e+03
1.171616652826374093e+03
1.179707566347915190e+03
1.156477226559297378e+03
1.161772138440912158e+03
1.172346565053659333e+03
1.186878269241152339e+03
1.172635335839857362e+03
1.181219130210484991e+03
1.174233862898448024e+03
1.168510441934383380e+03
1.175342581835759574e+03
1.182529022632918668e+03
1.178743160230960484e+03
1.166806533748154379e+03
1.161169425709795632e+03
1.175231989499238580e+03
1.170833242217704765e+03
1.161472060154673727e+03
1.179925547131744679e+03
1.183190842513349935e+03
1.194657095703656523e+03
1.170837670604799314e+03
1.168000582725816685e+03
1.178568164200601586e+03
1.171227092440479737e+03
1.170695818085272776e+03
1.167561785122087031e+03
1.178213284481975506e+03
1.175922375213437817e+03
1.166962915476578246e+03
1.166500685681647155e+03
1.168539836442356773e+03
1.176807405789730865e+03
1.153288618420032890e+03
1.184611209067924619e+03
1.180614256369604391e+03
1.169559448928009942e+03
1.168464743891987837e+03
1.171613582413346194e+03
1.178177729345315583e+03
1.177763219698335888e+03
1.187617801925134017e+03
1.167923983175010108e+03
1.164913004014165381e+03
1.178423566230385859e+03
1.174597588977638225e+03
1.183226598500912814e+03
1.164903025042969148e+03
1.167465637123518718e+03
1.172690301224947689e+03
1.166425725988010981e+03
1.175612199348704507e+03
1.178049197459093648e+03
1.183125694535598313e+03
1.177390916669444778e+03
1.176194481131404700e+03
1.180648190408032178e+03
1.171848403092966464e+03
1.171859415052508893e+03
1.178850056510520744e+03
1.159267158111258595e+03
1.179828291214443198e+03
1.169557052677391084e+03
1.187354376727251292e+03
1.169426952186829794e+03
1.178520618788124921e+03
1.150455284755076264e+03
1.171362397784746918e+03
1.186338228134598694e+03
1.179481849741816632e+03
1.181807928840820750e+03
1.160722212500834758e+03
1.176255448916812611e+03
1.172129339577102201e+03
1.205796850394283865e+03
1.190935020944679309e+03
1.165372038638703089e+03
1.187462009660165222e+03
1.170949196850632234e+03
1.184408656502988151e+03
1.181982949403358589e+03
1.184385925891968782e+03
1.180797692394673732e+03
1.180799574111946413e+03
1.171177595205661419e+03
1.172314503493975508e+03
1.179331186066144028e+03
1.169686400560541188e+03
1.152837211243106140e+03
1.180870563977592610e+03
1.199790106165522729e+03
1.165031983611836267e+03
1.169120986626571266e+03
1.186480919674646202e+03
1.177870024985363216e+03
1.172279242136330367e+03
1.177594239356416210e+03
1.165400852409891058e+03
1.180026831004189035e+03
1.189097065459678788e+03
1.186534574010458300e+03
1.177072349635647925e+03
1.181089436996174754e+03
1.163300611962401945e+03
1.179551312750957095e+03
1.174253868179342589e+03
1.185472702889930360e+03
1.185535780796262088e+03
1.170890031702950864e+03
1.195574234255836473e+03
1.186179375839659770e+03
1.173475554225910855e+03
1.180937480420798693e+03
1.169180536545698260e+03
1.167644318502613032e+03
1.179685895238196508e+03
1.164723163304839545e+03
1.177193658919979498e+03
1.182390410462581713e+03
1.175080183504112256e+03
1.185810416275725174e+03
1.168724919641014367e+03
1.166264851358598435e+03
1.164095045090587746e+03
1.174796757297354816e+03
1.193208814375004067e+03
1.176499847022678978e+03
1.180731403706478886e+03
1.181987157679960546e+03
1.183446235274476294e+03
1.162278805064805056e+03
1.173577137715344179e+03
1.182548801125099544e+03
1.175110732987248866e+03
1.167191071626081794e+03
1.183106083703844888e+03
1.160086876634855116e+03
1.177195863922752324e+03
1.182448428102928347e+03
1.180572101076050103e+03
1.174331073462158656e+03
1.185967897326383309e+03
1.175991568302203859e+03
1.182707498422470508e+03
1.181239375220616694e+03
1.170184053821441921e+03
1.168849696283810545e+03
1.172546943191341370e+03
1.171273312348425861e+03
1.177649700410458991e+03
1.188073718143143878e+03
1.181148707027849923e+03
1.189210328202194432e+03
1.180103655434322491e+03
1.177668884876928587e+03
1.174851551217309407e+03
1.182017158696346769e+03
1.180346049782738419e+03
1.175361275713471059e+03
1.193940924915407777e+03
1.166450555365660421e+03
1.178812400811125599e+03
1.168689598387810747e+03
1.181125538961584652e+03
1.191659304453466120e+03
1.177244399260706132e+03
1.176946201674907570e+03
1.197284970588493707e+03
1.184462299283665061e+03
1.170025415682831181e+03
1.186137092301595430e+03
1.185221475808918512e+03
1.170664681306050625e+03
1.187021470646508305e+03
1.180688647553110059e+03
1.189371858252118045e+03
1.176502354128619118e+03
1.174261611121103897e+03
1.178563521432952484e+03
1.173616201156703710e+03
1.184265701236420455e+03
1.196191772824053032e+03
1.182721846602554933e+03
1.177275180956017721e+03
1.178433613301099513e+03
1.167184551974178476e+03
1.180683441352057343e+03
1.181632413384104666e+03
1.177151615454047942e+03
1.181786898131928638e+03
1.164479850892333843e+03
1.166221299085388182e+03
1.192817390396962992e+03
1.166284227629840416e+03
1.179998411721129514e+03
1.176014271572895495e+03
1.176100573227807672e+03
1.159441046743372681e+03
1.172253747579630272e+03
1.161754998089083529e+03
1.177442084201318266e+03
1.193901005455088352e+03
1.186915736075916811e+03
1.184850662150303378e+03
1.180038356465756351e+03
1.171731989231305306e+03
1.179204265278932553e+03
1.167895683652878233e+03
1.170226795194676470e+03
1.172154121051294396e+03
1.172446344990613170e+03
1.178384442985616261e+03
1.177360719144705627e+03
1.172741197317902106e+03
1.177443747279023228e+03
1.178115819602568536e+03
1.186071368575512906e+03
1.183830864931348970e+03
1.174474342476684569e+03
1.178255624897467897e+03
1.172060014856992666e+03
1.178927701286471802e+03
1.174297501286165016e+03
1.188725484621883652e+03
1.180853289017681163e+03
1.173689319365590109e+03
1.186817019741167542e+03
1.177588922100397440e+03
1.182515789257680581e+03
1.169863427659092395e+03
1.186262970699148354e+03
1.197100671902975819e+03
1.170743449398535859e+03
1.175577345266355678e+03
1.158780488537609472e+03
1.185784517851924875e+03
1.159682690496604891e+03
1.181191288823456034e+03
1.184240625357681893e+03
1.161335189575854884e+03
1.183401238241920964e+03
1.175989711175286857e+03
1.176188539025258024e+03
1.179884243274144183e+03
1.172089852949039368e+03
1.182483376282104928e+03
1.175800171452683571e+03
1.186086409170986144e+03
1.183437169459915822e+03
1.174281035154156370e+03
1.171713365676899457e+03
1.173341695485025411e+03
1.181540201102933452e+03
1.179119650687553985e+03
1.160708341419569479e+03
1.182621674077378202e+03
1.159910571956324020e+03
1.173145767039245129e+03
1.168331872622909714e+03
1.182857209727641475e+03
1.184682012528766563e+03
1.173277476662651452e+03
1.180850980684574779e+03
1.181807999979574106e+03
1.168341757959980896e+03
1.181078196100957030e+03
1.164551411519229077e+03
1.185037880819865450e+03
1.179047645724003132e+03
1.180403827045269509e+03
1.177689546997209845e+03
1.184455159014443097e+03
1.185959108811060332e+03
1.184879841426951316e+03
1.180311050474501144e+03
1.176671805916904304e+03
1.182874748881261439e+03
1.173841918577896649e+03
1.183144466462729724e+03
1.160700669613813261e+03
1.174963094307208166e+03
1.190922110012692656e+03
1.192337804249723149e+03
1.179608413837692524e+03
1.178207471502279077e+03
1.174780808769366104e+03
1.187947808431257499e+03
1.176624470841046332e+03
1.177739502068066031e+03
1.171518390206760614e+03
1.188163081706552020e+03
1.175379114920614484e+03
1.185520172877155801e+03
1.174954316634792349e+03
1.190873155227008283e+03
1.171295179542033111e+03
1.164694007796159212e+03
1.179188225474939145e+03
1.185447566231180645e+03
1.179398126339944156e+03
1.181000907749849375e+03
1.177771727235968228e+03
1.190220271764470908e+03
1.181509095691758375e+03
1.183494857379833320e+03
1.167725924303391366e+03
1.174233722196912140e+03
1.164797956221588493e+03
1.193289318842909779e+03
1.186114077089405555e+03
1.186671208695086534e+03
1.184324352755023938e+03
1.179983760899604931e+03
1.164927243118729393e+03
1.159232301676127918e+03
1.175631086559184951e+03
1.173746351494350392e+03
1.154399526683646172e+03
1.190285201619238023e+03
1.178140278977783510e+03
1.172145990283525634e+03
1.189295626998947000e+03
1.178455958024523625e+03
1.179859535333756867e+03
1.178263060229252687e+03
1.187956542156222440e+03
1.177268001982499300e+03
1.186976209857774847e+03
1.171291227226071442e+03
1.179169757636490431e+03
1.173646758136930202e+03
1.172315672223956653e+03
1.187766865080037633e+03
1.174047462371117263e+03
1.189370961470372094e+03
1.181206616568928439e+03
1.184561735598901350e+03
1.176762344365555009e+03
1.171433971026357540e+03
1.184123727227019572e+03
1.180601691481839225e+03
1.183831228565647962e+03
1.165696776453306938e+03
1.175294170282738833e+03
1.181344212988155277e+03
1.186874036444959756e+03
1.192052652351148936e+03
1.183388208046561658e+03
1.182919994659008808e+03
1.167031972741543996e+03
1.181994063605901601e+03
1.171761652315318770e+03
1.190272934291809406e+03
1.173507743001956669e+03
1.180908219377499790e+03
1.189299061598316484e+03
1.170240755477825132e+03
1.174982149880632051e+03
1.180434073569807197e+03
1.172653034621720735e+03
1.164037244167129984e+03
1.171485033065904872e+03
1.162959285030714909e+03
1.173434766432245397e+03
1.171043650032524283e+03
1.192547199356751662e+03
1.179288874814793644e+03
1.180159341874533084e+03
1.185962995858405066e+03
1.169316931933636170e+03
1.176942037681697002e+03
1.178430766839338503e+03
1.175943670118341061e+03
1.184442043953031089e+03
1.174364776901660889e+03
1.174524760021515704e+03
1.169642303907309042e+03
1.175109129579569299e+03
1.169397332422068530e+03
1.155274075096863044e+03
1.182075572969347377e+03
1.173570972227869106e+03
1.193863826392765759e+03
1.171098703978293315e+03
1.185558435519129944e+03
1.176208878452838462e+03
1.174929559577518148e+03
1.180414205003341294e+03
1.173092764256203509e+03
1.175225812352380672e+03
1.174092035927777715e+03
1.173732802198783475e+03
1.179524017284497631e+03
1.173446148551851138e+03
1.173435210039969434e+03
1.170347243840458532e+03
1.165728102072112051e+03
1.179910769746333926e+03
1.165891366187952144e+03
1.171281168064272833e+03
1.169379658168456444e+03
1.172281731050345797e+03
1.162009095595388317e+03
1.185370887189859104e+03
1.185702066231583103e+03
1.164058336311695712e+03
1.169733077702234141e+03
1.179088050971710118e+03
1.174007012002014108e+03
1.161962317059490715e+03
1.181866779808744013e+03
1.167380872861232774e+03
1.178872752240319642e+03
1.160616557545745081e+03
1.189613148378510914e+03
1.177381279621007479e+03
1.172591994419621869e+03
1.185658924277314327e+03
1.183141609460292784e+03
1.169529727101715707e+03
1.185336939667096203e+03
1.173060766999766201e+03
1.189872192702655639e+03
1.174818928150804595e+03
1.197145790323098026e+03
1.171958920278533469e+03
1.164008035614902610e+03
1.175425732197881644e+03
1.182760169773832558e+03
1.167665348248812279e+03
1.189534037002101741e+03
1.170723688882088936e+03
1.179905206305521688e+03
1.174695032140000876e+03
1.174828377429893862e+03
1.163929016202715957e+03
1.184799429753023333e+03
1.188501056090704424e+03
1.172891049433447279e+03
1.163875124351232444e+03
1.189060764586697132e+03
1.170689158645752286e+03
1.184681579273912348e+03
1.173047762453331188e+03
1.174089710588944172e+03
1.174674596593015167e+03
1.163324184189258403e+03
1.160077400100678460e+03
1.173754358504885886e+03
1.182226643975533534e+03
1.178572478709897496e+03
1.183425844217093754e+03
1.172965849613943419e+03
1.162217204293840496e+03
1.173137758071749886e+03
1.166720767181669544e+03
1.178815669169224975e+03
1.169753140820833096e+03
1.167405198195074263e+03
1.169602848024434707e+03
1.167687816627833627e+03
1.159923381500171899e+03
1.183208880792451282e+03
1.162086314857715479e+03
1.182182196366399694e+03
1.176072769833269831e+03
1.184700386630173170e+03
1.163562308090247370e+03
1.172716653030521229e+03
1.187874097735090118e+03
1.179565004783758695e+03
1.161178276611362207e+03
1.172371386228256597e+03
1.174234816421045252e+03
1.173389087917037841e+03
1.186197873503042956e+03
1.170600250981196950e+03
1.177960199221202402e+03
1.162031967433372756e+03
1.177260523763409083e+03
1.174768905513122718e+03
1.175418216008013587e+03
1.164164889007739475e+03
1.175331583751569724e+03
1.167645549932058429e+03
1.178071861274071352e+03
1.174106112694717467e+03
1.180615381004177380e+03
1.162724388866874278e+03
1.177359486873044261e+03
1.160096326060664978e+03
1.176463183280698786e+03
1.156613685464122909e+03
1.159399890962842164e+03
1.162805349033449602e+03
1.173872001946924911e+03
1.181990064282480262e+03
1.173778344669804483e+03
1.158053327522813333e+03
1.161032900739606248e+03
1.166416914130618125e+03
1.165993316935158873e+03
1.178068551225978808e+03
1.180465001232512350e+03
1.168401644758576367e+03
1.173828185016304133e+03
1.172543608661201233e+03
1.175298463920617905e+03
1.171620219597393998e+03
1.177470135913543800e+03
1.166356078133369465e+03
1.176709050510700763e+03
1.167292251396954725e+03
1.150314166562068522e+03
1.164550544210742828e+03
1.162755964330435745e+03
1.163332889485837768e+03
1.167446521413573464e+03
1.169514457508681744e+03
1.186043140505899828e+03
1.166520244994955647e+03
1.163094548705428679e+03
1.170612101778348006e+03
1.168421160339901689e+03
1.181094691215015928e+03
1.164866357950212659e+03
1.173934964455444288e+03
1.158166368247601440e+03
1.149792159777318602e+03
1.172877207985052110e+03
1.179902881682793350e+03
1.181899792791894015e+03
1.175323702973350009e+03
1.171620041521195617e+03
1.171399879958508791e+03
1.175615437607363674e+03
1.166493255126780696e+03
1.169816262329425399e+03
1.167687532249655078e+03
1.160880536152959166e+03
1.170303377093225208e+03
1.163038210683778061e+03
1.177262616835068911e+03
1.160920564347047048e+03
1.165226161309570898e+03
1.161257646287533134e+03
1.169213225076399112e+03
1.163941023502753524e+03
1.173019424430741992e+03
1.164737286620693567e+03
1.158865318703456978e+03
1.161359616511178956e+03
1.172903610525037493e+03
1.158693952452837948e+03
1.170156264033376601e+03
1.167306126960227402e+03
1.161001893555583138e+03
1.175012837323244185e+03
1.149341841921175501e+03
1.175779137688054334e+03
1.166845802131957043e+03
1.180162035268575210e+03
1.183945087576346168e+03
1.152959694592691449e+03
1.165382592336337439e+03
1.174333683843351992e+03
1.165233722914610098e+03
1.162488899535764631e+03
1.158342201064269148e+03
1.173011848600883695e+03
1.178343926278031631e+03
1.165738872688014908e+03
1.177015755192490133e+03
1.153297890549495150e+03
1.160261067096955230e+03
1.157626993025124193e+03
1.165690837001856380e+03
1.165329585540474000e+03
1.156926857967485830e+03
1.162764613421851664e+03
1.168330052541233272e+03
1.163997315249277790e+03
1.177506626250187992e+03
1.159416857221342980e+03
1.162824980036012448e+03
1.167073315194539418e+03
1.178193365371907021e+03
1.175254189681292019e+03
1.170763256759666774e+03
1.162322147603018720e+03
1.166733139519912811e+03
1.159848260712090223e+03
1.173565699396908030e+03
1.146220504673726055e+03
1.163776350501228308e+03
1.171487166104805510e+03
1.157585332776440055e+03
1.166374121738527947e+03
1.165529548521380548e+03
1.166260139329194089e+03
1.175365715872466808e+03
1.148371093939601451e+03
1.160637248275444335e+03
1.182352529812296098e+03
1.167056990569302798e+03
1.160649382569655018e+03
1.177952087038639320e+03
1.148196048971250093e+03
1.170966171496174184e+03
1.175629706767473635e+03
1.173807491605784435e+03
1.166565928338010963e+03
1.158559624476986755e+03
1.171218026768044638e+03
1.149822974542174961e+03
1.159756416074407753e+03
1.161190170719651405e+03
1.164418283853125331e+03
1.158025686288985980e+03
1.151510776314544728e+03
1.161818276692506743e+03
1.167517355540733206e+03
1.160605384361459073e+03
1.150236684397973022e+03
1.154181515256884268e+03
1.164722202111797515e+03
1.155717919065504702e+03
1.159757039616825978e+03
1.170727470933143650e+03
1.167272135310756994e+03
1.160691151699519423e+03
1.166342921207801282e+03
1.161490151822342796e+03
1.153630336710248685e+03
1.163610962199686810e+03
1.165844656810364995e+03
1.157883114734476976e+03
1.165209846838401063e+03
1.162932053517446093e+03
1.162527681461452403e+03
1.168197325622100834e+03
1.150459672647836669e+03
1.164966595708110390e+03
1.156383446591710708e+03
1.157159508827850232e+03
1.166065676874899282e+03
1.179016718353322631e+03
1.154459791729365861e+03
1.151010505730657087e+03
1.168976167893546062e+03
1.159216571507960907e+03
1.169014287210018892e+03
1.151313371727727827e+03
1.168111175467703788e+03
1.157350187822876705e+03
1.157031952258775618e+03
1.146126859201853449e+03
1.143497311086794525e+03
1.163993826512762325e+03
1.165500214873979303e+03
1.160640731607634279e+03
1.159120273584348524e+03
1.163382614156708087e+03
1.167727953873298020e+03
1.163144270780267334e+03
1.152135057378775173e+03
1.153093262579126304e+03
1.155698601254568757e+03
1.157305646807523544e+03
1.157625890344716709e+03
1.165138520784611728e+03
1.144575993676070084e+03
1.142185080091901909e+03
1.157248212643798524e+03
1.157456376070692158e+03
1.160326322394401814e+03
1.155716116089126899e+03
1.155452279291565219e+03
1.152669300089316494e+03
1.149034449215694622e+03
1.161877754558653351e+03
1.157942256935700698e+03
1.158743501912876127e+03
1.151364604472767951e+03
1.147234997432866976e+03
1.154955096162510245e+03
1.173246207661798053e+03
1.160748763885114840e+03
1.162673017950099393e+03
1.151066362339533498e+03
1.156075651273603853e+03
1.154300177972334950e+03
1.148509091783151234e+03
1.150347324281415240e+03
1.164624378726495706e+03
1.176016310800540850e+03
1.158217981794433172e+03
1.161825800477100756e+03
1.155367953858687770e+03
1.141147345976108227e+03
1.173787621431325533e+03
1.159209848306633148e+03
1.150841756324692597e+03
1.164038171497293661e+03
1.146930657693892726e+03
1.156381518966376007e+03
1.157173798766876644e+03
1.143417487383982234e+03
1.148951374907954460e+03
1.152860918115755794e+03
1.156559058101983965e+03
1.157539467203870117e+03
1.146738585103425521e+03
1.166207604254298758e+03
1.157635002798646155e+03
1.158228656364519111e+03
1.152010943122414801e+03
1.163419173004386721e+03
1.163388817264414001e+03
1.158850279076013067e+03
1.151202937977746387e+03
1.163121448324256107e+03
1.153674007532058795e+03
1.154555524130764525e+03
1.164170154652960036e+03
1.151247759757988206e+03
1.160740368859874934e+03
1.138514892689341877e+03
1.149441736841932197e+03
1.144482870940886414e+03
1.168686366041471729e+03
1.155363229351315567e+03
1.155646384005078062e+03
1.150656860632869211e+03
1.150696375745240175e+03
1.164904416088209246e+03
1.156197903938767013e+03
1.152120131297174794e+03
1.153811377249953694e+03
1.152903846382080474e+03
1.163448725164462758e+03
1.146913590290641650e+03
1.145172216538662042e+03
1.157696445237258331e+03
1.145692598636116827e+03
1.154174439709119042e+03
1.158471963275127564e+03
1.141578503545731337e+03
1.154002217183109678e+03
1.150091106538465283e+03
1.139703951461827728e+03
1.138525672693272554e+03
1.141887560318432861e+03
1.156612065941993251e+03
1.137111107322535190e+03
1.163220624445491467e+03
1.131169892203368818e+03
1.154579625472713815e+03
1.137727372906177379e+03
1.141809482047397523e+03
1.141525907892113310e+03
1.154723099036329131e+03
1.149271359465218211e+03
1.137052097114329399e+03
1.149927556721437441e+03
1.141919082704410584e+03
1.163036712949381354e+03
1.139368674573876660e+03
1.151276292949724166e+03
1.160450293378416973e+03
1.134823985694991961e+03
1.129376405089068612e+03
1.130898164987890823e+03
1.149182996137539931e+03
1.144000570957768787e+03
1.157772775521122867e+03
1.138733047238526524e+03
1.141575666918895195e+03
1.138220368355325490e+03
1.125553751645850525e+03
1.144326792629968850e+03
1.139171378887649098e+03
1.152420427031286408e+03
1.144927599689179488e+03
1.136179073821946304e+03
1.150449695361868407e+03
1.149881169522379196e+03
1.138303376521934752e+03
1.158000976447676067e+03
1.143590172358303562e+03
1.145452948817429387e+03
1.151494506919930245e+03
1.135022246335330010e+03
1.153703436327528379e+03
1.128542072472631162e+03
1.148380806578432157e+03
1.151300114193906893e+03
1.153441875184895025e+03
1.142460078368896802e+03
1.142333460998789405e+03
1.141578529384139074e+03
1.140152608115733983e+03
1.146515465527674451e+03
1.154975125322696158e+03
1.139897497229693727e+03
1.147865630611905999e+03
1.133841424964060252e+03
1.118984156848128350e+03
1.134547185049321115e+03
1.157642836843676150e+03
1.137618329548825386e+03
1.131456329680325325e+03
1.142688373178345955e+03
1.153160119370809980e+03
1.164078953410446729e+03
1.139551581889727913e+03
1.152369090673085793e+03
1.138040319272665329e+03
1.153260525592777185e+03
1.137939810596520147e+03
1.142633490099459550e+03
1.127562460224479537e+03
1.141174795135781778e+03
1.127755289158594678e+03
1.144486735357168754e+03
1.130882538002874753e+03
1.137807425249283142e+03
1.128137028654738515e+03
1.131763957528355832e+03
1.161933234220161921e+03
1.133511313748518887e+03
1.138270404994604633e+03
1.146458517559255370e+03
1.141750337919719414e+03
1.135682680073900656e+03
1.131864707257792588e+03
1.137812074693229988e+03
1.140286356037496489e+03
1.132381237197637347e+03
1.129040018191336458e+03
1.139956343159079097e+03
1.133922122847449145e+03
1.131578996495167985e+03
1.136177986002161333e+03
1.134547451184025476e+03
1.136075912644784921e+03
1.152818714683632379e+03
1.148063246350587633e+03
1.129118987644435947e+03
1.135003991511878667e+03
1.126973842627523709e+03
1.127950350218104404e+03
1.131805931301770897e+03
1.119757752784549666e+03
1.136418132319171264e+03
1.128819852739614817e+03
1.123870312152872202e+03
1.130970901614628701e+03
1.126927407005149917e+03
1.143739621485108046e+03
1.128615764690323431e+03
1.122191532654875573e+03
1.125284231730613328e+03
1.142875459015392380e+03
1.126871944159855047e+03
1.122852006315178869e+03
1.128283042212847022e+03
1.141542999741637686e+03
1.143338826861258212e+03
1.126249048670724051e+03
1.129144466174202307e+03
1.123175400968708118e+03
1.129910507548995838e+03
1.119426661029724983e+03
1.127518264732199214e+03
1.115988598424542033e+03
1.128755821836949281e+03
1.126939325307148238e+03
1.119955905664579404e+03
1.125014643246512378e+03
1.122215236375067207e+03
1.122865230732046712e+03
1.134257439071491490e+03
1.133969210770005930e+03
1.114930833859814356e+03
1.138640282089722632e+03
1.132200425769811091e+03
1.134308309023575930e+03
1.133407697116614600e+03
1.119884298588904130e+03
1.134300505433233184e+03
1.133175687182894535e+03
1.125182970454005044e+03
1.127930549239360744e+03
1.137934937292714494e+03
1.135379009849299791e+03
1.128979640735293742e+03
1.140661718098104529e+03
1.125627208373337226e+03
1.122866722506021915e+03
1.126577639482063205e+03
1.129666590133074351e+03
1.128620254177149945e+03
1.126641430618983804e+03
1.124322095020000233e+03
1.124088249886229733e+03
1.120867687674121953e+03
1.124512912711876197e+03
1.125418235168100409e+03
1.117818398545192849e+03
1.113590607069438647e+03
1.119921874781420001e+03
1.123871571007596458e+03
1.129587641355814640e+03
1.137835644230905928e+03
1.125265833326756365e+03
1.114389629299799708e+03
1.116119310154779214e+03
1.135188657003509206e+03
1.113805639472962412e+03
1.121394125816535279e+03
1.112440968716230600e+03
1.107083547661763532e+03
1.124770488980407208e+03
1.126219908175814453e+03
1.119708719768986384e+03
1.124067066400587919e+03
1.123065449165338578e+03
1.126711641956555241e+03
1.120144617700360413e+03
1.109806324108939407e+03
1.136883551401791010e+03
1.115489747385509418e+03
1.125927606322175961e+03
1.124973916993482362e+03
1.118017512603560590e+03
1.113368252273406824e+03
1.121520967988468101e+03
1.125708974137071891e+03
1.114514246356254716e+03
1.120045606886023279e+03
1.127860626981892437e+03
1.125504340077438201e+03
1.120666118239347043e+03
1.116283778103020495e+03
1.104044561395987103e+03
1.115634044832349900e+03
1.103984949531322854e+03
1.126386401858495674e+03
1.101072605177454534e+03
1.120810564926860025e+03
1.119159504643969058e+03
1.115379369405553007e+03
1.116028097381704129e+03
1.117356059688647974e+03
1.114027652588797991e+03
1.113001849644483173e+03
1.116023953917784638e+03
1.113149235809974243e+03
1.126634909568809917e+03
1.109128344298149841e+03
1.107096089216428936e+03
1.113761040935575238e+03
1.122252429815642017e+03
1.108518719716377745e+03
1.121844230049985072e+03
1.122090533402743858e+03
1.106723791762111659e+03
1.104067661977001762e+03
1.111747413483734363e+03
1.125316938834682787e+03
1.123147465821386049e+03
1.110346463239274044e+03
1.120338319192112067e+03
1.127070827966814250e+03
1.113890163253829087e+03
1.111099357651392893e+03
1.116104832904575687e+03
1.111880274424101799e+03
1.104923603131140908e+03
1.117318141466915677e+03
1.116625826621453143e+03
1.087767433831410244e+03
1.100662271050470281e+03
1.107643428586669870e+03
1.118548323028787763e+03
1.100417887933096836e+03
1.111054450616057466e+03
1.109762158286776639e+03
1.125121340110926667e+03
1.103465591012497043e+03
1.102702211855670839e+03
1.102801102274135246e+03
1.100745811046044309e+03
1.101803411646430277e+03
1.097389194812851429e+03
1.108762391541946499e+03
1.109350916805574343e+03
1.103916954303982948e+03
1.117070491196752528e+03
1.120592841377912691e+03
1.113038798628676659e+03
1.101813016528038361e+03
1.114897616610040131e+03
1.107086716774209208e+03
1.099359108553763235e+03
1.116258955917138337e+03
1.095380436323067670e+03
1.103419655861940328e+03
1.093004434874228991e+03
1.109351922503492915e+03
1.102612961108741274e+03
1.110273176117503908e+03
1.100382639148509952e+03
1.105495905148984775e+03
1.105220929963566732e+03
1.103624035326667126e+03
1.097772030591024532e+03
1.096287721721564367e+03
1.129095502664216838e+03
1.102782167077752092e+03
1.102773565724970240e+03
1.098255769969547600e+03
1.098282294574273919e+03
1.096101052801305059e+03
1.094639371428265349e+03
1.094142560578295843e+03
1.103869325572884236e+03
1.106848875676531179e+03
1.110536280127158989e+03
1.094430724087036879e+03
1.100439982965739546e+03
1.092120034749988008e+03
1.103923804304927216e+03
1.109418058871784069e+03
1.098930592212628426e+03
1.098126255919666164e+03
1.103860294691205581e+03
1.099768683305641161e+03
1.095719745290982019e+03
1.101155234108683089e+03
1.106866840194226143e+03
1.092472562865170403e+03
1.094561511348048271e+03
1.096045973157478784e+03
1.094150246284962805e+03
1.105064747443815804e+03
1.105609832787130244e+03
1.089263420134185935e+03
1.085372171386268064e+03
1.108451590918283728e+03
1.098935399833028441e+03
1.084072716089896630e+03
1.095980146629772889e+03
1.106120425188550144e+03
1.095824561177458236e+03
1.089793011650914195e+03
1.088302794882261878e+03
1.084151944799689090e+03
1.092326346688691501e+03
1.095268308877705749e+03
1.092780217258345374e+03
1.097239475235044438e+03
1.081305795466467316e+03
1.087482730628963054e+03
1.086909860792783775e+03
1.090900351624550240e+03
1.090224834491648608e+03
1.085186146648469503e+03
1.098382765103075371e+03
1.074731936073088036e+03
1.087078677613503942e+03
1.088326563037582446e+03
1.076866874201909013e+03
1.091288418804730554e+03
1.073795298894218377e+03
1.087885827676058625e+03
1.090951381650481380e+03
1.095954172435725241e+03
1.091235878204633764e+03
1.096924429004794092e+03
1.078951273672102388e+03
1.108618704621601182e+03
1.102977514052503466e+03
1.097393427040542065e+03
1.093104078040116747e+03
1.082152403486407366e+03
1.097050248689889258e+03
1.088234892868402540e+03
1.091013006420284682e+03
1.083482117215499102e+03
1.095500855053916894e+03
1.095658561058348141e+03
1.066382682158942771e+03
1.073798998802443975e+03
1.080465919326519952e+03
1.083779356892950545e+03
1.095439850836856294e+03
1.070494818186144357e+03
1.084093861174044378e+03
1.082025157956790054e+03
1.085833685398224588e+03
1.089032986790834912e+03
1.084132520340991277e+03
1.062923858930834967e+03
1.077795583549285993e+03
1.079464227646524705e+03
1.087539800488968012e+03
1.086810018463917004e+03
1.058021490446547659e+03
1.080927550865811099e+03
1.068950260120763232e+03
1.087843237276886839e+03
1.083261272598800133e+03
1.093292541018767906e+03
1.085044074113765419e+03
1.076100949459690582e+03
1.085643266221177100e+03
1.078402553719137359e+03
1.081015652044728768e+03
1.080268471237698805e+03
1.078838599278674565e+03
1.085691798154501612e+03
1.082670682928304359e+03
1.086545223015042666e+03
1.079052020812616092e+03
1.081946187015288615e+03
1.079449595228808221e+03
1.091161428520678101e+03
1.104559584812417370e+03
1.099291083005522751e+03
1.074077952077455393e+03
1.088845136918515209e+03
1.069445095678762755e+03
1.060791547161779818e+03
1.067855932795773469e+03
1.067395725051958152e+03
1.085666663339600746e+03
1.075896009049867189e+03
1.075893372204849811e+03
1.080075759294320960e+03
1.063549626373582896e+03
1.074310368434978500e+03
1.075734614913883661e+03
1.063495552619135196e+03
1.074545464958833918e+03
1.071414393837742864e+03
1.066297743277138579e+03
1.070382455821684289e+03
1.056271306308993189e+03
1.073459716980722533e+03
1.061300812858975860e+03
1.063079743065521598e+03
1.063411674703480912e+03
1.068875594835463744e+03
1.069892874060162285e+03
1.075453447975214203e+03
1.089616160419784819e+03
1.069552115021888085e+03
1.080084787377599469e+03
1.079808703651275664e+03
1.062578256354471705e+03
1.070466578391230769e+03
1.080065457774697279e+03
1.070744410608296221e+03
1.064711402514165229e+03
1.058038154120431273e+03
1.058524491896498603e+03
1.080353733406550873e+03
1.061012109263632965e+03
1.079336464672839838e+03
1.053472020777300941e+03
1.060618607647677209e+03
1.072866853951538587e+03
1.079425264055260868e+03
1.058019196802519218e+03
1.063425054039757242e+03
1.068807709025949180e+03
1.045877930698007503e+03
1.056226996913741687e+03
1.077825990740807583e+03
1.070027260082246357e+03
1.070856549822844954e+03
1.053407544790014754e+03
1.049183455242449099e+03
1.059247779250162466e+03
1.080703064287320785e+03
1.067255753614449759e+03
1.064046940628257289e+03
1.049588382308243808e+03
1.054722758490024262e+03
1.063889951461691226e+03
1.072113097147614326e+03
1.073091863279878226e+03
1.058618027111434913e+03
1.056468134000162081e+03
1.056384469258275658e+03
1.053698011832990233e+03
1.043114910803443081e+03
1.066973441677367873e+03
1.069964280822716546e+03
1.058888114237581931e+03
1.057232477814725826e+03
1.045932735143121135e+03
1.037697918174933875e+03
1.063716737069051760e+03
1.060970311405927077e+03
1.051965531270238898e+03
1.063937726427386451e+03
1.057526447903104327e+03
1.052253009968224887e+03
1.027754108745225722e+03
1.036779464702869518e+03
1.043961050899264592e+03
1.042122190975735293e+03
1.063818244339570128e+03
1.031299882037252928e+03
1.051322017172480173e+03
1.061136759631056066e+03
1.052983262669288706e+03
1.050087827765082920e+03
1.054014358533247332e+03
1.054882316733742528e+03
1.053526400697071267e+03
1.048702815012651172e+03
1.051538560870928222e+03
1.044415644516160683e+03
1.042961393088585055e+03
1.043087284977973013e+03
1.041323326441118070e+03
1.052538096941864524e+03
1.048581560324731981e+03
1.030145360403232417e+03
1.047166524692258918e+03
1.038147610781791172e+03
1.042895356106482495e+03
1.043149946429205784e+03
1.043531862291985135e+03
1.027775182281301113e+03
1.037341233549342405e+03
1.035118631490191319e+03
1.051982344045280342e+03
1.035980843851922373e+03
1.037228013507254673e+03
1.051062366563612386e+03
1.046061894941489754e+03
1.043086628609104309e+03
1.058166831541634338e+03
1.043461325914450299e+03
1.033002818762746074e+03
1.051978927531427871e+03
1.048151199365959883e+03
1.037445592764239791e+03
1.049027958043209537e+03
1.029097865750292840e+03
1.037071651823344610e+03
1.047605808554242458e+03
1.027264091088832402e+03
1.024593082235280917e+03
1.042477193585563100e+03
1.039110966149147771e+03
1.037536616167185912e+03
1.029724283977295272e+03
1.036599862022466368e+03
1.019711243737740688e+03
1.036172156922157455e+03
1.035963315884295525e+03
1.042131799649525192e+03
1.042847911360680655e+03
1.039236870014639862e+03
1.052538822270023047e+03
1.037516304104271057e+03
1.016496526870381103e+03
1.047154626949567501e+03
1.034470366343645082e+03
1.032855063539941284e+03
1.041742875652083058e+03
1.042940114527429841e+03
1.038930743091856129e+03
1.045496700771039059e+03
1.038734860931565208e+03
1.032553915762126735e+03
1.033756190172859988e+03
1.033644325366407429e+03
1.047747454692163728e+03
1.015368003585935412e+03
1.025935406887762838e+03
1.023030285223871374e+03
1.046811800149999954e+03
1.027714055434774309e+03
1.035498635995686300e+03
1.037375802911250730e+03
1.017673873870483703e+03
1.011451468300668580e+03
1.036521821948403613e+03
1.035321406578315191e+03
1.026518373337219828e+03
1.035554468812743153e+03
1.020899215143856964e+03
1.030249493147746989e+03
1.011022659627770395e+03
1.029189316039904952e+03
1.014990237711756208e+03
1.032037878191699747e+03
1.017414527184985786e+03
1.015682993170869167e+03
1.030818237561679098e+03
1.025543693057006749e+03
1.013355861734941300e+03
1.033393115124812539e+03
1.009801032362798992e+03
1.023153655741156626e+03
1.024044008445981262e+03
1.032304745264270196e+03
1.037422214989507893e+03
1.028232176632029677e+03
1.025328977407114962e+03
1.020735603213954619e+03
1.035885955997656765e+03
1.026226116765320739e+03
1.008939817915629305e+03
1.014907820255552338e+03
1.030671259629231599e+03
1.019532973265050600e+03
1.028099839358385225e+03
1.014217003175320656e+03
9.919343713806133565e+02
1.028322233105483747e+03
1.007927467384793772e+03
1.027664238679735945e+03
1.019429292847456281e+03
1.015610513502098456e+03
1.005216460636571128e+03
1.023949378169690590e+03
1.023776245111864796e+03
1.008249007348143891e+03
1.007007098078846866e+03
9.975360971495520062e+02
1.017768466265345864e+03
1.007743090335202623e+03
1.024651889645068195e+03
1.023659747539508317e+03
1.010881858513939846e+03
1.008448896865038137e+03
1.011794433130794800e+03
1.016145239655880005e+03
1.009573522147389554e+03
9.909497935139260107e+02
1.010491973502358860e+03
1.018333614390962339e+03
9.996091823539246661e+02
1.021836211277963116e+03
1.013228927850740206e+03
1.012244499880995249e+03
1.013071955318055075e+03
1.021740865739926221e+03
1.009334769418656606e+03
1.008047562450059104e+03
9.935434820225469821e+02
1.005399230604402874e+03
1.001774997856423056e+03
1.010636343570967369e+03
9.962331871310179849e+02
1.000077356980810464e+03
1.011887850594955808e+03
1.007422308898488154e+03
1.002790510978258681e+03
1.001483708805499759e+03
9.917300678638162026e+02
1.014823746138473439e+03
9.968235360677957715e+02
1.000458770411888054e+03
1.004869557628973212e+03
9.876109696242543805e+02
1.005845707429238018e+03
9.925629199928912385e+02
1.006442353456062278e+03
9.935355168682139038e+02
1.007865507016501851e+03
1.000268082969156808e+03
1.001317654030845347e+03
1.002303450144253929e+03
1.011648577921555216e+03
9.966872733864203155e+02
1.001013007583226113e+03
9.925916553994499054e+02
9.996775367957297931e+02
1.004601390842634487e+03
9.864485066296097102e+02
9.892999261737048755e+02
9.758400477017199819e+02
9.997645660272958139e+02
9.673432038437564415e+02
9.942712786150584634e+02
9.912590956786621064e+02
1.010087600200704742e+03
9.941228515387513198e+02
9.793645766192298652e+02
9.894175960851424634e+02
1.001044437703870926e+03
9.923171692099633674e+02
9.899442833591306226e+02
9.833378676863085275e+02
9.845764448697366333e+02
9.983217380745409173e+02
9.920966517560276543e+02
9.733277407298304524e+02
9.921024693816514173e+02
9.776956871404008780e+02
9.880150022790815001e+02
9.893445456574423815e+02
9.751243637291763662e+02
9.820520481055124264e+02
9.989360627331595879e+02
9.942490725825989557e+02
9.959956921729434498e+02
9.854733356558465402e+02
9.925500861972976736e+02
9.743579659219631139e+02
9.865671934529575537e+02
9.786245981176928126e+02
9.855824070308389082e+02
9.568361166145768948e+02
9.770737845637310102e+02
9.871776633346867129e+02
9.809804246051829750e+02
9.969009100743269300e+02
9.777973316350223740e+02
9.787786622456515033e+02
9.777782011310154076e+02
9.701699319077990822e+02
9.928315855280859523e+02
9.812237419557014846e+02
9.781164219876724246e+02
9.823968398393745929e+02
9.938295960768575696e+02
9.757728191690193853e+02
9.770210350229551750e+02
9.715070047229581860e+02
9.709500598701093850e+02
9.782802075047914059e+02
9.767685269638059253e+02
9.652991951492996350e+02
9.694941778012157556e+02
9.689438708204105524e+02
9.582590507099029082e+02
9.898675954127774048e+02
9.808393271183733759e+02
9.659314361672722953e+02
9.920048124167886954e+02
9.682461299985850474e+02
9.616062926893248459e+02
9.838742608262881504e+02
9.914909393428243902e+02
9.621209058182802210e+02
9.633951562339783550e+02
9.801192140401603865e+02
9.593645703305236339e+02
9.720302328705212176e+02
9.811295971249151080e+02
9.701218892635799875e+02
9.603722250325919276e+02
9.660992703393797001e+02
9.695028233078318181e+02
9.738942233839554774e+02
9.641018317622143741e+02
9.789121332222621277e+02
9.594958540990630809e+02
9.767153475529390789e+02
9.603013912759920458e+02
9.615677413667610836e+02
9.529218928465201088e+02
9.535362050766126458e+02
9.777156239179143995e+02
9.586429593278858192e+02
9.517478691511794295e+02
9.533138324436698667e+02
9.604068753847271864e+02
9.539877114620531984e+02
9.726053299679534803e+02
9.546261736518097223e+02
9.583155294460525511e+02
9.485164304799682213e+02
9.600023921545154053e+02
9.509364777504762287e+02
9.450441631128875315e+02
9.621918444424595691e+02
9.536337522525632266e+02
9.533260931616839571e+02
9.692594657443638653e+02
9.598302673804654432e+02
9.472638752173592138e+02
9.569817344537943882e+02
9.451882061058460067e+02
9.457578392048835667e+02
9.490222050631654156e+02
9.409261188248015060e+02
9.546063717200843257e+02
9.607293788126333993e+02
9.567221011255775238e+02
9.307973935815732602e+02
9.472853438228559071e+02
9.422899991864189815e+02
9.447900635348902370e+02
9.537753081392205559e+02
9.390663204101667816e+02
9.486719810100147470e+02
9.455403047781314854e+02
9.318098744766813297e+02
9.631376770700213683e+02
9.502741220199344525e+02
9.399825734227396197e+02
9.359257433545398044e+02
9.281964126707812284e+02
9.399152271031593955e+02
9.352159680342590491e+02
9.431347264426924539e+02
9.518005885787981697e+02
9.485396199964476409e+02
9.391024142299919504e+02
9.503184872819033444e+02
9.403631651637670075e+02
9.472802714217776838e+02
9.167696684253471631e+02
9.277345843882292229e+02
9.349159730180818997e+02
9.405357374133666326e+02
9.319660557650031478e+02
9.388536608413367048e+02
9.448819727396626149e+02
9.386150490128891306e+02
9.413426090405707782e+02
9.467832960995581288e+02
9.333195851073470521e+02
9.321877875385098378e+02
9.215254749109011527e+02
9.585242967101971772e+02
9.346015867394143015e+02
9.109774472867823079e+02
9.310767678322368965e+02
9.324750925550530383e+02
9.341073453023726643e+02
9.348264133268007754e+02
9.316121273695072205e+02
9.361891022555769268e+02
9.256825947428845893e+02
9.363603149870100424e+02
9.271229046851196927e+02
9.223921304598795814e+02
9.274667609410503246e+02
9.234687780506530999e+02
9.381183109653151178e+02
9.321149004142222338e+02
9.204261229735345751e+02
9.306735413286318135e+02
9.222934334009462418e+02
9.318090253409534398e+02
9.271269332083047630e+02
9.280488546400619043e+02
9.187936592384902497e+02
9.338532086442498894e+02
9.166045129403740930e+02
9.397671261644712786e+02
9.149245459162832503e+02
9.224611989499745732e+02
9.225786964610322229e+02
9.331874106024434923e+02
9.099261504738566373e+02
9.248712618386944087e+02
9.204214956341905918e+02
9.200786859432363372e+02
9.257335144507435416e+02
9.211066858768359680e+02
9.146171234434787038e+02
9.259888977858860244e+02
9.162217374895679995e+02
9.290090726228546600e+02
9.138695936420397175e+02
8.987213980581382202e+02
9.075040134641238865e+02
9.242948468890708682e+02
9.128474244580183949e+02
9.131316579566630480e+02
9.254898746981571094e+02
9.218903411039796083e+02
9.111518443271259002e+02
9.059564414801470775e+02
9.031280314988177906e+02
8.986360739360573007e+02
9.039011380130825728e+02
9.201454682984981446e+02
9.074135039496401305e+02
9.170330529649800155e+02
9.072682737514209066e+02
9.198677125751597714e+02
9.002994279130358564e+02
9.071727030244587695e+02
9.068488189573921545e+02
8.896065338029393388e+02
