9.074562434334412728e+02
9.134436934202633438e+02
9.291877125273629190e+02
9.282022655983400909e+02
9.168074885753419494e+02
9.098577072483739130e+02
9.150286202886366027e+02
9.278329547616475566e+02
9.232576276291292743e+02
9.132397441637081101e+02
9.196577509159409374e+02
9.206750023049348783e+02
9.187741373148029425e+02
9.262906947508937492e+02
9.122931963454637980e+02
9.264110032395583403e+02
9.188012111248295923e+02
9.059686345687791800e+02
9.273599650981270770e+02
9.242158496377796837e+02
9.137349573229399766e+02
9.228202208323508557e+02
9.251317825727893478e+02
9.208976898667128808e+02
9.308301377808810457e+02
9.199282110740444978e+02
9.254688750854095360e+02
9.403912395717412664e+02
9.347936869044485775e+02
9.161824419651853759e+02
9.153131592975472586e+02
9.435592842216866529e+02
9.247788049115953299e+02
9.304422994825050637e+02
9.336790197877666060e+02
9.371986976213946718e+02
9.300208514408764131e+02
9.273671647684158188e+02
9.102855634857511404e+02
9.215437688873679463e+02
9.130497790019662716e+02
9.361082251375191845e+02
9.196660876347190197e+02
9.124301797232050149e+02
9.342514800646445110e+02
9.225048348473425222e+02
9.248830463364008665e+02
9.292167141052040051e+02
9.207258025438634377e+02
9.353551226683655386e+02
9.222466078701751258e+02
9.478362227005785599e+02
9.441988152809467465e+02
9.299221166689611664e+02
9.389231384813582508e+02
9.121764267632228211e+02
9.320980997193206576e+02
9.205117385370488137e+02
9.369003771313517746e+02
9.268142548991352214e+02
9.135238041935016327e+02
9.154480360178697538e+02
9.197905074796390181e+02
9.333919196620100820e+02
9.309331342100336997e+02
9.282273756729960041e+02
9.319465407261949395e+02
9.118161615161337750e+02
9.288973725018977348e+02
9.065958566948744419e+02
9.213279885521694723e+02
9.364114291884811792e+02
9.339168985778227352e+02
9.423006270004260614e+02
9.239948945760554579e+02
9.193559076978274334e+02
9.345281716045827807e+02
9.263645259218382080e+02
9.288951824003470392e+02
9.347275990810401254e+02
9.216275482420716116e+02
9.320736929746540227e+02
9.153584211283887271e+02
9.300703355112436839e+02
9.315153451017827138e+02
9.407270155763985713e+02
9.276055490647411261e+02
9.296258953672713687e+02
9.447064447934548070e+02
9.380803360125161134e+02
9.270414967048973267e+02
9.421940294246834355e+02
9.419391422476036269e+02
9.251344247138829360e+02
9.324438024966123066e+02
9.386311183678037651e+02
9.354171507801999041e+02
9.459154654280355317e+02
9.259641209063455563e+02
9.374834169614346138e+02
9.423528782102291643e+02
9.377841755954368637e+02
9.319917797264339470e+02
9.435509033046996592e+02
9.469363496293691469e+02
9.233174593734779592e+02
9.454809451133556877e+02
9.333593756871730420e+02
9.392723565861811039e+02
9.416779027512046696e+02
9.266112679733233790e+02
9.420997701143101040e+02
9.314311817882154401e+02
9.340535637835258740e+02
9.369278945910429002e+02
9.483861080781648525e+02
9.385834178704810711e+02
9.355642407261615290e+02
9.255083695953740062e+02
9.294822695231208627e+02
9.347608987375549532e+02
9.456089569158292534e+02
9.424385556767813341e+02
9.507812400192075302e+02
9.407340045227372229e+02
9.440530042321430528e+02
9.386092649611905472e+02
9.539580635351148885e+02
9.507732190356464343e+02
9.317032265868620016e+02
9.508242816807359077e+02
9.380043185561628434e+02
9.649525601220184399e+02
9.375156098668464892e+02
9.526518719724257380e+02
9.393931372677204763e+02
9.491782396973883351e+02
9.356527600634144619e+02
9.525930688349995989e+02
9.524302787505914694e+02
9.443523010716742192e+02
9.499521180940568001e+02
9.343863020993679811e+02
9.387630121469010192e+02
9.382332443442587646e+02
9.334705306895699550e+02
9.364824718605818816e+02
9.442667698039136894e+02
9.459400691917563790e+02
9.529917188355300368e+02
9.600674540073872549e+02
9.528141858132207744e+02
9.369982547516653995e+02
9.380502817963017606e+02
9.443626218204078668e+02
9.516696673469034522e+02
9.450010943199954454e+02
9.413360077198489080e+02
9.297550572019524679e+02
9.338186843008951428e+02
9.498730981646215241e+02
9.505940303880539659e+02
9.536417178093015536e+02
9.445920284899609669e+02
9.593722336902584402e+02
9.353708391808692113e+02
9.539184258389487923e+02
9.358005063701864401e+02
9.474948930573481221e+02
9.618141479186047036e+02
9.588619017392355772e+02
9.556661395234661995e+02
9.417968412567890937e+02
9.679096624588319173e+02
9.678897205359771760e+02
9.468584958749626139e+02
9.572141781950421091e+02
9.594661876424328284e+02
9.480231529206727146e+02
9.399387044956830550e+02
9.367101479531113455e+02
9.606371347772643503e+02
9.467556487086739025e+02
9.615666467803220030e+02
9.536725047089653344e+02
9.573313076318842150e+02
9.493510847764429172e+02
9.622899586027843952e+02
9.519229606266960673e+02
9.454442040025770666e+02
9.387105299409694226e+02
9.636368801432603277e+02
9.564656519397835837e+02
9.434950423467411156e+02
9.529917740065598082e+02
9.658481773255949747e+02
9.624914210675112827e+02
9.585003501522397755e+02
9.661492166416238661e+02
9.567026073624990659e+02
9.486387002689949668e+02
9.506398354043093377e+02
9.518333933255972852e+02
9.521716150452263037e+02
9.594539737707328868e+02
9.534201688169979434e+02
9.631724897315785938e+02
9.494750291206994461e+02
9.451417768001653030e+02
9.540523178668685205e+02
9.500123549801581930e+02
9.404645609128867818e+02
9.494842382545986084e+02
9.758298289217997308e+02
9.494635532193993868e+02
9.435885154055511066e+02
9.587038287913027261e+02
9.743642765772975736e+02
9.710377560445772360e+02
9.468167713556655372e+02
9.672180638899733367e+02
9.531416914406046317e+02
9.606619510742829107e+02
9.589332738296444631e+02
9.644558634235316958e+02
9.674902553090739730e+02
9.584459713093924620e+02
9.713842721264968532e+02
9.784280796302302861e+02
9.677417585557528810e+02
9.776610449930097957e+02
9.533784684874597133e+02
9.534243256924380603e+02
9.651064980876928985e+02
9.537961995276165226e+02
9.711416091566076148e+02
9.692155995331745544e+02
9.629281921633572665e+02
9.777105054942974220e+02
9.554992047095653334e+02
9.711461188885283491e+02
9.686789722683242871e+02
9.572101704779847751e+02
9.638494526003690908e+02
9.607695333837671114e+02
9.724649647632461438e+02
9.444703107837866582e+02
9.786247915797174528e+02
9.585049660428361449e+02
9.617229713444778554e+02
9.563667940784196162e+02
9.789821073371932698e+02
9.618183892925975442e+02
9.494811155441024084e+02
9.738844344765942651e+02
9.705928837891619878e+02
9.621151473104936258e+02
9.586985686785944836e+02
9.804305495573112239e+02
9.561891916508939175e+02
9.601817107990073055e+02
9.517708130715141124e+02
9.547496824232503059e+02
9.553017143594893241e+02
9.602017186276242455e+02
9.629193790674737556e+02
9.707234007173589134e+02
9.613687519081502160e+02
9.715697955940405564e+02
9.694689198166345250e+02
9.677795456906760592e+02
9.807925542408819410e+02
9.702375508058212290e+02
9.687580113804791608e+02
9.656920825043673631e+02
9.781471157845588777e+02
9.723815932109367850e+02
9.696404798817021629e+02
9.678114847597992139e+02
9.698453273247333755e+02
9.640955992999175805e+02
9.610636095419147296e+02
9.700218871728499153e+02
9.814998023747090201e+02
9.715997813902093867e+02
9.762550767428257359e+02
9.706349735802682517e+02
9.751474274580356223e+02
9.675884571651068882e+02
9.743064587267275556e+02
9.836559188123228523e+02
9.739776230958351562e+02
9.616835450230636297e+02
9.705617277411344048e+02
9.823915701779171741e+02
9.771619977820631675e+02
9.735109318999762991e+02
9.683606413539598634e+02
9.766077192747120534e+02
9.729785324191178688e+02
9.761403574815760749e+02
9.606522845170311484e+02
9.711414348057907091e+02
9.777331199379640339e+02
9.776870756656288677e+02
9.732577939772395439e+02
9.728618128816067383e+02
9.889293619455560247e+02
9.821786853173883856e+02
9.786515431639281815e+02
9.887060852521914285e+02
9.748642403580263363e+02
9.734966138395591315e+02
9.743167361868547687e+02
9.855692807409460556e+02
9.873378060968350383e+02
9.776925378169444230e+02
9.787020514737737358e+02
9.850646586812707710e+02
9.750011888533501860e+02
9.647551877721423352e+02
9.682614269653945485e+02
9.837784549126746469e+02
9.699702886373606816e+02
9.889171590653928661e+02
9.773729127681937143e+02
9.911141480775365835e+02
9.710310446110089515e+02
9.748665209113787569e+02
9.963794846423959370e+02
9.879561771398304018e+02
9.722127096762367273e+02
9.748098093088328824e+02
9.940491214556262776e+02
9.837347223957530105e+02
9.767512731692891066e+02
9.881629187901397700e+02
9.973948844449613489e+02
9.856785431706134659e+02
9.736496413916842130e+02
9.937414476626782971e+02
9.828815098822374239e+02
9.873310732710787079e+02
9.861076066955643000e+02
9.680884102889926908e+02
9.886873050737787025e+02
1.011228704147565281e+03
9.828267378684204232e+02
9.880691916428041850e+02
9.829162184910004498e+02
9.678375196346921712e+02
9.708636482514875752e+02
9.774192598734545072e+02
9.799418840800007047e+02
9.936498638470658307e+02
9.800958648942524860e+02
9.954998629528306537e+02
9.932618510322183738e+02
9.975056935440589996e+02
9.956319119480184554e+02
1.008998796094121758e+03
9.941480869023481546e+02
9.925137239334491142e+02
9.823247001294622578e+02
9.931009568164462280e+02
9.764494578762596575e+02
1.008626424082801236e+03
9.918437926055494245e+02
9.861533085113601373e+02
9.960189213877432621e+02
9.799808531105137490e+02
9.881577234989106273e+02
9.747222734857756450e+02
9.972122015306276808e+02
9.884522333362021982e+02
9.795949234131242065e+02
9.911297400992950770e+02
9.906446861672958448e+02
1.002404637375671655e+03
9.949441932407681861e+02
9.868097706773691016e+02
9.949894586354498642e+02
9.944650293535504488e+02
9.943519807088022162e+02
9.872560755321940178e+02
1.004791511434199265e+03
9.943618756178134390e+02
1.003166876222012206e+03
9.889829377040653071e+02
9.992093937657493825e+02
9.807272427500338381e+02
9.840028780179934529e+02
1.008949939098203117e+03
9.940511899309638011e+02
9.976037535405256449e+02
9.949184342514345190e+02
1.002815676054204346e+03
9.828552753748166424e+02
1.010307334556353112e+03
9.954297678326637424e+02
9.945219684899304866e+02
1.002889982378750801e+03
9.855907781059332819e+02
9.992084918208698809e+02
1.001771459679153850e+03
9.984846782521647128e+02
9.977144307584159151e+02
1.010069001368435465e+03
9.956974958721829125e+02
9.910902599527004213e+02
1.005413766063085632e+03
1.000561239475039883e+03
9.975648297693579707e+02
1.001003064427749109e+03
9.893663312263248599e+02
1.002882048120239006e+03
9.994370192906277452e+02
1.014881130747623843e+03
9.929807377928243568e+02
1.007305188984414826e+03
9.964224365074701382e+02
9.960112302951513357e+02
9.850871551739276129e+02
1.006509036773294838e+03
1.008271114869353937e+03
1.017024670668015915e+03
1.007623861766390860e+03
9.926176406701534916e+02
1.005646767163068489e+03
1.009587384383396738e+03
9.969860197244413484e+02
1.018697682609795493e+03
9.999013121318105277e+02
1.009994836483687209e+03
1.003391747446663771e+03
1.003935599752208987e+03
9.986288253219540820e+02
1.014760558250064491e+03
1.016298043145420820e+03
1.001029695965410156e+03
1.010777354051778048e+03
9.876052281577249232e+02
1.002911677169174368e+03
1.002346950086628226e+03
1.013715388228985375e+03
1.002567103073579801e+03
1.010729194180281411e+03
1.011257056551240794e+03
1.009542437796252671e+03
1.005575099128104171e+03
9.955889007276656457e+02
1.019318557672628685e+03
1.006743471212189661e+03
9.990311765104390815e+02
1.016139016452137184e+03
1.015297915106125970e+03
1.017602420941067862e+03
1.004970434771099576e+03
1.011915446083893471e+03
1.021042223864710991e+03
1.017523630052039607e+03
1.013968111105508797e+03
1.016332875238721613e+03
9.977663938587737675e+02
1.016646653610064732e+03
1.023999885375894223e+03
1.018878189806139062e+03
1.025325636202013129e+03
1.011269175898038156e+03
1.016478741413631724e+03
1.016460661689201743e+03
1.015853223333386268e+03
1.023274467927599630e+03
1.010512010634856779e+03
9.971747395353462480e+02
1.010913757273050464e+03
1.018841554396383572e+03
1.025999263859470148e+03
1.014368276085466846e+03
1.015339449469550573e+03
1.008043968955551350e+03
1.011355973898057755e+03
1.019802649043701422e+03
1.007618398125957924e+03
1.004064500655461302e+03
1.014846562644329538e+03
1.009421134817003349e+03
1.005536611266814248e+03
1.019867437538834793e+03
1.016791496462098735e+03
1.008046427151776243e+03
1.021543600791319250e+03
1.017261069864406522e+03
1.008584638456411540e+03
1.011749431741117974e+03
1.007748629692769669e+03
1.026867448355533043e+03
1.006329440448344030e+03
1.009323920175575495e+03
1.014648606302189933e+03
1.006030473938281716e+03
1.020752839372522999e+03
1.020584083320725881e+03
1.019100671929748501e+03
1.029543675116354962e+03
1.016120841334712395e+03
1.000954095865801946e+03
1.016194552354511075e+03
1.019651071343563217e+03
1.018510415931749662e+03
1.015645452897223890e+03
1.029315949674262129e+03
9.999883382414004700e+02
1.025636338035565586e+03
1.024358684461608846e+03
1.019615141567365868e+03
1.012865845431116782e+03
1.028981111930427005e+03
1.018858002627801397e+03
1.030174414821477285e+03
1.020791130513205076e+03
1.037046831186217332e+03
1.029310553630659797e+03
1.022956595053445312e+03
1.012327308991983841e+03
1.022675418409687268e+03
1.017163996644504778e+03
1.031211601633047621e+03
1.039752259862481424e+03
1.024137523931897704e+03
1.024163576483667612e+03
1.015602963011987072e+03
1.030814218362789688e+03
1.023363776575564202e+03
1.036372052739176297e+03
1.026498285257282987e+03
1.031823075267406011e+03
1.028414164002819234e+03
1.038069892709567739e+03
1.031862047383362096e+03
1.038897481824200668e+03
1.023512883108255323e+03
1.031558217150639393e+03
1.034446162231178960e+03
1.027498290181743414e+03
1.021054777249816425e+03
1.028291936727260236e+03
1.038054548276045580e+03
1.028730012275501849e+03
1.025310035642578441e+03
1.030383708482055681e+03
1.049629690775456766e+03
1.038034479254123880e+03
1.044948621226206114e+03
1.030672513638988221e+03
1.007079170617722639e+03
1.025252954038644020e+03
1.021579565050057454e+03
1.025241006657189700e+03
1.038449546112891994e+03
1.023746712041714659e+03
1.030081666046391092e+03
1.033929265183431426e+03
1.020961201089533120e+03
1.030848903646951612e+03
1.050806226160784945e+03
1.027694229701616223e+03
1.047857113432850156e+03
1.047196061838058313e+03
1.038114673960574692e+03
1.035503574049667805e+03
1.025446674289991506e+03
1.034422375338952179e+03
1.040410534358564519e+03
1.043103689756719177e+03
1.029711388253100495e+03
1.027936401600607496e+03
1.027422172425638792e+03
1.045913011777277234e+03
1.024165393237342187e+03
1.032549312112857478e+03
1.031885942879546747e+03
1.040991710534439335e+03
1.034897246958280903e+03
1.036471435682051379e+03
1.029822487827619170e+03
1.049809210348864553e+03
1.022189601655929437e+03
1.029006836708943865e+03
1.032885321368361929e+03
1.054222988524618358e+03
1.025063872791468611e+03
1.024804396556924303e+03
1.040222254421502385e+03
1.021138138684572823e+03
1.032855327042221006e+03
1.047539259068589899e+03
1.034537969408057279e+03
1.028856332366720835e+03
1.040338963167390148e+03
1.034430499095396044e+03
1.040755606790856291e+03
1.057383061327445830e+03
1.047866261167612947e+03
1.048618179185690678e+03
1.051973854473828169e+03
1.037231757138502644e+03
1.046064215188576554e+03
1.050495565518662488e+03
1.048137170561489938e+03
1.055198284367237875e+03
1.041806770710355522e+03
1.045197571968055854e+03
1.048153367106105634e+03
1.057823994612379011e+03
1.036838032356797839e+03
1.048062708976057365e+03
1.044769118500589684e+03
1.031991377281867926e+03
1.043449400953702252e+03
1.044955441578484624e+03
1.047793234681200374e+03
1.035701963492098002e+03
1.057151278166818884e+03
1.055791302670494815e+03
1.058715563158243185e+03
1.053757405992087797e+03
1.062144132411445526e+03
1.050289401106183959e+03
1.052859745717141323e+03
1.056398190869442715e+03
1.042233214526673009e+03
1.059795560291210904e+03
1.053562334152156609e+03
1.043296175094388673e+03
1.044227193123653478e+03
1.046825178760791459e+03
1.046901100216937721e+03
1.035711947183737266e+03
1.042255609400782760e+03
1.053293520091337314e+03
1.056332352783471833e+03
1.041064478075318675e+03
1.045345376889455110e+03
1.042068200986067950e+03
1.051506997640801046e+03
1.043948372991589622e+03
1.040628623427685397e+03
1.046063015875853125e+03
1.050827539392269955e+03
1.048337779617825390e+03
1.055409238900160972e+03
1.052616196527470720e+03
1.055627803399993809e+03
1.066930179650979653e+03
1.060323788761691958e+03
1.059216286772576041e+03
1.063466541565755051e+03
1.061749947059183796e+03
1.054366187124446014e+03
1.048249082899842278e+03
1.064443407076027597e+03
1.056999399600560992e+03
1.063520950674905635e+03
1.045051957768593638e+03
1.044492893470324361e+03
1.063748093094282694e+03
1.066021846341532637e+03
1.049241811569748734e+03
1.062220109615937645e+03
1.045428262825339061e+03
1.055667056619860432e+03
1.068868730448105680e+03
1.067968266964018767e+03
1.069619786845978524e+03
1.048300750084392575e+03
1.049239338024705603e+03
1.053875868942724082e+03
1.061729178134374934e+03
1.056363303790253440e+03
1.060325059710735331e+03
1.069688648140346004e+03
1.063459486563441487e+03
1.053344971892364356e+03
1.060817895096216489e+03
1.065859776728519591e+03
1.055621596066008124e+03
1.048041079219520725e+03
1.054459726439082260e+03
1.068764244908698629e+03
1.055090080013451370e+03
1.067877607003297499e+03
1.062161735643342354e+03
1.060074535768127816e+03
1.057044264482535937e+03
1.066692251072866839e+03
1.057210627771031568e+03
1.048031913300807901e+03
1.059512512973918319e+03
1.066831153038390312e+03
1.068287679738183215e+03
1.057078012288857963e+03
1.091335829559215199e+03
1.068429183468474548e+03
1.069419685687950732e+03
1.059334413547559279e+03
1.055437445937822986e+03
1.067366393852390729e+03
1.063054281068858700e+03
1.066797176501393551e+03
1.061842925497351871e+03
1.061076339021478134e+03
1.065564060847219935e+03
1.070145051959846342e+03
1.066279739054911943e+03
1.061848330615644045e+03
1.067505222701985076e+03
1.081961824378079655e+03
1.080964105451447267e+03
1.060863964295388996e+03
1.078027191623234330e+03
1.057839662044640363e+03
1.061384176927841281e+03
1.067144819310218281e+03
1.067907677964938784e+03
1.071557567322239493e+03
1.077742564298307798e+03
1.063261113805526065e+03
1.078251285398802565e+03
1.067235416930290285e+03
1.074653940909964149e+03
1.074058306441917011e+03
1.088456330411495856e+03
1.071483025506777722e+03
1.075011065560468069e+03
1.063468196679121093e+03
1.084660953503591145e+03
1.094098228360770690e+03
1.060750277689381164e+03
1.071101616621233461e+03
1.077815520303183803e+03
1.070365206247787000e+03
1.065139922321087170e+03
1.063125127983677658e+03
1.078084957688255145e+03
1.091249476255002719e+03
1.084547183211009042e+03
1.070887636272192367e+03
1.086223664498196285e+03
1.079637372166872865e+03
1.062046398917375654e+03
1.082627116349387734e+03
1.080913821418580710e+03
1.082574984627754020e+03
1.057725608732782803e+03
1.077288604234851846e+03
1.075634790329201223e+03
1.073191842623929460e+03
1.081730037922049632e+03
1.093160175453018155e+03
1.082594352925387511e+03
1.068747009084922865e+03
1.084103787646284900e+03
1.105419731064028156e+03
1.077713831048555903e+03
1.080212488863275439e+03
1.077091556560436175e+03
1.100864896730362489e+03
1.086935815078060386e+03
1.086607408123013329e+03
1.092824127508598622e+03
1.086654848680992473e+03
1.089831322558473630e+03
1.066354805712899633e+03
1.071488091309670608e+03
1.094074332249298550e+03
1.097204990554478172e+03
1.076243202781083710e+03
1.080601460080479001e+03
1.094522982879881056e+03
1.084972037008012649e+03
1.089040674120240283e+03
1.078674601677138071e+03
1.093547985505519819e+03
1.081444525664971025e+03
1.092509953230723795e+03
1.073391889170054810e+03
1.076644172273337972e+03
1.078641295031561867e+03
1.083840622660775580e+03
1.095841385982961583e+03
1.110543296439021333e+03
1.084861728388813390e+03
1.088412240474742021e+03
1.093440254435093038e+03
1.107648775370411613e+03
1.079960032136460313e+03
1.081806883585207288e+03
1.086981886211968686e+03
1.092582461820089748e+03
1.101723430838326294e+03
1.096561928738153711e+03
1.111192646715595174e+03
1.094210864625449176e+03
1.114543705926344501e+03
1.097799967054832678e+03
1.084225711947485252e+03
1.100305503584331291e+03
1.102761262957702002e+03
1.103571182922751859e+03
1.093962777660389293e+03
1.103570550125972204e+03
1.089088564302016266e+03
1.088333860249163763e+03
1.104349666042975286e+03
1.100257127583321790e+03
1.109415789755029664e+03
1.112870750015094472e+03
1.104177666416367401e+03
1.091219935175162163e+03
1.090845873324238028e+03
1.113202066199231467e+03
1.109742588843210115e+03
1.090147701593105012e+03
1.087957487660762808e+03
1.082204981278704736e+03
1.094027278003155971e+03
1.111553971489909372e+03
1.099797117356009949e+03
1.115074203249811262e+03
1.109047443423148252e+03
1.093574210306517898e+03
1.104151255089383767e+03
1.099550536209698521e+03
1.094634798182398754e+03
1.102267756217375108e+03
1.099989684654478651e+03
1.102633909329459129e+03
1.115314131415247630e+03
1.097149731088467661e+03
1.110721913599988284e+03
1.092335893485717179e+03
1.097964059368081507e+03
1.107399963818964352e+03
1.085076608030041371e+03
1.092985359344371545e+03
1.117927452006642625e+03
1.097457870377822246e+03
1.104910400407969291e+03
1.104303958034617381e+03
1.102559793418066420e+03
1.099694011516928413e+03
1.138084403797989808e+03
1.097378688227847533e+03
1.109937325802920668e+03
1.104358558972474611e+03
1.101074324568838392e+03
1.116000906049692503e+03
1.100764153851526544e+03
1.112867635270611800e+03
1.115190127634991313e+03
1.110984251273902828e+03
1.106725331530592030e+03
1.106637760419729602e+03
1.106555202120863441e+03
1.110034337600577828e+03
1.122417647616723116e+03
1.105458699895777272e+03
1.113792153995348144e+03
1.109309165248272393e+03
1.111996013338548664e+03
1.117610399697644198e+03
1.108111583709483511e+03
1.107457126837720125e+03
1.110894294500334126e+03
1.105785232703107567e+03
1.118758284007089969e+03
1.129202407905777363e+03
1.110354855079626077e+03
1.123358740739276982e+03
1.114089067978783305e+03
1.123965313684707553e+03
1.122284453186761084e+03
1.108191198095435084e+03
1.120942562345237775e+03
1.112118361133292183e+03
1.119851561144707375e+03
1.110901968402318744e+03
1.119968210729864040e+03
1.124369911875004618e+03
1.113773828972960473e+03
1.114670190136444717e+03
1.125017254521273344e+03
1.110364770583395966e+03
1.134223518933984451e+03
1.110329909157142765e+03
1.120285785888357623e+03
1.111506369072557391e+03
1.131071575249688294e+03
1.122346850360378994e+03
1.122391499881225855e+03
1.117720158455311775e+03
1.110173668081110009e+03
1.102110317247161220e+03
1.106328972598786322e+03
1.126090302243335600e+03
1.125053993193560245e+03
1.120925070015651272e+03
1.117306045702839356e+03
1.120815846522529228e+03
1.119668688195730056e+03
1.125957844744570821e+03
1.140262702070477872e+03
1.111035986206105235e+03
1.128121244714704062e+03
1.130262077703911245e+03
1.124836930353386833e+03
1.119197529608088871e+03
1.126162478538598180e+03
1.122702833315903035e+03
1.132209706118202803e+03
1.121143346348530486e+03
1.125545067038279967e+03
1.130763807893823923e+03
1.125950772023782520e+03
1.142390295950951213e+03
1.124323660339432308e+03
1.116247248029767889e+03
1.129358987164276868e+03
1.143067342677434453e+03
1.122502268167348348e+03
1.119268208071952813e+03
1.126011548375175607e+03
1.139774130541701879e+03
1.147105057754165273e+03
1.126899016418015663e+03
1.117795336039661606e+03
1.119985670598737215e+03
1.139017347053308413e+03
1.132331360243790868e+03
1.113495427564434294e+03
1.130923620267639080e+03
1.132502721117095234e+03
1.129677001914630864e+03
1.135562181296781546e+03
1.135678978864435294e+03
1.140117460640291256e+03
1.125858250109878554e+03
1.132360200343125598e+03
1.125245102001305213e+03
1.134826244059786177e+03
1.137685814436176997e+03
1.139677989581452039e+03
1.148613894311132299e+03
1.143580927557695304e+03
1.137326081357608018e+03
1.138459981652817078e+03
1.128862923674991180e+03
1.144401038237171633e+03
1.153302245125029231e+03
1.153595490421917702e+03
1.143857014368928731e+03
1.138514590826059930e+03
1.144302033610502122e+03
1.139119819872550124e+03
1.144467475895621874e+03
1.134069875101461548e+03
1.127625113623976631e+03
1.146531580976576834e+03
1.144802250994381893e+03
1.141262358743067580e+03
1.146159091755399913e+03
1.136384410131901177e+03
1.144993311775310985e+03
1.140361058031606262e+03
1.142346911947444369e+03
1.133046186968989787e+03
1.131449573687569000e+03
1.150878660519896130e+03
1.151893995992347527e+03
1.143186463176312373e+03
1.157608542803532600e+03
1.138959360174872700e+03
1.142353290557453874e+03
1.137803652739610015e+03
1.148047013794710892e+03
1.151935582391886101e+03
1.158538852744781479e+03
1.133488594816171599e+03
1.153840100899592699e+03
1.164186261454120995e+03
1.146151705094809358e+03
1.147820838514554225e+03
1.140554621647458134e+03
1.160144872192277489e+03
1.148674668229030203e+03
1.139378056973431967e+03
1.153889606257911055e+03
1.157169524947684749e+03
1.157632907123780114e+03
1.143724476531042455e+03
1.153109747078424789e+03
1.160496306345503626e+03
1.166460924986658256e+03
1.148560577815094575e+03
1.164366590743981988e+03
1.140619951998505030e+03
1.141447382990363167e+03
1.145513036751390928e+03
1.144153783207058268e+03
1.151823903890707015e+03
1.146476548672996614e+03
1.150313828509727045e+03
1.154094158386307981e+03
1.152968394334362983e+03
1.159559734260821415e+03
1.142567488830166212e+03
1.154847531336315114e+03
1.159903595248018064e+03
1.147512491250591893e+03
1.157271512925449770e+03
1.161112936815939747e+03
1.172122071455631840e+03
1.162617245753254338e+03
1.169074148606709969e+03
1.160270696272309806e+03
1.157791114409320926e+03
1.170799418000706510e+03
1.171132091211086163e+03
1.169745715026918333e+03
1.153202394291015025e+03
1.156559935171067991e+03
1.148663259205060058e+03
1.173340627674597272e+03
1.162780917604557544e+03
1.167803011518197081e+03
1.164710332451721797e+03
1.164517980955843086e+03
1.158360000742166903e+03
1.163959888926938447e+03
1.158690644746865019e+03
1.179754320283155721e+03
1.167889629156750289e+03
1.165717849522239703e+03
1.163273096280978280e+03
1.169180894021915947e+03
1.163114376956220440e+03
1.162875331917565518e+03
1.168298418812584714e+03
1.164004513108823630e+03
1.163433214114653538e+03
1.165744868516279439e+03
1.169685399805397992e+03
1.163942123575129699e+03
1.165789368560027242e+03
1.176564571064879146e+03
1.172290292755414384e+03
1.157578649442540609e+03
1.165409270808375595e+03
1.149920306243933283e+03
1.187577295194823137e+03
1.181958868848618522e+03
1.183535505768632220e+03
1.156791449555069448e+03
1.166828785758482809e+03
1.169144641380543135e+03
1.166182535704637303e+03
1.182761128095340382e+03
1.191046261452649560e+03
1.169549025498125729e+03
1.182956670750943658e+03
1.172576331077884788e+03
1.193596061145616204e+03
1.185593347009145646e+03
1.176415985124394638e+03
1.177000370733792806e+03
1.175036429667707125e+03
1.194293554711308843e+03
1.181605208952296834e+03
1.175007390816634143e+03
1.195432171543226559e+03
1.170100933696701077e+03
1.164738191784968649e+03
1.164916078896067802e+03
1.160648538005090586e+03
1.173782462408546053e+03
1.181072007494221452e+03
1.172593197089149498e+03
1.171249748459026932e+03
1.182082816368907515e+03
1.169793742130743112e+03
1.172866230751903004e+03
1.182616229932100168e+03
1.178790200401925631e+03
1.177165955976609666e+03
1.179815934595144654e+03
1.182085919850759410e+03
1.185433561783320101e+03
1.182719013995960040e+03
1.180192460667861269e+03
1.186645448739345511e+03
1.189444381549461923e+03
1.193377797783100050e+03
1.193785954418729261e+03
1.189512810765391123e+03
1.196602056153566309e+03
1.196719458498690301e+03
1.196684953788063922e+03
1.184794800057478824e+03
1.182288007673696484e+03
1.184945821954593839e+03
1.184349761900284193e+03
1.188424584318393499e+03
1.206378744159710095e+03
1.190758180831067875e+03
1.182311584631557707e+03
1.184558313945595501e+03
1.201671657591481107e+03
1.184688749064680223e+03
1.200655465057606762e+03
1.188685821811173582e+03
1.196413543359523146e+03
1.197330320258802203e+03
1.196047368134813951e+03
1.192903327160832305e+03
1.187329798225113564e+03
1.193224908223387956e+03
1.195892344629317904e+03
1.203595542184716578e+03
1.201584715882892397e+03
1.215898949002198378e+03
1.215533670064103944e+03
1.204893324842791117e+03
1.215145039055235429e+03
1.202227735268365905e+03
1.200677308559429548e+03
1.195765053101057674e+03
1.189864132403651865e+03
1.206427081792169247e+03
1.198725944544044296e+03
1.210227107226712860e+03
1.200427871886867024e+03
1.194957940876189696e+03
1.210481655688565979e+03
1.186982393454050225e+03
1.201249666387281877e+03
1.206079390454751319e+03
1.215643718874800015e+03
1.198466248013687164e+03
1.201649165823090243e+03
1.198499527895139181e+03
1.215454252866636580e+03
1.195196023617092806e+03
1.204809559166101280e+03
1.201540857508125328e+03
1.185687721904246246e+03
1.227162774017428546e+03
1.212119304495454344e+03
1.231206165145043997e+03
1.210918190833976723e+03
1.198266470099434173e+03
1.201562012011010438e+03
1.193921998257083942e+03
1.213351800204195570e+03
1.210636853555220341e+03
1.200794662657777053e+03
1.213823404963406347e+03
1.211788529268365664e+03
1.214678067486746841e+03
1.207295711691346469e+03
1.211513416802129996e+03
1.213353076514595159e+03
1.215002626206856803e+03
1.213372989311341826e+03
1.228942623260638356e+03
1.207225860482181815e+03
1.192000077946038573e+03
1.205988041534151989e+03
1.230524245178424962e+03
1.216344580299585004e+03
1.219361946501333250e+03
1.203947122973918567e+03
1.216867798883670730e+03
1.208981505255263073e+03
1.212718033622785924e+03
1.210543281049888037e+03
1.219662198648842832e+03
1.209872579206023374e+03
1.212936225903098375e+03
1.219726750343204912e+03
1.216405649080306603e+03
1.212190949180378993e+03
1.205283834463653875e+03
1.219182658888787728e+03
1.210638289247307284e+03
1.222668820361751614e+03
1.220959084050519095e+03
1.239291057486833779e+03
1.213971104009406872e+03
1.225623815692827293e+03
1.214603875184448498e+03
1.221586395478364921e+03
1.215602953463190715e+03
1.219219161736340766e+03
1.226522947598222117e+03
1.219296270976378310e+03
1.219386009122566747e+03
1.212021520060675130e+03
1.220201976589241440e+03
1.219739443670968512e+03
1.225379403969859595e+03
1.228620112434298790e+03
1.235316215276588991e+03
1.238107368877210547e+03
1.206773968675476908e+03
1.231658580606895157e+03
1.224051712614461167e+03
1.228128170688163436e+03
1.244476081799406984e+03
1.235411034637005741e+03
1.234854359877100478e+03
1.215314242193643167e+03
1.238398467783177693e+03
1.232747997085880570e+03
1.227314133481846739e+03
1.243072672169873613e+03
1.237585246598197273e+03
1.221176496895491937e+03
1.231292972603241196e+03
1.248428456700735978e+03
1.242570014166523833e+03
1.219081866895361600e+03
1.233389543556697163e+03
1.229656637990384297e+03
1.243941727562783171e+03
1.231059245985503139e+03
1.222588602965596237e+03
1.240275550927068707e+03
1.227207524476430763e+03
1.248903982250128820e+03
1.237419197752785067e+03
1.230353128540989246e+03
1.231043038845611818e+03
1.230634142714385234e+03
1.239521240945889986e+03
1.246636857371340284e+03
1.252107411956335454e+03
1.237339796749076413e+03
1.243069262339765373e+03
1.230861293541187251e+03
1.230142922466486880e+03
1.243328762537161992e+03
1.240951210948025164e+03
1.246137393909898947e+03
1.258552842529989448e+03
1.236143926218120896e+03
1.240556062673987753e+03
1.252084544817098276e+03
1.237679255342294937e+03
1.242300570935148244e+03
1.250409366867055269e+03
1.257609020115456133e+03
1.242586221972655949e+03
1.250598741458393988e+03
1.245416513244377256e+03
1.240613696777960968e+03
1.256125486782407734e+03
1.239420192864221008e+03
1.243411705266898934e+03
1.231813155866242823e+03
1.264414938399106632e+03
1.238165360599832184e+03
1.262388750681650663e+03
1.249400845066162447e+03
1.252704710276046171e+03
1.251182236734533717e+03
1.250578433026332505e+03
1.245872710731037614e+03
1.254972956267625705e+03
1.234891700807232837e+03
1.246275297500646047e+03
1.266027325134673447e+03
1.245707780636971165e+03
1.253794232759770694e+03
1.253524911160247711e+03
1.246718070066883911e+03
1.255886548040804655e+03
1.251505283666814876e+03
1.267747091943390615e+03
1.245138469285311203e+03
1.257019723275087244e+03
1.262007837159509108e+03
1.244342352601981247e+03
1.260633572120633289e+03
1.255584446031196194e+03
1.257925065052345644e+03
1.277175519100699148e+03
1.259298320450559459e+03
1.269967337616189525e+03
1.269129234494547745e+03
1.260485714265025763e+03
1.271665431595369000e+03
1.267458545119925020e+03
1.261924848876920805e+03
1.254570252623423585e+03
1.268658923807862266e+03
1.258722356246457593e+03
1.267015298986498919e+03
1.247413813897098862e+03
1.286032312593314373e+03
1.263954226246732333e+03
1.260755392559677830e+03
1.256199038078119656e+03
1.279571360079182796e+03
1.260683257648779318e+03
1.248213525921587916e+03
1.260438085799713463e+03
1.262348423362780977e+03
1.275802809164600149e+03
1.260871494883366267e+03
1.257262658803877002e+03
1.266348400814647903e+03
1.264836388917926115e+03
1.260753295263801647e+03
1.253042324061514591e+03
1.274774071266265537e+03
1.264144755865571369e+03
1.272130693601393205e+03
1.276581755243995303e+03
1.261601736761816028e+03
1.270512886735838265e+03
1.265350725515472050e+03
1.274581557826653125e+03
1.266328521668049461e+03
1.254230945867993569e+03
1.269913005604350928e+03
1.267669069641031228e+03
1.269187852228930069e+03
1.282681134252779202e+03
1.271380867339726592e+03
1.272211659449265653e+03
1.264596240664055586e+03
1.269114234052774009e+03
1.270088419803234046e+03
1.280246911520545609e+03
1.289754855069378891e+03
1.279645727997915628e+03
1.304840102986363945e+03
1.276667528612716524e+03
1.274795966826585300e+03
1.269857442243893956e+03
1.279643718510517374e+03
1.278141021645579031e+03
1.285068065153433963e+03
1.282409666990596634e+03
1.282387663606732303e+03
1.298071501663726849e+03
1.263838000078504592e+03
1.267547370212139640e+03
1.294693876625642815e+03
1.297029470736606072e+03
1.296404556498493776e+03
1.289208075933138161e+03
1.289389029307603778e+03
1.279750758006749948e+03
1.294543962313288375e+03
1.285388200654808543e+03
1.294674704849350292e+03
1.286664312966559464e+03
1.286141362684938485e+03
1.286729443053505065e+03
1.295218511229602655e+03
1.276597848251420146e+03
1.281826039406158543e+03
1.304449302836363358e+03
1.303192213966164672e+03
1.291462431023293675e+03
1.290651943319282054e+03
1.287633429191361074e+03
1.278368933440605360e+03
1.283881287044763440e+03
1.290952075250822418e+03
1.302949680944405827e+03
1.291144284647748464e+03
1.303803085673057240e+03
1.295887261640246152e+03
1.287354847304647592e+03
1.310175453779412919e+03
1.289329546594869726e+03
1.288393927646267684e+03
1.306483275741786201e+03
1.292317080663037586e+03
1.285938884315468613e+03
1.313613585200324906e+03
1.291900947159120051e+03
1.304548070317388238e+03
1.279940511352738440e+03
1.313570264091852323e+03
1.281876576065165636e+03
1.301533795850221395e+03
1.300914334811970548e+03
1.306727493560618086e+03
1.282314986351772404e+03
1.299214727204908968e+03
1.316743781462824245e+03
1.291916177190647886e+03
1.304289358895056921e+03
1.305906147020684102e+03
1.306661831978670534e+03
1.308279164332745722e+03
1.311080956582288309e+03
1.315227818369613942e+03
1.310638558968812958e+03
1.296932437713777745e+03
1.304181682163564346e+03
1.309559333489921073e+03
1.315333056499522627e+03
1.324312474010158212e+03
1.304919562876869350e+03
1.296606395377207264e+03
1.312596448644528209e+03
1.306779334288890823e+03
1.318193805347335001e+03
1.305928298999167282e+03
1.316492494683107907e+03
1.306030444775216665e+03
1.314918079814241537e+03
1.319749719211337606e+03
1.317462478824722666e+03
1.317668885084195836e+03
1.331921476607705245e+03
1.298212763100142865e+03
1.327596035982555350e+03
1.309490903847913160e+03
1.314391331381880491e+03
1.317685900687646608e+03
1.318690944642259183e+03
1.307734468402806897e+03
1.332693061089853018e+03
1.318128780511942978e+03
1.342408093609544721e+03
1.317716408088963362e+03
1.311609428937432313e+03
1.321124809676257655e+03
1.309840762864017734e+03
1.307513058599228543e+03
1.332272802086474940e+03
1.340383216412931006e+03
1.330168810972302254e+03
1.317386019702706562e+03
1.342279296679738991e+03
1.328347337123905390e+03
1.328906856927401350e+03
1.340213554006445520e+03
1.324351264342142940e+03
1.328255566146648789e+03
1.315340511947379809e+03
1.333187919713653855e+03
1.326062404221459474e+03
1.322946709121167714e+03
1.326923541971069653e+03
1.340887213707683713e+03
1.332496853110262919e+03
1.334148431329128016e+03
1.317818090143111476e+03
1.347651637814114338e+03
1.345951671640160157e+03
1.333990243442095561e+03
1.325486751978319262e+03
1.341385980495180092e+03
1.330736775721884896e+03
1.343230359964706849e+03
1.334911065382983907e+03
1.335316347093998047e+03
1.316552691680439239e+03
1.337862165337354327e+03
1.344054338551146884e+03
1.351769031979451711e+03
1.333551480605305642e+03
1.339332478516714446e+03
1.343364579587684148e+03
1.340025998193210398e+03
1.342861363705703525e+03
1.328639363302996344e+03
1.342104854719637842e+03
1.339202082179263925e+03
1.340183984352373727e+03
1.343365345249953407e+03
1.338508629504372948e+03
1.335219937336218891e+03
1.343855083331262222e+03
1.352352326835204167e+03
1.344510376175007877e+03
1.362160826766985565e+03
1.339119389528144666e+03
1.339762316615677946e+03
1.342101596482469859e+03
1.346390741056755587e+03
1.342300255789488801e+03
1.346251739389553677e+03
1.337347586928391820e+03
1.348185688969634384e+03
1.342974221809019582e+03
1.347414748781314302e+03
1.349535549586070601e+03
1.348697358561181318e+03
1.356770681997677457e+03
1.354670748101040772e+03
1.349510289739530663e+03
1.353283610789874501e+03
1.343070462900671600e+03
1.344595798549021310e+03
1.364550691589628059e+03
1.349528170147070796e+03
1.360660279551408166e+03
1.347822719947020914e+03
1.340800982039544579e+03
1.364073914465500138e+03
1.360081892773847585e+03
1.360970358560655313e+03
1.353302385852576208e+03
1.369048989414911830e+03
1.367701469027483654e+03
1.369312043688418044e+03
1.345341391794343508e+03
1.345718670965207821e+03
1.359686044412081174e+03
1.345596637485083647e+03
1.349534216261015445e+03
1.355016736484512649e+03
1.359601744324628271e+03
1.369221897301019453e+03
1.354584064152316387e+03
1.367919965266907866e+03
1.377200229832072864e+03
1.368591598362489549e+03
1.363504965804897211e+03
1.381909075333626106e+03
1.357962218745097971e+03
1.350369332783059690e+03
1.354629624214212072e+03
1.359955377370191627e+03
1.378727676677959380e+03
1.364552695845907692e+03
1.377488626212218378e+03
1.379277512717887475e+03
1.371439304398551258e+03
1.351845570510652351e+03
1.367014709483904653e+03
1.366124831157789004e+03
1.367184836982032039e+03
1.359121805868567208e+03
1.374279060627238096e+03
1.387951415671263476e+03
1.372011865857583416e+03
1.372699830147079638e+03
1.379265269109770315e+03
1.383804213663014707e+03
1.380138710870699015e+03
1.369994226882922476e+03
1.378399102293612941e+03
1.367465668139066565e+03
1.367751604420000149e+03
1.383782501839306406e+03
1.374885452350289597e+03
1.365039742165113921e+03
1.371115943744544666e+03
1.382948756072110200e+03
1.386080093334784351e+03
1.387248132216533349e+03
1.398387455671693260e+03
1.389620527050462897e+03
1.386200434107767933e+03
1.378756286748053071e+03
1.388578698446222688e+03
1.377658557579336048e+03
1.372278306694995990e+03
1.378980041779759631e+03
1.384258845133630302e+03
1.388258737050449326e+03
1.368656717589193931e+03
1.395005631635315012e+03
1.391299116746620712e+03
1.391708654996770065e+03
1.393282028625794510e+03
1.401012726599538155e+03
1.376280980335817276e+03
1.395040463558222882e+03
1.388113395961047672e+03
1.384399183168767195e+03
1.412245317035128664e+03
1.400166230730789493e+03
1.380684529931149882e+03
1.393949038507201976e+03
1.392847106203325438e+03
1.400088201733301730e+03
1.392594731653408871e+03
1.391740920009742695e+03
1.392692823416896772e+03
1.388307800647494787e+03
1.412166770069617769e+03
1.397148651816573647e+03
1.397886747604917446e+03
1.412476050861042722e+03
1.409865733858154726e+03
1.396957615534265415e+03
1.409546569523503422e+03
1.388446132492070319e+03
1.413124899848028235e+03
1.406236557675606036e+03
1.406760717957687575e+03
1.420856361911562317e+03
1.407917851656816993e+03
1.399549044157365870e+03
1.397731664718136699e+03
1.400554327982500126e+03
1.398585594319650227e+03
1.406782548504808119e+03
1.397133484256381507e+03
1.405298057197584512e+03
1.403332318866094511e+03
1.411841939165592748e+03
1.407557624002532748e+03
1.409853461688927155e+03
1.412724428653522182e+03
1.417898143337760075e+03
1.410170740647950424e+03
1.419311592648306714e+03
1.425945912303358455e+03
1.427081564595019927e+03
1.414289432313602674e+03
1.407274738815719502e+03
1.414160927031622350e+03
1.427933914257542938e+03
1.418131031673890902e+03
1.417522898982666902e+03
1.412371716456772901e+03
1.408813006714324956e+03
1.408041358454607462e+03
1.428519543805134617e+03
1.425937239227087730e+03
1.407903312555232560e+03
1.424788806321641005e+03
1.420328087640903050e+03
1.420353452813896865e+03
1.423219608648701751e+03
1.411319023665943178e+03
1.431067428434747399e+03
1.430656282149871004e+03
1.423971280149461109e+03
1.439926690760778229e+03
1.431629867167652037e+03
1.414431036978971861e+03
1.442701747197478198e+03
1.416749550103868614e+03
1.441272276764736034e+03
1.422614354586628906e+03
1.425745563565797283e+03
1.426753983125657214e+03
1.428999068231976707e+03
1.421393108408866055e+03
1.424568825480126407e+03
1.432760405392721850e+03
1.428859514254374517e+03
1.434461569127405028e+03
1.444964696503364621e+03
1.443550354258645484e+03
1.435312493198546917e+03
1.431515887790844999e+03
1.435291919770076674e+03
1.450120453517864917e+03
1.413217846566330991e+03
1.423923502504937005e+03
1.452140575444720753e+03
1.422572935360635483e+03
1.438472393540976100e+03
1.447255012286720103e+03
1.447936809375416033e+03
1.434348808355328629e+03
1.436274262395398637e+03
1.437376936408443044e+03
1.433161030876523910e+03
1.433956969119269843e+03
1.449836823733055326e+03
1.444634933939178609e+03
1.433758157920563690e+03
1.440985187079407069e+03
1.449924522680638347e+03
1.451051327511134787e+03
1.448958663312447015e+03
1.453236357716887369e+03
1.449179112711029802e+03
1.450427540626830705e+03
1.455055983557209174e+03
1.434999332804756932e+03
1.448418925933495075e+03
1.454357213790516880e+03
1.448817677204001257e+03
1.465054526518000330e+03
1.435005037821739734e+03
1.445773971326889068e+03
1.446241944233409185e+03
1.447441502893636198e+03
1.449309497103796275e+03
1.456178966941280123e+03
1.450519946723164594e+03
1.449720455528594584e+03
1.471590869272775990e+03
1.451906787949058071e+03
1.469080580718324654e+03
1.433722524058362751e+03
1.438983387993512679e+03
1.472232133245930982e+03
1.464462129731504774e+03
1.468969374263618192e+03
1.466628361003406781e+03
1.458652928461669262e+03
1.462895923131701693e+03
1.480612253478960156e+03
1.454659615232590340e+03
1.459991008312517124e+03
1.465471280532446599e+03
1.467469465804418178e+03
1.465652121490304125e+03
1.473377674462755294e+03
1.472039763824973761e+03
1.472076836547105131e+03
1.469623064579139964e+03
1.474917988851298105e+03
1.476502597604585617e+03
1.470828790266172064e+03
1.477288934072461188e+03
1.478912261949863932e+03
1.464866757569312540e+03
1.478853516335806944e+03
1.488195592064722177e+03
1.469962663146285195e+03
1.490231929366253780e+03
1.476239160768091324e+03
1.472759198377925259e+03
1.479433139537643228e+03
1.479083998582527556e+03
1.470400136685743746e+03
1.482960145205955087e+03
1.480872066442919504e+03
1.480673380960594613e+03
1.470274764493364273e+03
1.464802016808073176e+03
1.479332788673006917e+03
1.472679663191173177e+03
1.472036367795346223e+03
1.467457624435694925e+03
1.484519138251106369e+03
1.492204380386723187e+03
1.489689865245329656e+03
1.490705061156032343e+03
1.475227876998594184e+03
1.481036185975352282e+03
1.485288147851312488e+03
1.490885739505532001e+03
1.486316513036645119e+03
1.473066382043987915e+03
1.497211818035945953e+03
1.504166534657862712e+03
1.500775663849579132e+03
1.493216461762501240e+03
1.500187774397508292e+03
1.501528173347256370e+03
1.496463340379006695e+03
1.508791799553916917e+03
1.498742650628075808e+03
1.497900971870706599e+03
1.491354664702177843e+03
1.496018554343307869e+03
1.487653147230724699e+03
1.503137840854281194e+03
1.484206110952236713e+03
1.516108040072030917e+03
1.498972407460111071e+03
1.499491270451878108e+03
1.501126435135326119e+03
1.503047951811943904e+03
1.506949961582904052e+03
1.513433235495280542e+03
1.504239179768315580e+03
1.498715158213430186e+03
1.495356071966242325e+03
1.498158864809590568e+03
1.492616171947894827e+03
1.497368431400025202e+03
1.507907905051706166e+03
1.528726687293342593e+03
1.509652004301888610e+03
1.504584174864740362e+03
1.520391448432823154e+03
1.528824824677920788e+03
1.522650349949113433e+03
1.508197892452963970e+03
1.502419382501205064e+03
1.514808311900614626e+03
1.530069010241303204e+03
1.516279558206200363e+03
1.504365409254636234e+03
1.515229827107322990e+03
1.529465039877366735e+03
1.522878503832231900e+03
1.516028668637392002e+03
1.517500033419904184e+03
1.523804025230272373e+03
1.521030484435799735e+03
1.528712855268671319e+03
1.502860614381727601e+03
1.526070231982882660e+03
1.522384083930282713e+03
1.524017403943106729e+03
1.517733219337755600e+03
1.520337262523824847e+03
1.512549942523016398e+03
1.534728040620419733e+03
1.537397928266132340e+03
1.520842075839187146e+03
1.521097493271882968e+03
1.540493271809110638e+03
1.526342674170172586e+03
1.531021969573082060e+03
1.546260849716701159e+03
1.536447654512062854e+03
1.535261434855214020e+03
1.540009430872030862e+03
1.556702559724477169e+03
1.539449831320281419e+03
1.528769401707978886e+03
1.537297148765726206e+03
1.521366618313344361e+03
1.529112064202920919e+03
1.545858156050572234e+03
1.538560399363723263e+03
1.548457615942823395e+03
1.539452932286986425e+03
1.527854613279576370e+03
1.533263962197190494e+03
1.540479271866153113e+03
1.541552401191911940e+03
1.544529288805535543e+03
1.551207547813316751e+03
1.539936610279618662e+03
1.567569455565989529e+03
1.552214330816001620e+03
1.552849126327321756e+03
1.538341985770801102e+03
1.551286578562255954e+03
1.550670651735703132e+03
1.562112097503728819e+03
1.545410496053162433e+03
1.539089490922083314e+03
1.553232121639464367e+03
1.544802431401429885e+03
1.545894880886438159e+03
1.558372779807443067e+03
1.562037322351629427e+03
1.549109677332846559e+03
1.552151472924978179e+03
1.539136376728799405e+03
1.562322554474999379e+03
1.568513154367859897e+03
1.547507518124097487e+03
1.569649726836982154e+03
1.558361539223365980e+03
1.547135033552349796e+03
1.569878379521147508e+03
1.565567050636688691e+03
1.571183586765738710e+03
1.565916196007836106e+03
1.578317586102709583e+03
1.568501052635521091e+03
1.567050760959491527e+03
1.552125050296355994e+03
1.564107832520006014e+03
1.571339495837701634e+03
1.554520667806827305e+03
1.573010386245511199e+03
1.552373683669821730e+03
1.574530441706844385e+03
1.570102892447959903e+03
1.582025643879957443e+03
1.566360933422070502e+03
1.573053968836723470e+03
1.565213054650578215e+03
1.574637619353881519e+03
1.584988856110169309e+03
1.578205005666379748e+03
1.580378913149121900e+03
1.577629945693087620e+03
1.569602767547995654e+03
1.575821419341777982e+03
1.567105344907089830e+03
1.573346343210469740e+03
1.583410578317868612e+03
1.598029692489097442e+03
1.594239230640647520e+03
1.582173798341710835e+03
1.579269420786177079e+03
1.582951114380191711e+03
1.582429180310869924e+03
1.579193997534105620e+03
1.597771569970018390e+03
1.593647204716705573e+03
1.598720941403184952e+03
1.594227222150540229e+03
1.580708612624522630e+03
1.604040303782534238e+03
1.587740638997543329e+03
1.616385402454369114e+03
1.592558938059516095e+03
1.567439826615044240e+03
1.608727951543904965e+03
1.596244323061228215e+03
1.611710221332958781e+03
1.589029990852129913e+03
1.601298239378012113e+03
1.604956785034017912e+03
1.593604130704017734e+03
1.604167587836625216e+03
1.613720756106950375e+03
1.605756592407710968e+03
1.605860382971036870e+03
1.603703535114739225e+03
1.602452264201904654e+03
1.610340658436066633e+03
1.594439041964504213e+03
1.609859466702231202e+03
1.614399815386553428e+03
1.607808185365284544e+03
1.604377925848593122e+03
1.615696501751679762e+03
1.606399287620196901e+03
1.615060934084133578e+03
1.594644281434020058e+03
1.618112606915608922e+03
1.603292933237986063e+03
1.609982418327156665e+03
1.618739974683517630e+03
1.594349304593904890e+03
1.622199359454457863e+03
1.617017328978308569e+03
1.614744285168992519e+03
1.605585955442343675e+03
1.606739923429143801e+03
1.615053818202245566e+03
1.609081252980933641e+03
1.621166699429564687e+03
1.625181972904242912e+03
1.618312617949747391e+03
1.621308664655306984e+03
1.631662325573334556e+03
1.626461161039035005e+03
1.636956941354303808e+03
1.618293287868111292e+03
1.625063883819306284e+03
1.617710501046311037e+03
1.629776652808629478e+03
1.618308755022941568e+03
1.616501349414114884e+03
1.630019138671090559e+03
1.612900101546233373e+03
1.627097616659047844e+03
1.627192618634165001e+03
1.629698338335385415e+03
1.628351544715855653e+03
1.636697769271658672e+03
1.631968522500297240e+03
1.633504166158656744e+03
1.648094370947491370e+03
1.646716259667933627e+03
1.651930847865261512e+03
1.630080665246935496e+03
1.634391488250767452e+03
1.652967199183241291e+03
1.632296920906781907e+03
1.651996117313049353e+03
1.644301238197096382e+03
1.651375599313410930e+03
1.643344529777026992e+03
1.638204673792240783e+03
1.634003277525730027e+03
1.651849221884858480e+03
1.658522324669577074e+03
1.656779322809407176e+03
1.654279493390387643e+03
1.659739653141916278e+03
1.650176127310707898e+03
1.656611240593206730e+03
1.659463075517694278e+03
1.652622839343622445e+03
1.657254017558092073e+03
1.641618045282908270e+03
1.643251818582115220e+03
1.655181311441365779e+03
1.647868274849648969e+03
1.661163666394854772e+03
1.666064617309908726e+03
1.659359088648054239e+03
1.651846462727778999e+03
1.659446102094970229e+03
1.667016933868001843e+03
1.671467505976705070e+03
1.672834085754956504e+03
1.670841689449370051e+03
1.665384487803619322e+03
1.669035111183085519e+03
1.669807856111511910e+03
1.652107622726131012e+03
1.670460721510982466e+03
1.665912034442585764e+03
1.665917534390974424e+03
1.661572330528824295e+03
1.678026289311614619e+03
1.678919464687563050e+03
1.673704505089075155e+03
1.682389416633263863e+03
1.680975537822799879e+03
1.675183237080286062e+03
1.674324589563581412e+03
1.683273477536633891e+03
1.664922927778826761e+03
1.688948329121916913e+03
1.678254673180680584e+03
1.677100821863325336e+03
1.682515571456479620e+03
1.663688726002432077e+03
1.682823922614077446e+03
1.686415733938912126e+03
1.681961190918768125e+03
1.692912643044239076e+03
1.694128778835284038e+03
1.688668820764325574e+03
1.698690290404516418e+03
1.689662586963028843e+03
1.697537685646638920e+03
1.693786393836893467e+03
1.698269598844142592e+03
1.681075924553559616e+03
1.683865115311683212e+03
1.693592564981307532e+03
1.690847363191102659e+03
1.695446449235805858e+03
1.696057292656181971e+03
1.697774641383329708e+03
1.688560319517027438e+03
1.703172669423754087e+03
1.709153497697700686e+03
1.709034570014914379e+03
1.714498687472334723e+03
1.711409584900068012e+03
1.709882886779302680e+03
1.701443689894685576e+03
1.705601796774072454e+03
1.696829747995368962e+03
1.715347994679593739e+03
1.717551676708136256e+03
1.701372558446345010e+03
1.716645821506166158e+03
1.712112935468688875e+03
1.715593565100012256e+03
1.716617167466477895e+03
1.712131232873904764e+03
1.710813401998471818e+03
1.702831261502872849e+03
1.714174120054968171e+03
1.727339299078620115e+03
1.737210553112615344e+03
1.708374433681015034e+03
1.710639941899167525e+03
1.721183212729998559e+03
1.721932087587278374e+03
1.716350618073120586e+03
1.732935929109982908e+03
1.728064088814844126e+03
1.725582901137255021e+03
1.726996649818412152e+03
1.724403984852471240e+03
1.739342933235007195e+03
1.725157222508832547e+03
1.739252010650549892e+03
1.739846071559177290e+03
1.738119443892199797e+03
1.731012979948925249e+03
1.724338014749248032e+03
1.732987390527303205e+03
1.748080576634833051e+03
1.729497364074357620e+03
1.726363040008539201e+03
1.744535927493792997e+03
1.753027443244478036e+03
1.727858695513729572e+03
1.719965869175164698e+03
1.758653119415952688e+03
1.747339608502325973e+03
1.734896121515401774e+03
1.751086350382137880e+03
1.735773198160093898e+03
1.724004828104603348e+03
1.736249815356903582e+03
1.755799262159755244e+03
1.737088658624972595e+03
1.728086444855898890e+03
1.761338614378625834e+03
1.753550735369195536e+03
1.756038242090094400e+03
1.763407978056206503e+03
1.751962532127603708e+03
1.758179338757643109e+03
1.758220266145987125e+03
1.759950690060864645e+03
1.755549964126366831e+03
1.757322598869677449e+03
1.752897962484704749e+03
1.756939558820237835e+03
1.773673664846136262e+03
1.751587329842100871e+03
1.767746103531520248e+03
1.748570378919862151e+03
1.765770551466415554e+03
1.771484912612121434e+03
1.762667197248128332e+03
1.755732243297951982e+03
1.771164460250569164e+03
1.765531413683027495e+03
1.756876239856904931e+03
1.760986333545728485e+03
1.761634184490599182e+03
1.778341464097043627e+03
1.772727420930999870e+03
1.784477691472125116e+03
1.778089776666199896e+03
1.784948193000323954e+03
1.769780440540224618e+03
1.772307824991206871e+03
1.786683910505831818e+03
1.790435497149607045e+03
1.780205532201309097e+03
1.781434795096700327e+03
1.778643278475713259e+03
1.776134672721321522e+03
1.779549860180973837e+03
1.798585329544305296e+03
1.773317840355864519e+03
1.768680774021828938e+03
1.794390697451677624e+03
1.792387801984531507e+03
1.774225255152970476e+03
1.795442226868349280e+03
1.788297919474237688e+03
1.810248373405739358e+03
1.794467653221348883e+03
1.793722290391716570e+03
1.802004402601405218e+03
1.785530829201323286e+03
1.792120648901222694e+03
1.804479478928112258e+03
1.805651879695775278e+03
1.803603770063476986e+03
1.796466428990526083e+03
1.798200055535201500e+03
1.802168637794617325e+03
1.802410377137869318e+03
1.800656323529281735e+03
1.811950661731328637e+03
1.792307867628143867e+03
1.804004861402644792e+03
1.809408500176785310e+03
1.820596697773544520e+03
1.810414672830338077e+03
1.810666681959897915e+03
1.813091958407687571e+03
1.830945696547772513e+03
1.816727162302208399e+03
1.818634132707321214e+03
1.818460584335331760e+03
1.815255139919284147e+03
1.815398581962540675e+03
1.831367192072458693e+03
1.821627646876211656e+03
1.825731769207683783e+03
1.824245190229457648e+03
1.835213540719926414e+03
1.813188787358467152e+03
1.819095594168939670e+03
1.829484647268378694e+03
1.830893570599632767e+03
1.830752958719112257e+03
1.836489646426318359e+03
1.829504727744416414e+03
1.848318427265874107e+03
1.854755998114784688e+03
1.839081530460680369e+03
1.834392002598808858e+03
1.864151514246462284e+03
1.838090833940373841e+03
1.847795409552086994e+03
1.835447808700598216e+03
1.845633846692508541e+03
1.830288759853673128e+03
1.830941798188624261e+03
1.845533775320274799e+03
1.844514056366783734e+03
1.843818264231123294e+03
1.857324346085642446e+03
1.838157283428409755e+03
1.833495243038771832e+03
1.856553693786325312e+03
1.851140029898923331e+03
1.849093306851244961e+03
1.839228266646116253e+03
1.856514430511867886e+03
1.861700047714618222e+03
1.863616980694925587e+03
1.849455674427349550e+03
1.849867015930585012e+03
1.867342976657120289e+03
1.833521984436011053e+03
1.861464422821122525e+03
1.843261093943271817e+03
1.858999654472623661e+03
1.867792596344560479e+03
1.856497744658769079e+03
1.875218005081139609e+03
1.858365696785790306e+03
1.858294840154658914e+03
1.875657766095191164e+03
1.856064955967571905e+03
1.865204342772979317e+03
1.883328188847632418e+03
1.878385796837304042e+03
1.870728933282529397e+03
1.878073755146634312e+03
1.852385515273555256e+03
1.864175467733157348e+03
1.878958480425683319e+03
1.891395490613293305e+03
1.873729210900898806e+03
1.873265369889611293e+03
1.885402963440654503e+03
1.887244170667380104e+03
1.866445294100135470e+03
1.886941565541886575e+03
1.891676374519123783e+03
1.879802130329583179e+03
1.895636182689612724e+03
1.870715327686901446e+03
1.886400209403760982e+03
1.879583494332734745e+03
1.880236034807389842e+03
1.898580927950471732e+03
1.903633892358340290e+03
1.907690105403128427e+03
1.878420623047711160e+03
1.897230241202615616e+03
1.913521657284440380e+03
1.874627403994147244e+03
1.905368376412802263e+03
1.911770028048892300e+03
1.911333410922402436e+03
1.896715875823761962e+03
1.915539211569376675e+03
1.908941275251907200e+03
1.919298046842829535e+03
1.899039457231394181e+03
1.906014893695916953e+03
1.921298497870083793e+03
1.922126563382863651e+03
1.915854493588035666e+03
1.914498968918173887e+03
1.919033096888732189e+03
1.918055850482994856e+03
1.918605097778030313e+03
1.897688555390631564e+03
1.943164288179068762e+03
1.928919659938042969e+03
1.917881538393679193e+03
1.924734728144532028e+03
1.928591272287645097e+03
1.929362016451200816e+03
1.919627200759417747e+03
1.922976512365898998e+03
1.924910269137897558e+03
1.947170387647335247e+03
1.947872013681915405e+03
1.924788275269017049e+03
1.935068431057377893e+03
1.925626773813760337e+03
1.930131919530734876e+03
1.947221351506391784e+03
1.931940063742747725e+03
1.923266933623958721e+03
1.935833226202211108e+03
1.939840009097520579e+03
1.940236141758754457e+03
1.939342581553209811e+03
1.927098998495622936e+03
1.941544477145884002e+03
1.949506587239147393e+03
1.965636579624246224e+03
1.956953503233490210e+03
1.937115607042642523e+03
1.954501300935606878e+03
1.954258823286425695e+03
1.961927429181642310e+03
1.936344323315096290e+03
1.965962923654641372e+03
1.979816974998127762e+03
1.965639035767421774e+03
1.953667876075188815e+03
1.950058013610596618e+03
1.958612512203858159e+03
1.961449083897910668e+03
1.954468603574830922e+03
1.963925504741662280e+03
1.976116908874742876e+03
1.969037182502052019e+03
1.974339629823196447e+03
1.959318342784856668e+03
1.950421545287035769e+03
1.980422048630563495e+03
1.965294737295996583e+03
1.967494256867454396e+03
1.987570667341396529e+03
1.987491554008250660e+03
1.989196246716624955e+03
1.977584311620397557e+03
1.972803769611461576e+03
1.983164837135665266e+03
1.983180541669358718e+03
1.991466503111330894e+03
1.979890904278808421e+03
1.984032490931504071e+03
1.979556733279979426e+03
1.999655636937889767e+03
2.008050909011492649e+03
1.980786452683253401e+03
2.002709294904810349e+03
2.008069031054323659e+03
1.984549245043959900e+03
1.989653820513558458e+03
2.002109257136554561e+03
2.015603316120326554e+03
1.991302091534714464e+03
2.001486684974148829e+03
2.001991810723335902e+03
2.004239835730788627e+03
1.993870344989075647e+03
1.997021781735790000e+03
2.011145829918621303e+03
2.001030296361740966e+03
2.007504281148570726e+03
2.022253209878481584e+03
2.008720852126421732e+03
2.021687615307648230e+03
2.011217749585977344e+03
2.020340813958850276e+03
2.023276219737776273e+03
2.020599876458446488e+03
2.015507635039746447e+03
2.017384634636692908e+03
2.012665794438592684e+03
2.011838246255525064e+03
2.013352732467660417e+03
2.029893319619645126e+03
2.036161533776499482e+03
2.019271163137800158e+03
2.041443854018170668e+03
2.037269237421894786e+03
2.019043037492016310e+03
2.034728913789344915e+03
2.040309617278593805e+03
2.028175484056663890e+03
2.046551801729584668e+03
2.054594096907375388e+03
2.042441738045219381e+03
2.038158732771317318e+03
2.044734838102870071e+03
2.039711656691105418e+03
2.042406163261345228e+03
2.046999715513227329e+03
2.048850766042137820e+03
2.043270701940681647e+03
2.050243463170438190e+03
2.046659649893632604e+03
2.043265658569569041e+03
2.065656111542059989e+03
2.055162706573825744e+03
2.048909901995872133e+03
2.071576735876697967e+03
2.068723493960020278e+03
2.061696267111115503e+03
2.071529733236579432e+03
2.050469259229309046e+03
2.070097138235309558e+03
2.066503024902241577e+03
2.058681752126788524e+03
2.079103279555928111e+03
2.060703181905248130e+03
2.058093460225116814e+03
2.079173724618644428e+03
2.063413265073458206e+03
2.082718186580066686e+03
2.075682577765676797e+03
2.068198229506720963e+03
2.065290050763230738e+03
2.077937030718601818e+03
2.080632433251768362e+03
2.078278726568231377e+03
2.093072260436666056e+03
2.081070321950408015e+03
2.084685326494609853e+03
2.085083599148945268e+03
2.098489366997760044e+03
2.098269610111241946e+03
2.082240269790146613e+03
2.098714290803883159e+03
2.111987330415580800e+03
2.082003434142958213e+03
2.110050599320078618e+03
2.100778191465809869e+03
2.095506396065905847e+03
2.107112113597278039e+03
2.110356934363335768e+03
2.102308488842631959e+03
2.107042150653808676e+03
2.101665883051527999e+03
2.089800270832209208e+03
2.112976802661120018e+03
2.112949230832281046e+03
2.090557709932090802e+03
2.124978970276032669e+03
2.112984471583115464e+03
2.112300005956446512e+03
2.136665663534699888e+03
2.115916844646298159e+03
2.113072105266845938e+03
2.132028880153429327e+03
2.109916547869996066e+03
2.112342966214252101e+03
2.130481050755871820e+03
2.111591074775532434e+03
2.129101311684487882e+03
2.117620305351766547e+03
2.130720716535022348e+03
2.125977452270993126e+03
2.130054840693684582e+03
2.131118595761276083e+03
2.154092301786278767e+03
2.136937293684099586e+03
2.135796421795307651e+03
2.140921101668603569e+03
2.150983216725177044e+03
2.152961625697519139e+03
2.147680648240119353e+03
2.145960803470838528e+03
2.151278212220165642e+03
2.146056847723117244e+03
2.150953059411706363e+03
2.146505602063069546e+03
2.159011982515074578e+03
2.155955931772154145e+03
2.151832208045823336e+03
2.147596329650153166e+03
2.170347441477193115e+03
2.163617680061939609e+03
2.175715608791305385e+03
2.150918485345906447e+03
2.158694051946858963e+03
2.161911619791576413e+03
2.153687273811741761e+03
2.157594056800921408e+03
2.173742662196868423e+03
2.170608595957644411e+03
2.170735538550177353e+03
2.181905696481780069e+03
2.168026152406226174e+03
2.183163222101698011e+03
2.169826616857093086e+03
2.188222996687395607e+03
2.193838363963992833e+03
2.182902141013021719e+03
2.191970643903297969e+03
2.180320039695679952e+03
2.187839689986764824e+03
2.189451499712709392e+03
2.192105415589893710e+03
2.209085342601356388e+03
2.194267623764690143e+03
2.185419785353625684e+03
2.202325903858936272e+03
2.203365588610707164e+03
2.204935604068889461e+03
2.205544707038995057e+03
2.204103008411917926e+03
2.208870452582317284e+03
2.206761849723679916e+03
2.218468296675444890e+03
2.198359740014912859e+03
2.214106572684116600e+03
2.204721357908679693e+03
2.213327518635925117e+03
2.221442589069670703e+03
2.220278223624935890e+03
2.208369658358265497e+03
2.210301441722641812e+03
2.211377875970155401e+03
2.219409193387934920e+03
2.229126387888846239e+03
2.229610318769900914e+03
2.220067599695080389e+03
2.236030697913838594e+03
2.223614142408775479e+03
2.230870522843293202e+03
2.240391325549051089e+03
2.231112202934574270e+03
2.250454233451961045e+03
2.238796053163290253e+03
2.239522911146598290e+03
2.243721537007751976e+03
2.226266447753286229e+03
2.248693429230880156e+03
2.247916841346426281e+03
2.241455018777807709e+03
2.245689141614091113e+03
2.240898898447896954e+03
2.252450821171938060e+03
2.241932870816734521e+03
2.257284464909209419e+03
2.262569489035752667e+03
2.251606550897902707e+03
2.265576639820631954e+03
2.254817287896932612e+03
2.264089885614479499e+03
2.256161797267377551e+03
2.263483008228631206e+03
2.260393113082748187e+03
2.263962153022009716e+03
2.279303433507017417e+03
2.270118521976893135e+03
2.265340996127608378e+03
2.271336755673688003e+03
2.278741523797447371e+03
2.273999658441775864e+03
2.261377683068109945e+03
2.276288208864010812e+03
2.278591709295458713e+03
2.287141548762916045e+03
2.278408902620241861e+03
2.276001066620246547e+03
2.306134050793561073e+03
2.288753836840458007e+03
2.288236776109968559e+03
2.285511200859442397e+03
2.299254956259685514e+03
2.295868329131178143e+03
2.302500184368183454e+03
2.283054837962429701e+03
2.295198216981817495e+03
2.299197091342170097e+03
2.320301512491274480e+03
2.292424343600922384e+03
2.304529694990063945e+03
2.306724359702263882e+03
2.311530344394016083e+03
2.315797920443738349e+03
2.325906731202950596e+03
2.319615511731404240e+03
2.318919394859133718e+03
2.316379996821860914e+03
2.319302426131868287e+03
2.336393438554494878e+03
2.311891420263155396e+03
2.316837884034854596e+03
2.341445160360253340e+03
2.330100279578506616e+03
2.339224639280050269e+03
2.326543636148438054e+03
2.334526563351666027e+03
2.319982912704163937e+03
2.330422498424215974e+03
2.325971675692855115e+03
2.334243949411433277e+03
2.339145988126657812e+03
2.346192360224953063e+03
2.325429422677672846e+03
2.349478611735365575e+03
2.343908441399164076e+03
2.349772575654061711e+03
2.360587612354083831e+03
2.356948197097418415e+03
2.351526008081178134e+03
2.365402815317960631e+03
2.374554610412587408e+03
2.357024121521767029e+03
2.360741518952140723e+03
2.362151676157418478e+03
2.362767845782761469e+03
2.372653632699308673e+03
2.362525532256268889e+03
2.368132920711483166e+03
2.356325884638848947e+03
2.381962526553607859e+03
2.384264718560325491e+03
2.383594733230277598e+03
2.374995329958631828e+03
2.390514291397912075e+03
2.376643883551057570e+03
2.389163068990137617e+03
2.381819606073210707e+03
2.383779268825795043e+03
2.385057445980574357e+03
2.397742504965922762e+03
2.398731158529612912e+03
2.378907527907644180e+03
2.383343596137822260e+03
2.398521136457699413e+03
2.402435063571835599e+03
2.410274117541286159e+03
2.410935700014200847e+03
2.412035659237026266e+03
2.413630270904520785e+03
2.396304034981057157e+03
2.397735157330365837e+03
2.403710157014396827e+03
2.421145700598011445e+03
2.416511650292311515e+03
2.427709658979771575e+03
2.410010975409145885e+03
2.413873991990981722e+03
2.423608574617564500e+03
2.426842672333782957e+03
2.410844692312953612e+03
2.435558703036182123e+03
2.437079704055943239e+03
2.427737608182416352e+03
2.418979588592660548e+03
2.435519041757939704e+03
2.444988997929813650e+03
2.439119125633704698e+03
2.424799658092098070e+03
2.440764241371970456e+03
2.447348806650356437e+03
2.434835034562816418e+03
2.443571248888330501e+03
2.447250719647212009e+03
2.446825213794320007e+03
2.452038843917760914e+03
2.453857472991056056e+03
2.447807576578267344e+03
2.458629834725361889e+03
2.457050466231564769e+03
2.458817797901557242e+03
2.464101259005258726e+03
2.460110696767168520e+03
2.457938360870539782e+03
2.459687446752732740e+03
2.461815220731566114e+03
2.464763811048034313e+03
2.470692305285305338e+03
2.476212047572398660e+03
2.483059532230980949e+03
2.487070906321016082e+03
2.470425970824307569e+03
2.498057446178760529e+03
2.487597317536385617e+03
2.490171449829539597e+03
2.498742424997321450e+03
2.483371798922432845e+03
2.478227873755015025e+03
2.494946879253283896e+03
2.499608289271935973e+03
2.495919597944954603e+03
2.508735688586627475e+03
2.503934271032577271e+03
2.496951709787530945e+03
2.503680767521584130e+03
2.503439381087439415e+03
2.503800043152818489e+03
2.515261445636102053e+03
2.497159400977033783e+03
2.510291854401846649e+03
2.515226397469549738e+03
2.506553496641627135e+03
2.525502881304907987e+03
2.518595453660190742e+03
2.523054684970864855e+03
2.546772844063932098e+03
2.517647034404936676e+03
2.535253985800165083e+03
2.519256067923096907e+03
2.530862270529399211e+03
2.541776485924631288e+03
2.538614699377196303e+03
2.536779128934966593e+03
2.560058720030861423e+03
2.546501137808827934e+03
2.542591884286584445e+03
2.551092750107358825e+03
2.554731318090878631e+03
2.554109423292174597e+03
2.560972635117869231e+03
2.565735889686826795e+03
2.557193144932752602e+03
2.566366320211192033e+03
2.574990917701810304e+03
2.572583843773297758e+03
2.570102784175140641e+03
2.576513881319099710e+03
2.560351522312655561e+03
2.566686665552594604e+03
2.577400578786754522e+03
2.566466465563799829e+03
2.576654259501918204e+03
2.574672312262362539e+03
2.582533738973129402e+03
2.582975703308158245e+03
2.604750748195870983e+03
2.588820753694678388e+03
2.584492665743730868e+03
2.590308916763450270e+03
2.588677434474305301e+03
2.594000842820770686e+03
2.596307754328624924e+03
2.595564804309276951e+03
2.609976572136423783e+03
2.606242478001362088e+03
2.605601137400272364e+03
2.613395029222527683e+03
2.598804419458483608e+03
2.617292365314697690e+03
2.603673873898655984e+03
2.611629993599867703e+03
2.612367774267941513e+03
2.647473999432736491e+03
2.607896952183365102e+03
2.628637295418538088e+03
2.616757803202518062e+03
2.636547371276915783e+03
2.634002114048074873e+03
2.639157157495631054e+03
2.654208603970477270e+03
2.652027503889907166e+03
2.647503764173792661e+03
2.648025658288200702e+03
2.644771936007916793e+03
2.654019478145588437e+03
2.659249996743952579e+03
2.652304180567346975e+03
2.648882378308734587e+03
2.670298462277158706e+03
2.675430228685466318e+03
2.666156373782835999e+03
2.655195386739747846e+03
2.661531503836800312e+03
2.679508540506518329e+03
2.683652565014049742e+03
2.673533310160922611e+03
2.665914371669768116e+03
2.668916168990653659e+03
2.681503511231017455e+03
2.679505940278575508e+03
2.689139825321818535e+03
2.680819678802328326e+03
2.690765763232556310e+03
2.688197132865385356e+03
2.692631152272004783e+03
2.703956498217598892e+03
2.701552254912722674e+03
2.700854031050917001e+03
2.698703414659933060e+03
2.711965082208701915e+03
2.707852338450178650e+03
2.696410705632194095e+03
2.705991078071282573e+03
2.724607519211927411e+03
2.705926764101252502e+03
2.716849062085280366e+03
2.730278114218218434e+03
2.714565327650034305e+03
2.709805442692615998e+03
2.720384085311098261e+03
2.726331077484263460e+03
2.737357997030111164e+03
2.742536723658398842e+03
2.749702025793329994e+03
2.747654076025726226e+03
2.732277630404242700e+03
2.733820218246969944e+03
2.743078069577395581e+03
2.760521493469240340e+03
2.735247833343744333e+03
2.747280605928468958e+03
2.748558697951875274e+03
2.753303700426426531e+03
2.751824805652956456e+03
2.756439411956966069e+03
2.766703914688694113e+03
2.755152009604426439e+03
2.773189897378519618e+03
2.770548495908989025e+03
2.765203526295473239e+03
2.762978939512099714e+03
2.755867548709727998e+03
2.786880673025138549e+03
2.787451378149406992e+03
2.785211191494566265e+03
2.793068545015659765e+03
2.782151005607668594e+03
2.785256749977243999e+03
2.793969464809015790e+03
2.774958048615481403e+03
2.772105378717771600e+03
2.818283490823497687e+03
2.809916712228255165e+03
2.795639105120153999e+03
2.801661188939237945e+03
2.812182477971041862e+03
2.796895942691925484e+03
2.817342568674850099e+03
2.795937255736740553e+03
2.807565747918723446e+03
2.820196180229556830e+03
2.832848464555518603e+03
2.817423073495620429e+03
2.829375531853500433e+03
2.835550906746428154e+03
2.809967010231411678e+03
2.831065405616073804e+03
2.836618071971971858e+03
2.832572466028320832e+03
2.831586294564403488e+03
2.837233758362463050e+03
2.832694630044158203e+03
2.843123593902856555e+03
2.855994571551206263e+03
2.859486837547186497e+03
2.847702466997980082e+03
2.854347302621238214e+03
2.855416712005713634e+03
2.856878227754981253e+03
2.870153977316313558e+03
2.854460650333874582e+03
2.876577713732580378e+03
2.862011997679861452e+03
2.878947186920469449e+03
2.875554639472097733e+03
2.883674492210664084e+03
2.872782209152067480e+03
2.878741655625108706e+03
2.871231493493800826e+03
2.885402573789041526e+03
2.884832866498957173e+03
2.889542599904564213e+03
2.879070580511792286e+03
2.898176586122651770e+03
2.898008233050885337e+03
2.905585876569442007e+03
2.911605632133024756e+03
2.911660598327450771e+03
2.914212898768050763e+03
2.904880855648366833e+03
2.918056138394339087e+03
2.909505006746420349e+03
2.926602355824943970e+03
2.913411493781633908e+03
2.923600891686089653e+03
2.926533125627226582e+03
2.914058548423725370e+03
2.930269780052292845e+03
2.938318832092149023e+03
2.930094937106483030e+03
2.947993257345508027e+03
2.940426735003214617e+03
2.944058676221758105e+03
2.946145645908389724e+03
2.954938664454783520e+03
2.954217784638419744e+03
2.970935578050328786e+03
2.950470407501582940e+03
2.960535715547164273e+03
2.954198904034181396e+03
2.969189566585643661e+03
2.975942257896542742e+03
2.972429717757501294e+03
2.978475665607383689e+03
2.996307816291544896e+03
2.989910234731952642e+03
2.976423067332097162e+03
2.988631369553484546e+03
2.986208910090734207e+03
2.979943304691463254e+03
3.001259692526117760e+03
3.003365636277817430e+03
3.000927712768942911e+03
3.007315463695563722e+03
2.993842110591057917e+03
3.008234951716765408e+03
3.006813525796235808e+03
3.012615534330313949e+03
3.007639688666371512e+03
3.016214326502959011e+03
3.003667511829426076e+03
3.027840646307154202e+03
3.023586676687848467e+03
3.030961651005593467e+03
3.028840937421686704e+03
3.019208572392726182e+03
3.018105542434551808e+03
3.032473417725290346e+03
3.035656137333343395e+03
3.051095251978976648e+03
3.052924896414739123e+03
3.052478787274834303e+03
3.061701172539764229e+03
3.060936751965701660e+03
3.057081651854967276e+03
3.064197734221671908e+03
3.064697540230241884e+03
3.071259297139313730e+03
3.061190197474679735e+03
3.069790952565567295e+03
3.075187633768600335e+03
3.087962405672115892e+03
3.071615439671730655e+03
3.095802908204816958e+03
3.106968490572436622e+03
3.085808870091799690e+03
3.102426500912185020e+03
3.099097239580810310e+03
3.089303010542748780e+03
3.098037754725419290e+03
3.092581128369608905e+03
3.110470334587238995e+03
3.117045199140082332e+03
3.109590909368034318e+03
3.113613088656715263e+03
3.122288672904776831e+03
3.123688733782617419e+03
3.120053739583627703e+03
3.126250132536145429e+03
3.122540424310581784e+03
3.133903248007983620e+03
3.140344295400808733e+03
3.130780033265111797e+03
3.135654810445166277e+03
3.157061285697084713e+03
3.141630459074909140e+03
3.153300873239337307e+03
3.158881518661226892e+03
3.163805500443737856e+03
3.159073389214263898e+03
3.143930385260347521e+03
3.165827805756404359e+03
3.177524726694462515e+03
3.173277976541648059e+03
3.179076862258772053e+03
3.181242240437687087e+03
3.179582177145048718e+03
3.172168953982019957e+03
3.192890844669900162e+03
3.177841502419899371e+03
3.179282489313115548e+03
3.190362743909095570e+03
3.195706522294089154e+03
3.196525837453650183e+03
3.206882922416039946e+03
3.218712610970676451e+03
3.207386646597372419e+03
3.217851219596582723e+03
3.222816593928204838e+03
3.228360060043233261e+03
3.222098377086850178e+03
3.233424407640973641e+03
3.205016196520962239e+03
3.235298106464656939e+03
3.225554747612594383e+03
3.233163313798135732e+03
3.235594490154272535e+03
3.259005493761805155e+03
3.246999242586667151e+03
3.255782703003620554e+03
3.269879635315299311e+03
3.243866874357338020e+03
3.262967780562718417e+03
3.261767691216878120e+03
3.254001794919694476e+03
3.275428879206888723e+03
3.273958881800078871e+03
3.273997124462318425e+03
3.291631620504786497e+03
3.277795954829849052e+03
3.291994780108403120e+03
3.291431932079888611e+03
3.294944235430772096e+03
3.270515552942154955e+03
3.300948114252921641e+03
3.301386585807099436e+03
3.293240628591403947e+03
3.294060765030509629e+03
3.293229637880413975e+03
3.320131216326938556e+03
3.311665732337274676e+03
3.319724005917340492e+03
3.332064399483278521e+03
3.329105632503940797e+03
3.334499566871176285e+03
3.335024000354659620e+03
3.326054252776887097e+03
3.336411886685565605e+03
3.354773579035761486e+03
3.347383793358336789e+03
3.347631842193051398e+03
3.346724904424963370e+03
3.369090226540303775e+03
3.367685555258292879e+03
3.362286652807050814e+03
3.356106540521951956e+03
3.357832763517447802e+03
3.362362637440458002e+03
3.370279240100476727e+03
3.372607956570268925e+03
3.376793591894313067e+03
3.379990250130800177e+03
3.383268884539367718e+03
3.396476944482242288e+03
3.392527643810426071e+03
3.401271132775803380e+03
3.394236614969272978e+03
3.395145712293505767e+03
3.403580134495564380e+03
3.420045022271571725e+03
3.410013665409281202e+03
3.429000644202120384e+03
3.420017094129665111e+03
3.425214823489035552e+03
3.425422413696885997e+03
3.422144089531849659e+03
3.447610108081682938e+03
3.439213627981587706e+03
3.423578604734747842e+03
3.442717677279405052e+03
3.432010441340092711e+03
3.445747317532953275e+03
3.468980110941620751e+03
3.446976904163717791e+03
3.454285642909458147e+03
3.473442229954546292e+03
3.472294503228552458e+03
3.465351962428065235e+03
3.473404204698602825e+03
3.489500515673071277e+03
3.486993035413146572e+03
3.481968490413969448e+03
3.499145136924753388e+03
3.498893593746073748e+03
3.512288716819342881e+03
3.499597774717778975e+03
3.500089952507895305e+03
3.500694743915103118e+03
3.514706910805744883e+03
3.505483077078450151e+03
3.521239099451762741e+03
3.511430277315931562e+03
3.526602761095829919e+03
3.540844619982966833e+03
3.535617135171274640e+03
3.547862972281453040e+03
3.548475995252023040e+03
3.546228644872985114e+03
3.546834834555066664e+03
3.545782252491080271e+03
3.575161566341995695e+03
3.539594048631935493e+03
3.564222553116684594e+03
3.558501695159485735e+03
3.570903620801038869e+03
3.581198662643349962e+03
3.568438524498501010e+03
3.585514738999000201e+03
3.592820450671862091e+03
3.583844547148929905e+03
3.583163599852578045e+03
3.582193466793903099e+03
3.610993744826656894e+03
3.586660124258666656e+03
3.610518653895011084e+03
3.601670031647242013e+03
3.602226471011897956e+03
3.620913589331762523e+03
3.615673168520876516e+03
3.614222239038502721e+03
3.625205234907922204e+03
3.635337736465020953e+03
3.652849100191497655e+03
3.649481959416120390e+03
3.647014410506365039e+03
3.642105869670702305e+03
3.667143251796919230e+03
3.647651005869001892e+03
3.654975995603580941e+03
3.663969098534606928e+03
3.677466920953202589e+03
3.672343100867064550e+03
3.664065994496397707e+03
3.687825395492504413e+03
3.690595173640695066e+03
3.677169827974020336e+03
3.700601034061248811e+03
3.719648190679547952e+03
3.690209454205325073e+03
3.706446912720118235e+03
3.720162963224700434e+03
3.703952474352097397e+03
3.721860547812313598e+03
3.718699359392946462e+03
3.727542707163929663e+03
3.718907284856102251e+03
3.735234194349125119e+03
3.737417091425929357e+03
3.729818995697849459e+03
3.750766713143620564e+03
3.717900958751855342e+03
3.747033902111863881e+03
3.752104666536099103e+03
3.755879514402023688e+03
3.742746328703034123e+03
3.764817706956504480e+03
3.768332695600503030e+03
3.767083832710995466e+03
3.785676135326810709e+03
3.772483021001005454e+03
3.776066926947759384e+03
3.770987194524982442e+03
3.814695403571807674e+03
3.791132137901670376e+03
3.792912085556332386e+03
3.795417064399591254e+03
3.819000580394086228e+03
3.809532242932302779e+03
3.802426860266873064e+03
3.814882988831149760e+03
3.805227765963981710e+03
3.829852934425571220e+03
3.813587814696364603e+03
3.834438067656170915e+03
3.840079105855220860e+03
3.836695793549569771e+03
3.859575300372493075e+03
3.850175275423081985e+03
3.838972968399862111e+03
3.885238956258458984e+03
3.854108793767934912e+03
3.877148865223629400e+03
3.861757314249557112e+03
3.887261553280394764e+03
3.882243472936002945e+03
3.879444705646424609e+03
3.884009642745957080e+03
3.882084689988280843e+03
3.903046676803810897e+03
3.891747137037980337e+03
3.897056684557064727e+03
3.921767601989830382e+03
3.919585539044549023e+03
3.924508420912718975e+03
3.929519742269174003e+03
3.928883495798555487e+03
3.937994695589387902e+03
3.947723213725538699e+03
3.933107128910797655e+03
3.956381283531305144e+03
3.952494201122027334e+03
3.964962558731585432e+03
3.960474577058125305e+03
3.962138558413250394e+03
3.964055280788153595e+03
3.971194961359119134e+03
3.968602697733018886e+03
3.963200533022184118e+03
3.985416467436261883e+03
3.987631102866588208e+03
3.995333926246611554e+03
3.995942918672848464e+03
4.008121354820307261e+03
4.022870930175904959e+03
4.016228517422073310e+03
4.020001796433107756e+03
4.009691820400542838e+03
4.020852954743283135e+03
4.026424960388187174e+03
4.055846430313517885e+03
4.039533067868765102e+03
4.029740573634273460e+03
4.046072172321709786e+03
4.057008271771884210e+03
4.061583016016777492e+03
4.062972695693427795e+03
4.070049213718610190e+03
4.092805568132298504e+03
4.082606886933747319e+03
4.072612786092534861e+03
4.096893467393658284e+03
4.093426407722207841e+03
4.098143661264087314e+03
4.089558928159611241e+03
4.106282317715091267e+03
4.104833100887902219e+03
4.120176117699388669e+03
4.124933760039205481e+03
4.114141770644896496e+03
4.135754486028895371e+03
4.126383709502326383e+03
4.140622655366681101e+03
4.131391358925508939e+03
4.141486876283369384e+03
4.148580519931576418e+03
4.161837299372889902e+03
4.166095858748194587e+03
4.159108222546497927e+03
4.164625889381922207e+03
4.179797162274730908e+03
4.180602934284168441e+03
4.177073216368601607e+03
4.198920932936501231e+03
4.198527716473152395e+03
4.200993492199510911e+03
4.209898925780982609e+03
4.217381522559054247e+03
4.208474062357558068e+03
4.221257352655099567e+03
4.217329875837549480e+03
4.227239017177704227e+03
4.234725494268421244e+03
4.236582430681116421e+03
4.256188558867286702e+03
4.249677242393094275e+03
4.245838323355492321e+03
4.254338658453245444e+03
4.253873572459323441e+03
4.258679876045529454e+03
4.250656405002289830e+03
4.277511991536815003e+03
4.293099807257010980e+03
4.283113137356073821e+03
4.292656283349057958e+03
4.304260209617916189e+03
4.299858325592613255e+03
4.307004213495108161e+03
4.317864978863003671e+03
4.315753224473848604e+03
4.325627654000147231e+03
4.326656652496492825e+03
4.341654628968371071e+03
4.328011900437484655e+03
4.341242879945253662e+03
4.350901108347607988e+03
4.346983477763933479e+03
4.361423634702141499e+03
4.356729512679774416e+03
4.382256044186664440e+03
4.359619342371825041e+03
4.375482686821233074e+03
4.397443218955335396e+03
4.387517448748638344e+03
4.405096541214920762e+03
4.402513881183455851e+03
4.398224386444961965e+03
4.424027554817647797e+03
4.410824617776370360e+03
4.418065698748265277e+03
4.425798013855462159e+03
4.432627004323314395e+03
4.442544341775887005e+03
4.452044256151664740e+03
4.445125658145682792e+03
4.452047008334263410e+03
4.445289667817232839e+03
4.464895906687127535e+03
4.476378104415821326e+03
4.470983743125146248e+03
4.481952955574900443e+03
4.488919137673767182e+03
4.489255460702502205e+03
4.489241855822302568e+03
4.501058329645830781e+03
4.511222983226192810e+03
4.507786410083252122e+03
4.519161116136438977e+03
4.526356713616000889e+03
4.523993306469427807e+03
4.527801272780799081e+03
4.550185931387942219e+03
4.543163865962916134e+03
4.561039465924625802e+03
4.556981374482948922e+03
4.560867982117222709e+03
4.545398772385481607e+03
4.572892097408896916e+03
4.588019464376407996e+03
4.580700425080467539e+03
4.590169067949243981e+03
4.595464127621376974e+03
4.596739462304473818e+03
4.610211029540606432e+03
4.622016655233247548e+03
4.617295461819178854e+03
4.637987026716177752e+03
4.634935155752962601e+03
4.623529773996781842e+03
4.643955815548575629e+03
4.655911142679612567e+03
4.646042368393334982e+03
4.646575061343948619e+03
4.672620452563624895e+03
4.669586996109788743e+03
4.683943876109896337e+03
4.673239577806238231e+03
4.688476305585904811e+03
4.693640748838489344e+03
4.700792310996017477e+03
4.708622502415712916e+03
4.712247395584480728e+03
4.701298112385170498e+03
4.714865699858200060e+03
4.732855934541023089e+03
4.742282870459964215e+03
4.741077952416819244e+03
4.729956177972425394e+03
4.758823073029711850e+03
4.750452593084680302e+03
4.767562685457635780e+03
4.765758283787398796e+03
4.762081953135995718e+03
4.783330381705614855e+03
4.789466027147103887e+03
4.801308727836408252e+03
4.809993884331400295e+03
4.802597462304911460e+03
4.807017710370814711e+03
4.809791986890741100e+03
4.835343652135577031e+03
4.826237945586611204e+03
4.846784863081290496e+03
4.844561093102533960e+03
4.852952041453863785e+03
4.855957663488165053e+03
4.869872852305640663e+03
4.846963513655720817e+03
4.875246113235381017e+03
4.874394056862421166e+03
4.870882699355868681e+03
4.881651254455154231e+03
4.905288756050007578e+03
4.897416881247440870e+03
4.903068763935497373e+03
4.911170464874370737e+03
4.942875378561816433e+03
4.928157579741762675e+03
4.946825026862251434e+03
4.941761848135669425e+03
4.944043010426611545e+03
4.960646250166469144e+03
4.969341066247914569e+03
4.968510065639949971e+03
4.965579624096221778e+03
4.992482122502306993e+03
4.988738200484304798e+03
4.982983441809963551e+03
5.005435200905851161e+03
5.005543564385217906e+03
5.006976371347343957e+03
5.032719028677309325e+03
5.008561432645019522e+03
5.041643407071776892e+03
5.023994018344264987e+03
5.048241887979648709e+03
5.074497612511735497e+03
5.051054286884923386e+03
5.059919247102037843e+03
5.062247517888448783e+03
5.071434524962648538e+03
5.066322090425936949e+03
5.081536335976003102e+03
5.098828971501320666e+03
5.117495587731514206e+03
5.087519065805890932e+03
5.109478808060642223e+03
5.134058591974801857e+03
5.116605076795917739e+03
5.131805124576289018e+03
5.125956892318462451e+03
5.143771888479942390e+03
5.156818638270209703e+03
5.159879426631428032e+03
5.190618655916295211e+03
5.186219136778518987e+03
5.184443587063243285e+03
5.196028122662885835e+03
5.199229729714254063e+03
5.211153142401682999e+03
5.211674508725298438e+03
5.224053185744313851e+03
5.224236393312153268e+03
5.232508983573704427e+03
5.238763994099671436e+03
5.256719329479123189e+03
5.248244654573083608e+03
5.258585336707173155e+03
5.273678601443925800e+03
5.281201476647308482e+03
5.277503019748480256e+03
5.272780097420895800e+03
5.292052063212462599e+03
5.298916650547890640e+03
5.318751509132960564e+03
5.305789854578557424e+03
5.319434019220575465e+03
5.350709202796130739e+03
5.341929217828776018e+03
5.356380366835868699e+03
5.343305773207655875e+03
5.365349495659289460e+03
5.368005560213109675e+03
5.372366533553472436e+03
5.368072067978995619e+03
5.395422769213748325e+03
5.396522296237089904e+03
5.410202690132151474e+03
5.427163188524888938e+03
5.410758581394757130e+03
5.420096917367326569e+03
5.440348718361484316e+03
5.432720443057371085e+03
5.448840629833021012e+03
5.456673763628358756e+03
5.465252554397843596e+03
5.471919994042890721e+03
5.466859626000436947e+03
5.481447184581089459e+03
5.497190463806783555e+03
5.507720260831402811e+03
5.494775297537740698e+03
5.507920356450918007e+03
5.518955924226755997e+03
5.536414858886757429e+03
5.543836212937721939e+03
5.543336441704542267e+03
5.556881749500415026e+03
5.570362900129731315e+03
5.557377543964971665e+03
5.576932665858590553e+03
5.597453968343870656e+03
5.593626484569344939e+03
5.612469267891518939e+03
5.613884743779241035e+03
5.606138588935773441e+03
5.632269145342906086e+03
5.636825987772803273e+03
5.648341766352226841e+03
5.660565254408174951e+03
5.664494010298420108e+03
5.664661907980319484e+03
5.674899418757259809e+03
5.682657816082160025e+03
5.676629307055232857e+03
5.698774966360829239e+03
5.715513279190736284e+03
5.711568135173688461e+03
5.736287479845993403e+03
5.737330479339208978e+03
5.746275461092004662e+03
5.752128125612007352e+03
5.740401181342881500e+03
5.753725908635237829e+03
5.751033663196037196e+03
5.775829193404068064e+03
5.787395782945389328e+03
5.803214345461109588e+03
5.803541892375563293e+03
5.809395523613543446e+03
5.835449367338869706e+03
5.812945648142357641e+03
5.852984450377780377e+03
5.844892361241131766e+03
5.864322370450581730e+03
5.849833132507739720e+03
5.865122902533296838e+03
5.873761414758773753e+03
5.881824246157508242e+03
5.886159065399127940e+03
5.910614854145311256e+03
5.898894878212357980e+03
5.914585860523968222e+03
5.933364188652662051e+03
5.941657377345421992e+03
5.961446861340719806e+03
5.958876860473865236e+03
5.968935008148735506e+03
5.961430617791270379e+03
5.976152211502866521e+03
5.996186703774970738e+03
6.000954827434732579e+03
6.003050383741329824e+03
6.011189424140582560e+03
6.043155294401370156e+03
6.034186318268646573e+03
6.041321113356701062e+03
6.044450293505391528e+03
6.069116024060610471e+03
6.078162271884979418e+03
6.066830227600855324e+03
6.087374141658660847e+03
6.077217088773256364e+03
6.119061167152469352e+03
6.107378114212722721e+03
6.128783613073284869e+03
6.128033995858454546e+03
6.145759850174895291e+03
6.136394735762140954e+03
6.159978644699275719e+03
6.178436407757675624e+03
6.175452581537064361e+03
6.191161971166396143e+03
6.190098013800478839e+03
6.193468098241067310e+03
6.227378034273549019e+03
6.216867396384825042e+03
6.235030482211763228e+03
6.226754910031842883e+03
6.263440620007876532e+03
6.260652475810641590e+03
6.262270445779840884e+03
6.280582511411848827e+03
6.283202012276569803e+03
6.295668652121024934e+03
6.300318112118857243e+03
6.316642480370525846e+03
6.311081449786965095e+03
6.335495765752329135e+03
6.342489729323336178e+03
6.342212414616156821e+03
6.374708836486218388e+03
6.381718721237158206e+03
6.390194513897951765e+03
6.395512321919407441e+03
6.414940130191703247e+03
6.406788030719738344e+03
6.424647416084597353e+03
6.446689598351199493e+03
6.429915290913286299e+03
6.445967760794779679e+03
6.466319889669573968e+03
6.466748546480516779e+03
6.471002461657003550e+03
6.489805207040865753e+03
6.506719727880211394e+03
6.507904802016019858e+03
6.530851969822012506e+03
6.518012641780679587e+03
6.551644270623898592e+03
6.548372257763069683e+03
6.540653360037240418e+03
6.580700713920758972e+03
6.593794469082217802e+03
6.584465591559935092e+03
6.603510982259571392e+03
6.623532400001064161e+03
6.617448957228480140e+03
6.631651963861778313e+03
6.648647374599957402e+03
6.657661964882153370e+03
6.662498550013509885e+03
6.682122507084692188e+03
6.685828525713063755e+03
6.691274463029766594e+03
6.705990295962639721e+03
6.716861936361931839e+03
6.733220074905807451e+03
6.759434260620793793e+03
6.751801207827948929e+03
6.762821508315641950e+03
6.782758912668663470e+03
6.777567073351861836e+03
6.781607881372094198e+03
6.796893794205084305e+03
6.804408475098075542e+03
6.825299517304425535e+03
6.833514554531156136e+03
6.835947384439275083e+03
6.854378797007040703e+03
6.878440323186642672e+03
6.884949047523750778e+03
6.889586032496188636e+03
6.889987634521594373e+03
6.901553345543177784e+03
6.928381284764362135e+03
