7.923990272582271928e+02
7.911309901781025928e+02
8.056047117260369532e+02
8.223744163860017125e+02
7.924164947921992734e+02
7.916332528554307828e+02
8.092681758473160016e+02
8.051036613979671301e+02
7.887553627819645499e+02
8.029914949972981049e+02
8.004340794932160179e+02
7.958989657854529014e+02
7.927550692239298087e+02
7.916475223542033746e+02
8.048806770379858335e+02
8.016442280314111031e+02
7.988841500946621181e+02
8.089360858772724896e+02
7.814477469123753508e+02
7.877909560518017997e+02
8.046557385723114066e+02
7.964279329324834862e+02
8.100226568891445140e+02
8.112505101859171646e+02
8.037646971349574869e+02
8.126512145068882091e+02
7.972070602532045314e+02
8.035722671577424308e+02
8.163859205659090321e+02
8.046743717592021312e+02
8.079877353905308155e+02
8.154692019883599414e+02
8.042293184231971281e+02
8.099551863401117089e+02
8.133627973418638248e+02
7.994943162942623758e+02
8.125839030256948945e+02
8.088796579292893512e+02
8.090986324678862047e+02
8.065513536164557991e+02
8.140616744115354777e+02
8.022274614023439199e+02
7.964311911742644270e+02
8.022124077169321481e+02
8.019235095234173514e+02
8.096156226739939257e+02
8.188325336844192179e+02
7.989539215471438638e+02
8.156293834221403358e+02
8.021495208592880317e+02
8.024098169334317845e+02
8.066325214441927756e+02
8.134121234905959454e+02
8.097769205959361898e+02
8.015494159039283204e+02
7.986280027005301463e+02
8.006276357387122289e+02
8.081860764395692058e+02
7.974553472059268415e+02
8.015917852061625126e+02
7.991412063931034027e+02
8.013292350154608812e+02
8.153562351248065170e+02
8.077278173944607715e+02
8.080830543448724939e+02
8.168025690083939025e+02
8.028990602634950164e+02
8.134574628430682424e+02
8.058939285932767689e+02
8.215631040827739753e+02
8.058645455916878291e+02
8.032633984815480517e+02
8.076350195469652817e+02
8.153133525205986416e+02
8.056354593505003550e+02
8.077106431022418747e+02
8.038755166036396531e+02
8.123077300751466510e+02
8.177814489439749650e+02
8.217922664089280715e+02
8.146351467287535115e+02
8.075247892244601644e+02
8.329121809976386430e+02
8.152729565874832360e+02
8.154396743355590615e+02
8.200224186804308601e+02
8.154693770670924096e+02
8.069484739929514490e+02
8.057533846710915668e+02
8.174540865335184208e+02
8.209395776312903763e+02
7.994510002465052594e+02
8.229727793876751321e+02
8.022677665374470735e+02
8.238083437383539831e+02
8.160611884879637046e+02
8.309013161087813160e+02
8.237659689021276108e+02
8.067098265235438248e+02
8.041384667702702700e+02
8.145405684542380413e+02
8.178229150086160644e+02
8.080601519920453484e+02
8.295602483899496065e+02
8.138446880005255935e+02
8.247423159638892685e+02
8.261755901404732185e+02
8.129362332694705628e+02
8.215862561366719774e+02
8.077637594059249295e+02
8.182333861305365872e+02
8.186500890486814797e+02
8.133532210069113262e+02
8.173647024795120615e+02
8.108294481902271400e+02
8.199986521606937231e+02
8.169674371129955261e+02
8.231065096994984742e+02
8.096101464728790233e+02
8.137181464101637403e+02
8.168155194056970458e+02
8.249057685359605330e+02
8.256857104125577962e+02
8.331174064365526419e+02
8.158315157252872041e+02
8.198511928302575598e+02
8.310699339003245996e+02
8.245524620832248957e+02
8.323734257919786614e+02
8.086624172137519508e+02
8.213618995279820183e+02
8.342732970558271290e+02
8.097861535980134704e+02
8.282777143861212608e+02
8.289774553403004802e+02
8.385097753158906926e+02
8.251277284416435123e+02
8.394586473946408205e+02
8.159176127683632558e+02
8.214328969990640417e+02
8.121728634543352427e+02
8.043253567611446897e+02
8.157736331680980584e+02
8.180916633324703753e+02
8.101289216494861876e+02
8.297981843523775751e+02
8.300787614972417714e+02
8.232085682008984122e+02
8.323626632181022842e+02
8.252522690945311297e+02
8.251247178116198029e+02
8.394684087140890369e+02
8.236602890498242004e+02
8.290350098197067155e+02
8.316613936092651329e+02
8.206717794765332883e+02
8.146949906774601686e+02
8.332885758541814312e+02
8.307350444895912460e+02
8.391548905187410128e+02
8.308099747413069736e+02
8.037598946178904953e+02
8.288318614815165120e+02
8.277475481736313441e+02
8.237630448876222999e+02
8.288373773312648609e+02
8.493391798018776626e+02
8.258608263399805764e+02
8.350794296969256720e+02
8.230893419639030526e+02
8.181177401034327659e+02
8.209622531277968847e+02
8.315388004949703600e+02
8.367523840322438673e+02
8.274125604147012609e+02
8.283881581327007098e+02
8.094459030403249926e+02
8.445831031503741997e+02
8.145957559972529225e+02
8.356834159990233957e+02
8.372738151869089052e+02
8.182557856024141074e+02
8.260111583847806287e+02
8.298978995357712165e+02
8.283798201819674887e+02
8.373451271786544794e+02
8.258652468017202182e+02
8.219850679059570666e+02
8.294970701856320829e+02
8.298940504776442140e+02
8.291077992463052624e+02
8.333455531750433920e+02
8.298430140048474186e+02
8.379100974171594771e+02
8.246195913236913384e+02
8.374913327654594468e+02
8.436438476601264256e+02
8.370671200172715771e+02
8.244494796938120089e+02
8.352014802482387950e+02
8.337926121532103707e+02
8.418206383117242240e+02
8.294083650504727530e+02
8.297891409017250908e+02
8.276262889259975282e+02
8.372418246805192439e+02
8.264011863526329762e+02
8.424232403118527372e+02
8.369150967888743935e+02
8.346735418306653855e+02
8.253640050247632871e+02
8.427088286840379396e+02
8.360086012832982760e+02
8.436758620250997183e+02
8.312379208063850911e+02
8.318632588274589352e+02
8.345723647953815316e+02
8.351700715140729017e+02
8.341609123378555068e+02
8.455630752778465649e+02
8.550748462986450704e+02
8.276707646832117007e+02
8.382603764685690066e+02
8.410195825469919555e+02
8.387827212339469725e+02
8.446836287197213551e+02
8.454089654601332313e+02
8.333266141871317814e+02
8.254992687415739283e+02
8.451283885162109755e+02
8.358306389238910015e+02
8.405999151586602238e+02
8.427379281582203703e+02
8.375254638248696892e+02
8.408820719835468935e+02
8.587750914528178328e+02
8.306765551246440964e+02
8.442820596983440282e+02
8.392297789237973120e+02
8.395142163735525855e+02
8.397560363120285274e+02
8.457063332928477166e+02
8.354648438831882231e+02
8.273602094222706000e+02
8.514556121063527598e+02
8.467211837933273273e+02
8.527105561355833743e+02
8.233057475643878433e+02
8.421179499975580711e+02
8.429429112518392913e+02
8.529315144251012271e+02
8.458112373931369348e+02
8.272244850293560603e+02
8.420461862106106992e+02
8.476096283373890401e+02
8.372083909842813227e+02
8.422827760848101661e+02
8.469958296659348207e+02
8.454695627883056659e+02
8.388252224029017725e+02
8.403123856386391708e+02
8.511388073953999083e+02
8.372009356288255049e+02
8.463942571092155731e+02
8.419003212511946685e+02
8.393034342911013255e+02
8.491144866549731205e+02
8.634365857842093419e+02
8.441685235168303052e+02
8.464778307597249523e+02
8.415886726616864735e+02
8.503829432353832090e+02
8.553497676933915272e+02
8.354181427844666814e+02
8.645366010026518779e+02
8.487067314783802203e+02
8.403935197923609621e+02
8.473709796619948520e+02
8.571549852200608939e+02
8.558665083047020516e+02
8.371474037716465091e+02
8.596808801378834914e+02
8.534351863527747355e+02
8.580113627149199829e+02
8.479903563601081942e+02
8.467207860340031402e+02
8.577494097518546141e+02
8.510205310024240362e+02
8.469975472956567728e+02
8.516294032245704102e+02
8.546566957073530375e+02
8.384689169477243240e+02
8.551729430031812171e+02
8.405389139825078928e+02
8.644063905086827617e+02
8.519979889522455778e+02
8.453259020165211268e+02
8.557198184486081800e+02
8.473159933691441665e+02
8.432468443401137392e+02
8.398101635424820870e+02
8.382581036109590968e+02
8.720471603037682371e+02
8.625811510743005783e+02
8.397758548601137818e+02
8.588822047000536486e+02
8.461158241659773012e+02
8.686148788923552502e+02
8.533203048366838175e+02
8.462694621764047724e+02
8.453852363106034318e+02
8.579073373554876980e+02
8.729034990438893828e+02
8.641185499344894652e+02
8.546147665860441975e+02
8.688121579522465936e+02
8.570646847850364338e+02
8.494967640253789796e+02
8.502801670349928145e+02
8.528338387764014215e+02
8.601541200782526175e+02
8.560430788215645634e+02
8.511323546502658246e+02
8.800404835510871635e+02
8.484908494882535024e+02
8.523850180850253082e+02
8.430524164763522776e+02
8.481097721997595045e+02
8.604726321686046049e+02
8.687689641986358993e+02
8.524882598338746220e+02
8.508743049712522861e+02
8.570988223119305758e+02
8.671947269745907079e+02
8.788852152027985767e+02
8.782628337399056591e+02
8.654598418087888376e+02
8.605514408289452604e+02
8.683677358770898991e+02
8.669308858706361889e+02
8.522802438013608253e+02
8.594414355254971269e+02
8.607051542816305982e+02
8.573763903763046983e+02
8.578767462765765686e+02
8.548770226774967114e+02
8.729849771862844818e+02
8.710721190900879947e+02
8.627333436161172813e+02
8.633290171261376145e+02
8.510138095754376764e+02
8.671889227874306698e+02
8.612077051500266407e+02
8.419401796284078046e+02
8.649628668760343544e+02
8.577639021709234157e+02
8.771457312632552430e+02
8.631172474553104621e+02
8.671395990464350234e+02
8.815259059947719606e+02
8.798476246791394715e+02
8.521297214703491818e+02
8.810143758530246032e+02
8.561167439243417903e+02
8.646061520174982888e+02
8.598400583440937908e+02
8.754754229490911257e+02
8.630881505203941515e+02
8.712273094097905641e+02
8.747641307885189690e+02
8.562524610199291146e+02
8.634354220561586999e+02
8.562149538317129327e+02
8.688554674808643767e+02
8.611288378456757755e+02
8.744672164619757950e+02
8.663000476264430745e+02
8.645748130012990487e+02
8.668051697379323741e+02
8.974690944773666388e+02
8.680211827955163244e+02
8.634607863224759967e+02
8.743738911774573808e+02
8.851976464455761970e+02
8.689986404637930946e+02
8.753239527720700153e+02
8.851055946223829096e+02
8.760291393770276045e+02
8.761426699382054721e+02
8.815522105370582722e+02
8.827785684673838205e+02
8.850564062843473039e+02
8.783769385425508744e+02
8.856636724409751196e+02
8.561203543915510181e+02
8.788276489134002532e+02
8.766708403785984274e+02
8.649448968384285763e+02
8.622578445794795243e+02
8.678847286219320267e+02
8.944120066692132696e+02
8.732587917213850233e+02
8.661733726913844293e+02
8.730810908768722811e+02
8.624509294266001689e+02
8.571006542881258383e+02
8.744752705311494765e+02
8.749917894905720459e+02
8.717968763606897937e+02
8.745872512924948978e+02
8.927373095073646709e+02
8.726918219975040074e+02
8.892915359947832030e+02
8.564963085301960746e+02
8.749738506018037469e+02
8.799065371393988926e+02
8.740913180764002846e+02
8.876291725009928086e+02
8.693594412958379962e+02
8.877797700790730460e+02
8.774087212458478007e+02
8.694937581228371073e+02
8.729443915597702244e+02
8.911722567775238986e+02
8.870780208349906388e+02
8.764669968548304269e+02
8.764190892805534077e+02
8.722555489970141025e+02
8.864498979044919906e+02
8.794879026672904274e+02
8.994541366087401002e+02
8.969086005279536948e+02
8.919013839895968658e+02
8.803511208755752477e+02
8.935645887512262107e+02
8.727870294366501867e+02
8.801687522264678591e+02
8.841075489687292475e+02
8.920044391190917850e+02
8.711671347911996008e+02
8.658861001137258881e+02
8.875296769496231946e+02
8.726258036196852572e+02
8.889729017654310610e+02
8.948310439821954105e+02
8.774234306884150101e+02
8.706654108019569094e+02
8.811290904989288038e+02
8.777788944127418063e+02
8.743981315814354502e+02
8.854528680567877927e+02
8.834834058256052458e+02
8.819370264675148974e+02
8.874896889096232826e+02
8.756288854168166154e+02
8.945205845030681076e+02
8.817029670545779254e+02
8.762805317798073474e+02
8.913238799247692441e+02
8.914494962730595944e+02
8.936169090821558711e+02
8.772789168476267605e+02
8.823461999120830797e+02
9.006620080803963901e+02
8.796094679368999323e+02
8.928723056500916755e+02
8.818581072764410465e+02
9.021974799967196077e+02
8.805302664634712073e+02
8.835547189121610927e+02
8.860046989699011419e+02
8.829410305947951656e+02
8.941848631053694589e+02
8.982645528232558263e+02
8.858080954787791370e+02
9.020198361863849641e+02
8.911716510566720899e+02
8.950302214489661310e+02
8.933106960217671713e+02
8.908923649403548097e+02
9.019772292194359125e+02
8.857761363313428546e+02
8.928068330831550838e+02
9.118491793457536687e+02
9.008818527607941178e+02
9.010219608429960090e+02
9.084345622836442544e+02
8.972821791846894257e+02
8.946629340885316424e+02
8.932429391497286133e+02
8.875804881650782363e+02
8.965261712032724972e+02
8.790419571538136552e+02
8.904518751804207568e+02
8.946147476602433244e+02
8.965935134705993050e+02
9.044423163667693188e+02
8.879565680713126312e+02
9.034481853895284758e+02
9.058003998951229505e+02
8.998999624833159032e+02
8.818411559966219784e+02
9.000432309693446769e+02
9.055481067269297455e+02
9.001067904220709579e+02
9.025842045381958769e+02
9.026680405128729490e+02
8.842469982796590102e+02
8.976136483703725162e+02
9.052812792546391165e+02
8.956672373059549273e+02
9.058910551673268401e+02
8.787333418711805280e+02
9.053478638364213111e+02
8.942017804956126383e+02
8.796007219034667060e+02
9.071293729592842965e+02
9.021470133825137054e+02
9.206029180352267076e+02
8.891381727395599910e+02
9.036067656067782536e+02
8.781445468801573497e+02
8.975527717319793055e+02
8.965207165073935585e+02
8.997457696592128968e+02
9.049651113785340613e+02
9.184618551191437064e+02
9.082773217754229336e+02
8.982497727779978050e+02
9.069709517162228849e+02
9.034436888841177051e+02
8.964881016462252319e+02
8.963839420041792891e+02
8.891012303498806659e+02
8.998948938176296224e+02
9.032143671255442996e+02
8.952425516582248974e+02
8.960625853402965504e+02
9.021403890774550973e+02
9.274977124364027077e+02
9.054876296547710126e+02
9.015064884499081472e+02
9.075386960754849497e+02
9.119768209155611203e+02
9.170043552680226639e+02
8.996163284126907911e+02
8.982507510067708836e+02
9.151440219056445358e+02
9.003651770264555125e+02
8.977788110719100132e+02
8.952773010085878695e+02
9.102419606384293047e+02
9.156667788324951971e+02
9.109965577319592285e+02
9.023029419998342746e+02
9.020093713807544873e+02
9.182679112857996415e+02
9.065173008574512323e+02
9.015164961715565823e+02
9.059995211850285841e+02
9.154662515798663662e+02
9.055261213219803267e+02
8.960295800066372749e+02
9.133351269904460423e+02
8.997105861783695673e+02
9.060000159349247042e+02
9.163947783926034845e+02
9.094619726300250022e+02
9.055164919538225377e+02
9.060536204177938089e+02
9.200515739940897220e+02
9.231051591586559653e+02
9.131483331646500119e+02
9.174853975028709101e+02
9.085708185957557816e+02
9.011466614318430857e+02
9.219192761919071017e+02
9.184832884580500831e+02
8.955964694814441600e+02
9.068576653344107399e+02
9.263348993550434898e+02
9.074522881422515184e+02
9.076408177316138790e+02
9.100068482441877222e+02
9.131240620150763334e+02
9.154315422879094513e+02
9.213884541996807229e+02
9.137823948831631924e+02
9.139603754626261889e+02
9.185781399158665863e+02
9.080452613753266178e+02
8.959473599650599454e+02
9.157580246059183082e+02
9.079903239874753353e+02
9.071030853218389893e+02
9.175636120979834232e+02
9.248374557964521046e+02
9.030141583614794172e+02
9.247193913692823344e+02
9.254792961817673813e+02
9.186603219166370309e+02
9.164205964276303575e+02
9.126654802133838302e+02
9.356418363168696715e+02
9.194851283531074841e+02
9.042231476424669836e+02
9.150078524316994617e+02
9.086948940748495716e+02
9.118005502629475814e+02
9.120414980422091276e+02
9.285836203379158178e+02
9.323270026213998563e+02
9.175689571394444783e+02
9.297063708621150226e+02
9.169699626610548648e+02
9.234870553028214317e+02
9.150381594627789354e+02
9.226688349076473514e+02
9.153659261140135186e+02
9.372436172460276111e+02
9.255251608361024864e+02
9.253045603842410856e+02
9.291969494536160710e+02
9.388888988823457566e+02
9.247500855597506870e+02
9.255494510423479824e+02
9.149001520040917512e+02
9.387127357439242132e+02
9.372791206750988522e+02
9.235903568298889468e+02
9.307374142851784882e+02
9.121618435585561429e+02
9.281882245338595112e+02
9.303883506274792126e+02
9.306424401036291556e+02
9.217949748353673840e+02
9.281218468557926826e+02
9.446597065830059137e+02
9.170075165345151618e+02
9.419276959222371488e+02
9.371497298034490768e+02
9.354781724582077231e+02
9.468357114055668262e+02
9.241861523349404024e+02
9.348439114365324940e+02
9.433611186862980276e+02
9.374056269559104067e+02
9.253604160351510473e+02
9.185994958526807750e+02
9.297040286964939924e+02
9.369161814525110685e+02
9.308544217283629223e+02
9.356564617533804267e+02
9.237587796807225686e+02
9.377731387267995160e+02
9.189261390797199738e+02
9.297518930626957854e+02
9.265869214841485473e+02
9.478604374785049913e+02
9.208348172682614177e+02
9.398900922478280791e+02
9.326680855023103049e+02
9.261285751480263571e+02
9.368632406166021838e+02
9.298130211261818658e+02
9.389941944676050980e+02
9.339936339062384150e+02
9.385012378963726860e+02
9.379539825020441413e+02
9.228254406502602478e+02
9.331202813125713647e+02
9.311741183402511979e+02
9.330871645663689833e+02
9.235285363352840022e+02
9.280718365307482145e+02
9.509726988471492177e+02
9.395274980388646782e+02
9.464008629680125750e+02
9.252463817385515767e+02
9.224368647903750116e+02
9.477939483938839658e+02
9.323850115750534542e+02
9.385444419931457105e+02
9.367890242077270386e+02
9.355482866157145736e+02
9.579579527584767220e+02
9.349709676219054018e+02
9.288445765380947705e+02
9.491765924759172322e+02
9.425401896530546537e+02
9.447640744601293363e+02
9.568701690798056916e+02
9.331420499119398073e+02
9.248321343718471326e+02
9.312742352887430570e+02
9.533920900388214932e+02
9.483760531667011264e+02
9.375031549594966691e+02
9.450749811753416907e+02
9.505020658841594923e+02
9.398937770083554142e+02
9.465750012990464484e+02
9.415673956397681650e+02
9.424927538365293458e+02
9.379394543032924503e+02
9.497073423306896984e+02
9.503968975495959057e+02
9.402249661158049321e+02
9.637789883579465595e+02
9.399822863137876539e+02
9.420629626166748949e+02
9.466172823905834548e+02
9.520535381829133712e+02
9.468736823573027550e+02
9.443698147273468066e+02
9.376174673422752903e+02
9.682227003416599018e+02
9.501827974160728445e+02
9.406665074680213365e+02
9.434286612191633594e+02
9.540433273378935155e+02
9.561545735694871837e+02
9.575401319831458977e+02
9.508848105681141760e+02
9.519307577789381867e+02
9.602879792445854719e+02
9.484931260628060272e+02
9.532874805292050269e+02
9.630557887425172794e+02
9.535612775619221111e+02
9.450732782991118484e+02
9.513970344456116663e+02
9.429418963625795413e+02
9.612095883854723297e+02
9.505520292611670357e+02
9.642513651660053711e+02
9.740011562986455829e+02
9.434356847727190143e+02
9.571315241216755112e+02
9.487924013224549071e+02
9.564681288063733291e+02
9.396960931571569517e+02
9.437130762779353290e+02
9.538587176830169483e+02
9.699849534918946574e+02
9.468261343388626301e+02
9.572686672926859046e+02
9.403905810026919880e+02
9.655126093963605172e+02
9.379592574994369443e+02
9.624546520382378958e+02
9.463601660196702596e+02
9.648722267687030580e+02
9.451976600876527073e+02
9.504480620291847117e+02
9.546902113483509993e+02
9.529931437567888679e+02
9.654934613593019321e+02
9.677852799093905105e+02
9.428757082808372161e+02
9.665878954363431603e+02
9.608849625523387203e+02
9.771527073616369989e+02
9.513604610547058655e+02
9.608253907674305765e+02
9.414408060806305230e+02
9.671776972168522661e+02
9.603170613955484214e+02
9.666797031943358434e+02
9.614361507061950078e+02
9.650549714691892405e+02
9.576600770152372206e+02
9.738457164793911716e+02
9.719770949484823177e+02
9.666349987429363182e+02
9.601017263599889020e+02
9.503523618975106046e+02
9.689674384058564556e+02
9.643892246268731014e+02
9.490042391801056283e+02
9.454907589261555358e+02
9.645971429223556015e+02
9.682715551022592990e+02
9.638262670303896584e+02
9.540592448503425658e+02
9.764267878245860857e+02
9.652815003593715346e+02
9.934480979284726345e+02
9.832576945524049279e+02
9.638654063829678762e+02
9.687060993183281425e+02
9.805703839759270295e+02
9.684787521733512676e+02
9.716278105852998124e+02
9.646396460430055413e+02
9.615169804350058484e+02
9.612916361584989318e+02
9.790078390191151811e+02
9.806059962160630903e+02
9.578560890067849414e+02
9.759220396147084102e+02
9.731647848529958083e+02
9.702743689488324890e+02
9.638878297303465388e+02
9.644639389840870081e+02
9.784824570670066350e+02
9.741322028313138617e+02
9.679791110061744348e+02
9.807946948692093656e+02
9.743646487114413048e+02
9.843624104515545241e+02
9.750200349865710905e+02
9.773611224785440754e+02
9.639108346636406850e+02
9.761482402593890129e+02
9.740730373133613966e+02
9.688726471284597892e+02
9.619282626252856971e+02
9.616979933739546595e+02
9.728507169662015031e+02
9.795550899781741236e+02
9.747548774553470139e+02
9.671600790475782787e+02
9.632793302598897753e+02
9.741031511395381131e+02
9.787281398718820355e+02
9.879311893849120452e+02
9.584287461276053364e+02
9.689640624462134610e+02
9.675801337004637617e+02
9.789735298976963804e+02
9.667067779464404111e+02
9.845228818348751929e+02
9.888959133246806914e+02
9.779563925212328286e+02
9.762383403345091892e+02
9.706353279432300951e+02
9.640273881762652763e+02
9.790253063683051096e+02
9.878369015059380445e+02
9.817826315623866549e+02
9.825370800057091856e+02
9.736211736736383955e+02
9.918415416196894512e+02
9.766682481943430503e+02
9.704963442815073904e+02
9.857928380965768156e+02
9.803461660515379208e+02
9.999752022541862289e+02
9.965719843611910846e+02
9.803871617422094005e+02
9.928334144786012985e+02
9.751043068718445284e+02
9.821906291509089897e+02
9.846543041342196148e+02
9.730495838166738167e+02
9.603312497136355432e+02
9.904948626371555065e+02
9.886528581808258878e+02
9.914295277208285597e+02
9.858695540284801382e+02
9.893285747576044287e+02
9.798201554818631394e+02
9.843449632747244777e+02
9.901363043806915130e+02
9.944763214509038107e+02
9.739096585194838553e+02
9.945020589208197634e+02
9.776755382587678014e+02
9.900324474424047594e+02
9.958101518125970415e+02
9.893832618471247997e+02
9.801164326657769834e+02
9.959718375220828648e+02
9.902567294768726924e+02
1.000354285568019122e+03
9.917980415094747286e+02
9.821097572572102763e+02
9.959829188886988049e+02
9.811926648751498306e+02
9.977067964934217343e+02
9.787599728414736546e+02
9.904423399843902871e+02
9.994782297313171284e+02
9.938200963307207303e+02
1.000515329252075276e+03
9.895950818747086259e+02
9.848478055543569099e+02
9.933833766376426411e+02
9.991757012814332484e+02
1.008083560625739551e+03
9.923228407867929945e+02
9.869760709057358099e+02
1.008751280283501956e+03
1.002112701944051992e+03
1.015301582722560056e+03
1.005202742832867898e+03
1.007700566407559336e+03
1.011412788606720937e+03
9.965022559056909586e+02
9.772913436216679202e+02
9.995141148482263134e+02
9.979171709061581623e+02
9.958374906590951241e+02
1.011346122328533284e+03
9.918930578981987765e+02
9.876067452120884127e+02
1.003399277070085304e+03
9.930444149762460029e+02
9.875304309849416313e+02
9.889355201859865474e+02
1.010451413191378492e+03
1.011051726189057717e+03
1.008227857841317586e+03
9.983721179287369978e+02
9.937811746231890311e+02
1.000450498802978359e+03
1.002630914731550888e+03
1.013434776383523399e+03
1.004683082356897216e+03
1.022921604510157749e+03
9.957778286412166153e+02
9.987018808612054954e+02
1.028219855024400658e+03
1.006303699417927874e+03
1.008897439251198534e+03
9.973778496679512955e+02
1.012101683655431657e+03
9.981494438958501405e+02
1.004238108805449883e+03
1.008366676072193513e+03
1.025812060467831998e+03
1.016020142591423337e+03
1.016012417969913940e+03
9.996176765669590623e+02
1.019494706634710155e+03
1.026259555626037127e+03
1.010843831051012216e+03
1.011119719859383736e+03
1.012824837535277766e+03
1.031400145469701556e+03
1.017266529722301811e+03
1.021812617568386713e+03
1.014758730500178899e+03
1.018720381728170310e+03
1.019618772374387845e+03
1.003858454784911373e+03
1.017962333352905375e+03
1.021008301239133402e+03
1.005830109983696161e+03
1.019536020956560378e+03
1.009629776726503792e+03
1.009063786140558136e+03
1.010451414547258310e+03
1.005105763130888818e+03
1.006438227808483930e+03
1.009446715737022600e+03
1.011628539136866721e+03
1.022187519261730586e+03
1.023302419388563862e+03
1.014464653665012634e+03
1.016244670200943574e+03
1.018907642687597559e+03
1.019653619321194014e+03
1.025400206278881569e+03
1.003579614825713293e+03
1.033364765964685148e+03
1.020677625928553311e+03
1.019989173354189461e+03
1.017968495330415749e+03
1.016809310178959890e+03
1.022094787439698962e+03
1.008124182626756578e+03
1.028417623518683513e+03
1.027663174294274995e+03
1.003379885163424433e+03
1.013325053959158481e+03
1.005414455668782466e+03
1.022154750492865674e+03
1.032470157194489502e+03
1.019392903134349808e+03
1.021286244512718667e+03
1.033747437509178326e+03
1.011288649232402463e+03
1.023977264410032262e+03
1.024125193479425434e+03
1.037825214482554884e+03
1.029174213817730788e+03
1.014378431873766885e+03
1.010407315298232675e+03
1.019874730573177544e+03
1.018142065211499471e+03
1.020176347426931670e+03
1.019019479815130921e+03
1.029626546522780927e+03
1.029037634458543380e+03
1.042516446519401597e+03
1.020397485191195983e+03
1.031549924846670365e+03
1.024388277733379027e+03
1.017736420063563060e+03
1.038737276658874634e+03
1.022511909364361827e+03
1.027653431292933874e+03
1.028804375316082997e+03
1.042024865617995601e+03
1.028979594495803667e+03
1.022923545112501415e+03
1.025975010060529257e+03
1.016605427831908514e+03
1.034630885741751626e+03
1.034297905878902611e+03
1.038881478852373903e+03
1.027361072388709317e+03
1.033731599123726483e+03
1.039745136315364562e+03
1.027716895192529591e+03
1.047523670517429991e+03
1.027434452250224467e+03
1.028469627434498761e+03
1.028366436014502369e+03
1.031689435203270932e+03
1.048418411013412879e+03
1.034855370869094713e+03
1.044750932451477183e+03
1.039748090240274905e+03
1.037777267470542938e+03
1.032328038065587407e+03
1.045738631367834614e+03
1.025057302835792370e+03
1.044264216799488167e+03
1.021510992740812071e+03
1.029381061854164727e+03
1.039047251905566327e+03
1.044502564824268802e+03
1.041045287075759234e+03
1.042960209156303108e+03
1.051962949803320498e+03
1.043583135010155729e+03
1.037395037466977101e+03
1.043338852229849863e+03
1.038963523462541161e+03
1.071114627492134559e+03
1.047867420752554835e+03
1.037571092381839435e+03
1.038158898535958542e+03
1.065235755787703056e+03
1.063055045535042609e+03
1.040925092257146162e+03
1.058927157021167204e+03
1.048886855459058779e+03
1.025640804267019803e+03
1.064254620520837307e+03
1.060370261496472949e+03
1.056638044094414226e+03
1.043191848377955012e+03
1.041590449768766348e+03
1.046351855794778885e+03
1.044006721016592564e+03
1.062197881292150669e+03
1.040059271405714298e+03
1.049173229082963644e+03
1.043131620364798664e+03
1.037653003343431919e+03
1.047414908807964821e+03
1.054695100312199656e+03
1.058231802986876801e+03
1.052842655112972352e+03
1.049485696151590219e+03
1.059846425506022570e+03
1.055630455941571654e+03
1.048273356424261920e+03
1.061970072517549852e+03
1.044100038609631156e+03
1.046777753840604646e+03
1.046360848288277339e+03
1.049779193686765666e+03
1.050226342235482207e+03
1.061201240112750838e+03
1.045191940238130201e+03
1.062378534424885629e+03
1.078164314509048836e+03
1.067411632384293625e+03
1.055657733092227090e+03
1.051893134632034162e+03
1.039313647341507021e+03
1.047439502516017228e+03
1.064301715246883077e+03
1.067679929518558311e+03
1.061908654570673889e+03
1.059809455970562567e+03
1.072699009586401871e+03
1.048225716793199581e+03
1.059201906724587843e+03
1.063764201451124336e+03
1.074613430819888208e+03
1.072566211152828828e+03
1.058072401232669336e+03
1.082649394999275273e+03
1.073669861527611602e+03
1.053789276899339029e+03
1.080082638522737398e+03
1.061225017981998235e+03
1.073651909033341553e+03
1.059882429969881741e+03
1.058329970256597335e+03
1.053909839116904095e+03
1.070720079057022531e+03
1.083343060070625143e+03
1.077190765476795832e+03
1.088682091756428690e+03
1.072578425642642287e+03
1.063000370228364091e+03
1.069217303573947220e+03
1.078237012180602733e+03
1.055170100059182005e+03
1.094424398795812976e+03
1.084183203217845630e+03
1.059012592884538435e+03
1.060208989869852303e+03
1.071143812684812474e+03
1.079518387845311963e+03
1.082847529737695140e+03
1.080135401582159602e+03
1.061532418364196019e+03
1.069959870523985273e+03
1.069642742583776680e+03
1.060003225949464877e+03
1.058006758705709217e+03
1.091568630276428166e+03
1.071080861905251822e+03
1.078626260307604298e+03
1.076548489081464595e+03
1.091158021874345877e+03
1.082752874333908949e+03
1.053188815517431976e+03
1.082943575560353793e+03
1.067796105814539942e+03
1.087427922305389757e+03
1.081686325366259780e+03
1.063683549304736516e+03
1.070950879502656107e+03
1.087121322453932635e+03
1.082636073303922331e+03
1.068548731201809687e+03
1.072495442655433635e+03
1.067162995457229272e+03
1.073794669256963743e+03
1.091035584821432849e+03
1.098925460696161281e+03
1.070776738619015305e+03
1.085663520337565842e+03
1.096389701484331681e+03
1.094137683756216347e+03
1.085793465246070127e+03
1.086645955970850537e+03
1.082201040484124860e+03
1.089893640363568693e+03
1.082129088532402648e+03
1.111797996409747839e+03
1.097970604374549566e+03
1.100006918493248122e+03
1.090626813713796764e+03
1.086516746771287217e+03
1.087855828170458381e+03
1.086266143034368952e+03
1.077997809556910624e+03
1.087331049203150542e+03
1.095347730820977176e+03
1.092133934966373772e+03
1.103145234600215645e+03
1.098970912672547229e+03
1.091581754453173517e+03
1.083500797276905587e+03
1.091227318134101552e+03
1.096175680442576549e+03
1.099998593576722442e+03
1.089650283520308903e+03
1.092393957961179240e+03
1.094514486343266299e+03
1.075925103416359434e+03
1.105241098009418465e+03
1.102704685694079217e+03
1.095575623722666478e+03
1.115824292626112538e+03
1.083186417210524041e+03
1.103317532582500462e+03
1.093501483292443709e+03
1.104253092792342613e+03
1.093551709453665808e+03
1.109148956353713174e+03
1.098416463683924349e+03
1.086389399960537276e+03
1.110076356165668585e+03
1.101587818097107629e+03
1.098370279861595691e+03
1.094701766426364429e+03
1.091162548136973555e+03
1.105978158908191290e+03
1.091982288396760623e+03
1.102005768771498197e+03
1.086034049780478881e+03
1.094606824311215860e+03
1.090026764997714508e+03
1.098335418049179452e+03
1.086264023745769464e+03
1.096353377500040551e+03
1.102943047323456767e+03
1.104381050020404473e+03
1.086043702958124413e+03
1.099714996912566221e+03
1.098564575570647321e+03
1.084536635321835092e+03
1.092880101580174369e+03
1.105074817288869099e+03
1.105890416391805957e+03
1.117274842942136729e+03
1.114329647918504406e+03
1.102628100939728483e+03
1.111764761400589350e+03
1.110676865778749743e+03
1.107092972010043923e+03
1.116134108296854492e+03
1.103874907745739392e+03
1.110104398653891849e+03
1.121625648762914352e+03
1.104114650851102397e+03
1.092563121389615617e+03
1.099757816958049489e+03
1.104385474801663804e+03
1.108085342778342010e+03
1.089712657958032196e+03
1.117342117761671716e+03
1.110369288164092495e+03
1.110148684390135941e+03
1.123683525806520720e+03
1.107079541168077412e+03
1.112646976505736347e+03
1.105092640561676035e+03
1.111475280112830205e+03
1.107280915883345870e+03
1.117044218432244179e+03
1.107023858206720888e+03
1.116041732809324458e+03
1.120309962435452917e+03
1.108638186303895736e+03
1.107064785751812678e+03
1.121004296784894677e+03
1.123912769312499677e+03
1.108477415583712627e+03
1.111453751954685458e+03
1.129120089435667751e+03
1.108343092700458556e+03
1.114994892724954752e+03
1.127251419585243184e+03
1.111037948761768121e+03
1.114838949024519479e+03
1.127461838669735243e+03
1.115233602927042966e+03
1.115779301923849516e+03
1.129906782159464228e+03
1.117720922148405862e+03
1.134442221555220840e+03
1.123321704342645489e+03
1.128691422861589444e+03
1.123931813085955582e+03
1.126451862793438522e+03
1.147087501061842431e+03
1.138455772875070579e+03
1.142029988264636131e+03
1.119824424004122648e+03
1.113950856058623913e+03
1.131192349500374803e+03
1.118696185212398177e+03
1.117653825222570958e+03
1.134784610056401334e+03
1.124519612696682088e+03
1.117929436261621049e+03
1.125867885062065398e+03
1.152679949497051666e+03
1.128310997672580015e+03
1.140004585705810541e+03
1.147902319773171939e+03
1.128769884374451749e+03
1.133307230103543134e+03
1.132610536359252364e+03
1.131954617159985673e+03
1.128173727966596516e+03
1.144464817238804471e+03
1.135431727062661139e+03
1.130644831359759564e+03
1.131099062186272249e+03
1.127799904740178135e+03
1.132590383238846016e+03
1.129595399842345387e+03
1.140663937913647487e+03
1.147187723418526730e+03
1.134207824458108917e+03
1.133777392349195452e+03
1.122764128472918401e+03
1.127919586636453005e+03
1.135564030925947691e+03
1.143653903427632486e+03
1.143441562695165430e+03
1.140981622672963113e+03
1.144457989774910857e+03
1.141773793724085181e+03
1.138514995229589886e+03
1.141156382180066885e+03
1.148892673883691941e+03
1.140097825290001310e+03
1.155571966364730997e+03
1.150745902106206358e+03
1.135529034305859113e+03
1.145444166713401501e+03
1.148955648560189957e+03
1.138465132239176910e+03
1.135509107787306675e+03
1.129598507995311138e+03
1.150685522979181769e+03
1.161996463436102431e+03
1.133470839795693109e+03
1.160587277759177823e+03
1.147904506391451605e+03
1.154365603016734894e+03
1.152334866062818492e+03
1.143005364671707639e+03
1.147898198950249480e+03
1.144857162359748145e+03
1.153856350496077312e+03
1.151065858072667879e+03
1.150045672652363010e+03
1.157795723929318001e+03
1.150877030387913237e+03
1.147321051169253224e+03
1.143614418376905405e+03
1.158079328321479807e+03
1.166313269569422573e+03
1.154136388996404548e+03
1.154271502811840719e+03
1.135913602095884926e+03
1.163335263187055943e+03
1.166788340595019690e+03
1.151871361690911044e+03
1.150120848929662770e+03
1.175914691692110864e+03
1.165474792801283456e+03
1.164385315007563804e+03
1.150384552562139106e+03
1.155346559796731526e+03
1.160902750679802466e+03
1.146059821219100513e+03
1.149456277678927563e+03
1.170075247351565622e+03
1.165297611838957664e+03
1.143551894857351044e+03
1.155077148810517656e+03
1.171057144538434386e+03
1.174056761397007222e+03
1.151989808744868924e+03
1.171217922000763792e+03
1.153172354053313484e+03
1.150696947599118403e+03
1.172523913094497630e+03
1.174749714984421416e+03
1.174861084797146532e+03
1.173718831277515847e+03
1.167928467843635190e+03
1.169196308401218857e+03
1.159300649530891178e+03
1.167550188559521530e+03
1.162779497146543918e+03
1.169309172831556225e+03
1.161327917344909338e+03
1.178193303604289440e+03
1.172100160951184080e+03
1.163086973234527250e+03
1.180044341794484353e+03
1.175870540889672611e+03
1.170958723044969474e+03
1.158686549499459488e+03
1.171297944628848199e+03
1.156013979193758814e+03
1.166544933285345451e+03
1.167186805170252455e+03
1.169313107687339652e+03
1.178160884312593453e+03
1.148005180472084021e+03
1.174303216341643974e+03
1.198357153783089188e+03
1.173141024737074986e+03
1.188489929438085483e+03
1.187505867305191032e+03
1.163777026736233438e+03
1.179755784706434724e+03
1.161021115662104421e+03
1.175577112663458138e+03
1.165806521930772988e+03
1.184742473092254841e+03
1.178878232437555653e+03
1.184598841551395253e+03
1.175555838993727093e+03
1.186470471078476066e+03
1.184335044901762785e+03
1.192426922622505572e+03
1.173733574752505547e+03
1.182802986067939855e+03
1.182213779245990736e+03
1.185830872735484945e+03
1.181051135795779601e+03
1.198607551044044158e+03
1.181664620371103410e+03
1.195748943356616564e+03
1.183709555901515387e+03
1.185610155889793759e+03
1.185382291986146356e+03
1.189088555856441417e+03
1.189845001942620456e+03
1.197663163328332757e+03
1.190855159500257741e+03
1.188704322934528136e+03
1.198662666507965014e+03
1.204457262973592151e+03
1.189478694830550012e+03
1.197807946727319859e+03
1.192243004462529598e+03
1.189659967978385339e+03
1.200403126564511467e+03
1.192648499696017780e+03
1.180487002543017297e+03
1.199679730870778940e+03
1.187757531393619729e+03
1.205065476264755489e+03
1.192336800787426910e+03
1.194835115690524162e+03
1.205140797948946556e+03
1.196635255638816261e+03
1.210312987924182607e+03
1.205164755805116329e+03
1.194060748778720153e+03
1.187891013585471683e+03
1.203480046075213522e+03
1.197671179476569250e+03
1.201210708237763811e+03
1.197508068931732396e+03
1.182854169733813933e+03
1.215226917395475539e+03
1.195132129978651847e+03
1.205183628621670550e+03
1.188405456791009101e+03
1.213586303385483234e+03
1.214396545983340957e+03
1.199165367989817696e+03
1.208056885363959964e+03
1.203284488374350758e+03
1.207841907290506697e+03
1.200415126036180936e+03
1.213697582822788036e+03
1.217435689105190932e+03
1.217703314637296671e+03
1.198322436475027416e+03
1.222586740915005521e+03
1.211987600263964623e+03
1.210432400574964277e+03
1.218265234397542145e+03
1.231935446593160350e+03
1.217411773872521053e+03
1.203477703522449701e+03
1.206799296646868470e+03
1.217161520806632780e+03
1.219778968316177043e+03
1.226094387551512455e+03
1.224651325739133654e+03
1.208547068703772084e+03
1.209039819583955932e+03
1.209414183101705476e+03
1.229093016561080731e+03
1.225320689676671009e+03
1.208161701669489730e+03
1.226984898723704418e+03
1.226294354959853536e+03
1.216308867642519317e+03
1.222042109742066259e+03
1.227365271578151578e+03
1.223517564711806472e+03
1.227203011123966689e+03
1.220088799960259394e+03
1.226938337617076286e+03
1.225231840071420265e+03
1.232836643912414957e+03
1.206277272973585696e+03
1.232333998729060113e+03
1.236456046484272292e+03
1.237489961275787437e+03
1.217858420221741426e+03
1.217575234672610122e+03
1.233207215243702649e+03
1.231453906753987212e+03
1.221245275903520451e+03
1.221029975381841268e+03
1.239749994486498053e+03
1.235313565858101356e+03
1.236424596621652427e+03
1.204012753186535974e+03
1.243047841605202620e+03
1.243175883212239569e+03
1.239922198587380080e+03
1.239734636015337628e+03
1.236112075004431972e+03
1.223672987633087132e+03
1.228273696672967844e+03
1.236946423260855681e+03
1.220415242159371701e+03
1.243371978004981202e+03
1.252145473144804782e+03
1.238470477773539187e+03
1.240400565790403107e+03
1.239456335549904679e+03
1.239141400299808538e+03
1.249613843680883292e+03
1.233443303585072726e+03
1.241366278365528615e+03
1.252307687849796366e+03
1.239953222375764653e+03
1.238814283994531934e+03
1.247675297633603577e+03
1.240817203593408067e+03
1.247503313177687460e+03
1.245706098572801466e+03
1.253191948361183677e+03
1.235560632468143694e+03
1.252205236221938549e+03
1.244338642202287019e+03
1.234913807604436897e+03
1.257965204111777894e+03
1.259810718959641235e+03
1.241401892933025010e+03
1.238630915016393146e+03
1.249711523888918464e+03
1.254218876503023466e+03
1.242101447317302473e+03
1.250293752094267575e+03
1.250211694745841896e+03
1.233816825487461074e+03
1.236009800828237758e+03
1.239556143544792349e+03
1.251817371717999777e+03
1.254533605997767609e+03
1.259234665589777933e+03
1.262101590641928169e+03
1.265439676354574658e+03
1.263316033731804964e+03
1.250312975504467659e+03
1.258595480525920038e+03
1.250449751713615342e+03
1.250744458188099770e+03
1.259941291544149180e+03
1.244778416888623951e+03
1.261678795662948005e+03
1.243175092379347689e+03
1.269138096753184527e+03
1.264787573097709355e+03
1.260807591388045694e+03
1.266896557124085120e+03
1.259189009679598030e+03
1.256754678050541997e+03
1.254292438438630825e+03
1.256496849435222202e+03
1.267277297697741233e+03
1.265463175777161496e+03
1.247588505018610931e+03
1.253955308104456890e+03
1.259678709528834361e+03
1.254462292747385845e+03
1.268711402187798740e+03
1.279097127659051239e+03
1.269706477153693868e+03
1.272631690971968737e+03
1.275055863380082201e+03
1.260764087044671669e+03
1.262980901841699506e+03
1.286391656107149856e+03
1.269836738281011776e+03
1.265063479228898814e+03
1.268537347734296873e+03
1.272303301262101513e+03
1.289401092059663142e+03
1.268725311086702050e+03
1.269199455482348185e+03
1.283461277334598890e+03
1.277785400203721565e+03
1.279777752154138625e+03
1.278235031644891023e+03
1.282033123594883591e+03
1.294918995797459729e+03
1.288883377505516137e+03
1.285591477108992876e+03
1.276707554994351085e+03
1.277339899451350675e+03
1.298815585386529847e+03
1.272069689587835910e+03
1.295463232424608805e+03
1.294208685388786762e+03
1.257955209060840161e+03
1.288330345946605121e+03
1.278640677881018746e+03
1.289127595992833903e+03
1.277750804377142003e+03
1.276718260712680149e+03
1.298551747911806160e+03
1.287389199948481291e+03
1.291387607716500497e+03
1.286711838004605397e+03
1.287640489132739049e+03
1.298074291438385899e+03
1.280417882557562280e+03
1.301588320665403444e+03
1.291741850266316760e+03
1.312006623523510825e+03
1.291090487560765268e+03
1.297134249184336340e+03
1.289992957176815707e+03
1.287090590596197444e+03
1.293864873689730302e+03
1.296505771841340220e+03
1.310806907456694489e+03
1.292054224596981157e+03
1.295895548117576254e+03
1.308927536123642312e+03
1.282561905574511684e+03
1.304019275320364386e+03
1.300696994330942971e+03
1.306520287694520903e+03
1.297980532589981294e+03
1.296916689687088592e+03
1.303274173831337976e+03
1.282881674197831444e+03
1.297835904040652849e+03
1.300805607461266391e+03
1.302205782286202748e+03
1.322648161442983792e+03
1.310924380637462264e+03
1.306805846756272786e+03
1.303160617258863113e+03
1.301036194924470237e+03
1.300828718732547031e+03
1.301092664179558824e+03
1.295408746865742614e+03
1.317093754351818461e+03
1.322786899594629631e+03
1.320758078313526312e+03
1.304945147672094890e+03
1.316758520787811221e+03
1.323564393024139463e+03
1.316945232075465356e+03
1.311536352377152525e+03
1.301356740663587971e+03
1.326738372092278041e+03
1.315719488434236609e+03
1.303121418752791669e+03
1.310995200690562569e+03
1.312250671105726269e+03
1.322880185054586264e+03
1.313010324080123155e+03
1.298240744537043838e+03
1.308111871337749108e+03
1.311116635346460271e+03
1.314147870213523447e+03
1.312318928305567624e+03
1.321369170804054647e+03
1.313897825988604154e+03
1.319842492298118714e+03
1.323830504181034257e+03
1.334330032104255451e+03
1.332484465142935051e+03
1.331996072857957188e+03
1.329151134941257624e+03
1.326426257306948401e+03
1.319556224728912412e+03
1.312056961671307135e+03
1.311969060442353793e+03
1.333859741423040077e+03
1.323802911979233841e+03
1.339205298774254288e+03
1.337267698762887903e+03
1.331539637489240704e+03
1.326289951523491936e+03
1.316016300868805274e+03
1.346712671808160394e+03
1.324962462566702470e+03
1.332934290319455158e+03
1.336885915272230932e+03
1.330011764941362344e+03
1.345295676766073029e+03
1.340427899516959769e+03
1.332838149059204852e+03
1.341208906121221844e+03
1.333461342799863132e+03
1.338656305456523114e+03
1.331534136070523800e+03
1.343667255386110355e+03
1.326705411066212037e+03
1.362411594843606963e+03
1.345942061768191934e+03
1.345010577424779058e+03
1.335874194884290773e+03
1.350935728919153235e+03
1.340332847835401935e+03
1.341830599941024957e+03
1.341737086830082944e+03
1.341780847946580025e+03
1.342999061009707020e+03
1.338621165433101623e+03
1.341199176389800868e+03
1.350888243104706589e+03
1.348422578338909034e+03
1.349886956397438325e+03
1.366590937151645221e+03
1.348678207312407949e+03
1.354349912407423290e+03
1.339050305985937939e+03
1.345347356496980638e+03
1.344310102471350319e+03
1.329448034178997204e+03
1.364615525057793548e+03
1.361673024913842482e+03
1.351240142799603518e+03
1.348142423507838885e+03
1.357112596707666398e+03
1.353826813854520651e+03
1.372316422403052229e+03
1.353322118067411793e+03
1.367054076406766399e+03
1.358020397965664415e+03
1.377967329854309355e+03
1.363421422491603835e+03
1.370705561975401679e+03
1.356081517868961328e+03
1.355982183239288815e+03
1.356807780693461837e+03
1.351678412240786201e+03
1.372922479862590080e+03
1.348670813520240699e+03
1.363691489485375541e+03
1.369303095930926474e+03
1.372739879044147074e+03
1.359825938434737509e+03
1.363737081603993147e+03
1.381052130721743197e+03
1.357432581215645314e+03
1.360145423340819889e+03
1.354731936120657338e+03
1.360895130202260589e+03
1.365127974930305754e+03
1.362548063907020378e+03
1.383449674710398313e+03
1.398152577596901438e+03
1.383538420868952926e+03
1.364489106787636729e+03
1.383468620965584478e+03
1.377073238526093292e+03
1.375275385333440227e+03
1.384701013797068072e+03
1.370645234044422523e+03
1.384084262410462088e+03
1.384912935203354436e+03
1.380914888749896363e+03
1.373793744279760631e+03
1.388687928330754403e+03
1.379647357559504826e+03
1.383951938177649026e+03
1.378474381527875494e+03
1.387628221165914510e+03
1.397641840478411041e+03
1.377460626488125854e+03
1.385450365260234094e+03
1.392086526214352034e+03
1.375171429050781398e+03
1.368703344714049535e+03
1.390250482259573573e+03
1.397601844183733874e+03
1.402884289736801520e+03
1.383961724149234442e+03
1.392236003889925314e+03
1.396073595014023113e+03
1.374543362131499634e+03
1.387401656302437004e+03
1.382590952309372824e+03
1.397689526047385016e+03
1.371736634477201733e+03
1.407132010881916358e+03
1.399561307377588264e+03
1.401231834736300243e+03
1.393498321370508393e+03
1.409356599260304620e+03
1.392774967862836320e+03
1.409265495763925855e+03
1.388096510840141491e+03
1.402271408685262941e+03
1.401822925893038473e+03
1.396962007838515319e+03
1.404698492657363204e+03
1.393966626393879778e+03
1.424223512032420558e+03
1.397904254045153721e+03
1.399566554404236740e+03
1.398352122059818385e+03
1.402274132395934430e+03
1.405898803340773156e+03
1.401992153399721019e+03
1.413383729264571684e+03
1.397832438437223345e+03
1.413264708113058759e+03
1.417535360024908869e+03
1.396550961964772341e+03
1.407281718187360639e+03
1.416123145031447848e+03
1.424216657975875705e+03
1.401398758441705922e+03
1.399562250688547238e+03
1.409243468566277443e+03
1.406938120042661239e+03
1.422352735040813513e+03
1.421597318255465325e+03
1.417807090398862329e+03
1.429718866784620104e+03
1.417457264082638176e+03
1.420229354023451378e+03
1.430276312224315916e+03
1.406556963417506040e+03
1.419763501681964499e+03
1.410215082858776668e+03
1.427509001804561194e+03
1.412951960783106188e+03
1.438865568101592999e+03
1.434949542107787920e+03
1.425968550664819077e+03
1.440431144426348055e+03
1.431438753446752116e+03
1.444240616621345225e+03
1.420470700626082817e+03
1.419876294425419246e+03
1.433876234654514519e+03
1.438105054898778008e+03
1.423903215937109962e+03
1.434154610911219379e+03
1.433829113322162812e+03
1.410001167611716028e+03
1.426128955926865046e+03
1.435486206176950418e+03
1.419977998872170474e+03
1.428899222385402936e+03
1.430554182924408224e+03
1.429440543744889283e+03
1.431434382846843164e+03
1.442468449224927099e+03
1.452924721436239224e+03
1.433826518923582171e+03
1.427660867719809175e+03
1.425087842205093921e+03
1.435314109884731351e+03
1.453004925103080723e+03
1.451106432217939073e+03
1.445746967947310623e+03
1.438116204651977569e+03
1.432343540144212739e+03
1.458021665372234111e+03
1.435049512764305291e+03
1.453282155987084479e+03
1.452572044735962209e+03
1.467043557215115243e+03
1.451781402426917793e+03
1.443477966415914352e+03
1.447784413458539802e+03
1.434589957666236160e+03
1.462055251382159668e+03
1.463600836598624710e+03
1.449746085007815509e+03
1.461798647121422391e+03
1.450689445193789879e+03
1.445101137177977307e+03
1.465839642615809225e+03
1.461339041713670895e+03
1.440902282246214781e+03
1.463325814783613623e+03
1.469531169333939260e+03
1.468834826841175300e+03
1.439822510702947739e+03
1.467129475400031652e+03
1.461318208467647992e+03
1.468702219189367725e+03
1.469006013555244408e+03
1.454732457792254309e+03
1.464536674488422932e+03
1.454548498332216013e+03
1.464503133044396236e+03
1.471601861229092947e+03
1.468144379031140261e+03
1.470051106925783870e+03
1.467799147653175169e+03
1.465286127448338448e+03
1.482515840479629105e+03
1.479895516565082971e+03
1.459413372066374905e+03
1.484278153324962432e+03
1.479163421215114568e+03
1.458711150798075550e+03
1.465919378966213571e+03
1.476477269986655074e+03
1.486744682109126870e+03
1.456962984393078386e+03
1.474620288221392229e+03
1.474946323301020584e+03
1.474249359079245323e+03
1.481726230020138928e+03
1.494279661036682910e+03
1.486513572553005361e+03
1.483830847363311022e+03
1.489159769314775531e+03
1.471499824406652351e+03
1.482091263220365136e+03
1.479874085345255935e+03
1.486118473904192342e+03
1.484803354890855417e+03
1.504618707099056564e+03
1.478593352649731969e+03
1.491996683309784430e+03
1.490609084124894252e+03
1.487426564337446280e+03
1.490961672633800163e+03
1.501798446385667830e+03
1.502554560799138699e+03
1.492240445990264789e+03
1.491711199740504753e+03
1.494415838826040726e+03
1.488880648561746739e+03
1.487877170833802666e+03
1.506893432585268556e+03
1.502412862109824800e+03
1.508830400426113101e+03
1.493133546424151973e+03
1.501784134413279617e+03
1.494786219278057615e+03
1.496362418192784162e+03
1.510804383079917670e+03
1.515531786304373327e+03
1.511820817652754386e+03
1.499522679008573050e+03
1.505408401982431769e+03
1.513989274018414790e+03
1.494101469068626102e+03
1.509393061963189439e+03
1.533028124701658044e+03
1.521501670606259268e+03
1.518242029764541030e+03
1.526332172650299754e+03
1.505593974406806637e+03
1.502888257583565064e+03
1.518897493369055610e+03
1.511637580703664071e+03
1.515430332082254836e+03
1.504516768305586766e+03
1.510446020152421170e+03
1.514951584085076092e+03
1.511612004393538200e+03
1.506873859473224002e+03
1.533200847109942970e+03
1.507303183899317673e+03
1.521850872488139203e+03
1.517260856898585189e+03
1.509921755161509282e+03
1.537712768278178373e+03
1.518015376728974161e+03
1.533101893275500061e+03
1.524101668084751054e+03
1.520898002158416375e+03
1.516327730541600431e+03
1.527155935292467348e+03
1.533401298752954517e+03
1.517101267916504639e+03
1.533765670103411821e+03
1.539267537099534820e+03
1.518485313233848956e+03
1.534457947608845643e+03
1.553925895486715035e+03
1.539881043602005320e+03
1.524348432314336605e+03
1.548083479280779557e+03
1.533124337417147672e+03
1.536637498974472464e+03
1.536161340943507184e+03
1.548550630361035473e+03
1.543965254652832755e+03
1.549905313045453795e+03
1.533030113600389996e+03
1.545156759242119051e+03
1.549292845441611007e+03
1.544996602838054969e+03
1.565714667411462415e+03
1.547970318762785610e+03
1.555333667649152630e+03
1.550858014408498320e+03
1.562215170462151946e+03
1.562118672629852199e+03
1.554038433107466290e+03
1.551396044244292852e+03
1.539863958185221691e+03
1.575433210653460037e+03
1.548449186071004988e+03
1.560936659572664212e+03
1.530072325208697976e+03
1.564899614076983880e+03
1.580420918697951265e+03
1.570913650734124076e+03
1.567211199769511495e+03
1.572643578522547614e+03
1.557285114333568799e+03
1.575824897889292743e+03
1.568508353824634469e+03
1.562657075498523682e+03
1.563079187181372163e+03
1.562926333439539803e+03
1.578962103956248257e+03
1.554958005025782995e+03
1.554675881513751165e+03
1.567351682354975082e+03
1.560337396234456492e+03
1.556586012738813452e+03
1.581472095968042368e+03
1.583995099547229529e+03
1.563192151271288594e+03
1.578012471986641913e+03
1.580511004200205207e+03
1.570182960909475014e+03
1.583139943042693858e+03
1.591509634493508202e+03
1.579538264393182999e+03
1.587516125286372926e+03
1.585675982902281703e+03
1.581916410910925833e+03
1.578209279464042993e+03
1.575998240987585632e+03
1.585796766441957516e+03
1.589551024965288889e+03
1.593872756106202132e+03
1.580818954728791823e+03
1.578545466624575738e+03
1.581238593230018523e+03
1.580223189827423312e+03
1.588528127052690934e+03
1.588589613279126525e+03
1.596587322853764590e+03
1.584682853049498362e+03
1.607493044884580286e+03
1.571767998909000426e+03
1.590740910083356766e+03
1.586021343863290440e+03
1.598435198307012797e+03
1.589969194213978426e+03
1.597098738705324195e+03
1.593751854399787362e+03
1.590987883783094730e+03
1.615484230717120681e+03
1.590551204755250865e+03
1.606247128079708546e+03
1.609412210349308225e+03
1.604688950339738540e+03
1.600301054430574595e+03
1.615541171798875212e+03
1.624006152680823789e+03
1.628761301024202794e+03
1.614125153122721031e+03
1.621816742933474188e+03
1.608245292589088422e+03
1.595989826280918123e+03
1.593950642124181968e+03
1.614454915471397044e+03
1.612166972899820848e+03
1.619995359924339709e+03
1.612695133681714196e+03
1.609104603126326765e+03
1.610153814281177802e+03
1.611063823553863585e+03
1.623328302938708021e+03
1.629705190963299174e+03
1.621257575181041830e+03
1.618577730374583098e+03
1.619987716500215356e+03
1.620688801965571429e+03
1.609806315447915949e+03
1.618656346574500276e+03
1.625550888371196152e+03
1.634528372759550166e+03
1.643463568372072132e+03
1.635359847219344147e+03
1.619485027247614198e+03
1.646523687110895935e+03
1.644370020362420064e+03
1.628889957417189180e+03
1.633525699823038394e+03
1.639260634572644221e+03
1.633616220915208942e+03
1.629642582223782711e+03
1.662192398229226228e+03
1.648736990829406750e+03
1.621426244061204670e+03
1.627814919913384756e+03
1.641322348280141114e+03
1.636254778575044838e+03
1.620591641753034082e+03
1.639841257680455328e+03
1.656748910968586415e+03
1.650283216764641338e+03
1.642676423371882720e+03
1.640192254779775340e+03
1.636982832976680584e+03
1.649897426593082400e+03
1.663509189389920039e+03
1.642300330092939248e+03
1.649831998428933048e+03
1.642343041203366056e+03
1.647086164858739266e+03
1.645720914940940020e+03
1.662906938235403004e+03
1.664851541245361204e+03
1.651769142087116734e+03
1.665157054049777571e+03
1.662546016309529932e+03
1.671517394110277792e+03
1.665003621175315629e+03
1.660939565775282290e+03
1.677281670950274247e+03
1.663799435408271620e+03
1.655252525704880100e+03
1.678901155133384918e+03
1.651566948477422102e+03
1.653835757544366743e+03
1.680188255223167062e+03
1.659054985228102396e+03
1.674265680504538068e+03
1.676874736135674766e+03
1.674653385458625280e+03
1.678474800099388631e+03
1.676944398809740733e+03
1.678905280147473604e+03
1.679626423225831786e+03
1.696438526261014658e+03
1.666020766837197243e+03
1.665924055064752793e+03
1.668513638051461157e+03
1.689924806201015599e+03
1.681083629376827503e+03
1.692799507736601072e+03
1.691426874125185577e+03
1.693893886237207653e+03
1.678841777237827273e+03
1.688109542933497323e+03
1.697901850470133695e+03
1.681538576151869620e+03
1.703341528525493686e+03
1.696053606536495863e+03
1.699254981645785392e+03
1.701530818026756833e+03
1.682531756089772216e+03
1.701513266643274847e+03
1.702987390227411652e+03
1.696670932549419604e+03
1.706732669838856737e+03
1.697313005816327632e+03
1.698851947704038139e+03
1.706761355873743014e+03
1.700433892492873838e+03
1.703214269987921398e+03
1.704508167755963768e+03
1.705457127794699318e+03
1.702215626669868698e+03
1.706145704725589667e+03
1.711786178107527803e+03
1.706614457274114329e+03
1.707962361302721320e+03
1.705615850663854872e+03
1.718763103242828493e+03
1.721249778253550858e+03
1.691277972517668559e+03
1.711882427543272797e+03
1.721391614777817722e+03
1.724296926385436564e+03
1.714693687343607735e+03
1.738076802671652558e+03
1.712881559919160509e+03
1.739650313780888382e+03
1.714872865195603708e+03
1.715452759329361697e+03
1.719133997202654427e+03
1.719814082002056011e+03
1.722728433390426972e+03
1.720464310507705022e+03
1.725021004422997521e+03
1.733438205067686567e+03
1.731451633357661194e+03
1.741090548849053675e+03
1.736645493636467563e+03
1.733265110090469989e+03
1.733078402397667105e+03
1.748829147435122877e+03
1.733669407556337319e+03
1.749098477676364837e+03
1.730954717483702552e+03
1.734360026101073117e+03
1.739095087198712690e+03
1.738484483568599671e+03
1.743264821086821485e+03
1.756582692852408627e+03
1.737753369372782117e+03
1.741167357348843780e+03
1.733018481033062926e+03
1.758950348104785917e+03
1.772169549252960906e+03
1.764200720882946598e+03
1.748173802504034256e+03
1.743799180899257863e+03
1.756591960849522366e+03
1.756739401201186411e+03
1.746644220418787199e+03
1.762692467379935124e+03
1.758589163676742828e+03
1.761360457443324776e+03
1.774725359118615415e+03
1.760755058048497403e+03
1.781120296406351144e+03
1.781092940085981581e+03
1.772880025536260973e+03
1.766350250678075327e+03
1.765599828348675601e+03
1.762062874565644279e+03
1.772960849716408575e+03
1.768403597837621192e+03
1.763619406533920028e+03
1.766562940669578438e+03
1.771219623690623621e+03
1.771311610529664449e+03
1.773678351671691189e+03
1.776303023385634106e+03
1.778259653631342417e+03
1.772011978177239598e+03
1.771478818013982618e+03
1.764174262923207834e+03
1.785544151450854088e+03
1.788700952796816182e+03
1.775478793574934571e+03
1.783493504266490390e+03
1.782271873552415855e+03
1.792565910318781334e+03
1.784647512586971516e+03
1.786510174855870446e+03
1.785915252700553765e+03
1.785678352227390633e+03
1.790275294764530599e+03
1.813261477146223569e+03
1.804051917338299063e+03
1.794717756732831276e+03
1.803564035900602903e+03
1.778761170209058719e+03
1.793412611603147752e+03
1.802362614636491344e+03
1.795214247336073640e+03
1.790363916841613900e+03
1.788544905185992320e+03
1.813409573723882204e+03
1.816113383883726783e+03
1.798757508110552180e+03
1.816833686411906911e+03
1.804490913908495713e+03
1.823839688932686613e+03
1.805979176817831558e+03
1.799294219533467185e+03
1.827742089098705719e+03
1.816982518482796422e+03
1.817326793907686579e+03
1.807634767634703394e+03
1.816247784950628102e+03
1.815056757754891350e+03
1.828114143606221887e+03
1.835434702581170313e+03
1.811565051354861907e+03
1.832228176271361917e+03
1.815636912842127913e+03
1.842515205978853146e+03
1.816424488819374574e+03
1.831775213334318323e+03
1.826374049529050808e+03
1.823613912691970427e+03
1.843248477959828733e+03
1.838483012597360812e+03
1.824292850747997818e+03
1.856568279127546020e+03
1.840438818487082017e+03
1.841956450142773292e+03
1.846620957799664893e+03
1.847305287254549057e+03
1.848707372294366223e+03
1.833352531534832451e+03
1.838613124247745645e+03
1.841078246419071775e+03
1.842149786524228830e+03
1.843913252930076396e+03
1.855054214469795170e+03
1.854972281440706411e+03
1.862712400785038881e+03
1.836770787405949250e+03
1.848166998257999467e+03
1.854626924983934032e+03
1.846418778440334336e+03
1.866734517025278137e+03
1.863331703376114092e+03
1.849558646144389968e+03
1.857362240949943725e+03
1.870071240528407998e+03
1.866889861788200960e+03
1.852808773499504923e+03
1.858010614071191867e+03
1.875618995743429878e+03
1.865034515691616434e+03
1.860058569287228920e+03
1.860117442594039630e+03
1.872347589553563921e+03
1.865623129051614114e+03
1.866475500199842372e+03
1.877739321546401470e+03
1.877522907072876251e+03
1.873408373468831087e+03
1.871767999343329393e+03
1.887654814873869782e+03
1.881501479818691905e+03
1.879628274832755551e+03
1.898897307925301902e+03
1.893026758672684991e+03
1.882686866623108926e+03
1.874480031854873459e+03
1.892599360430240949e+03
1.888773471314520066e+03
1.895584796174072835e+03
1.891850890949943278e+03
1.890826855861773993e+03
1.886300866086024598e+03
1.881377860256192434e+03
1.890377839670306230e+03
1.893306138164746017e+03
1.903441639077014315e+03
1.903541183012445799e+03
1.913955334217904920e+03
1.900618128920901654e+03
1.911726960462150601e+03
1.900162397162122261e+03
1.928488774248154641e+03
1.922296075781703166e+03
1.901437336785036678e+03
1.914122323156196671e+03
1.920985940522938790e+03
1.912231375625888631e+03
1.920507410620943801e+03
1.911292029251210124e+03
1.905808576423546583e+03
1.920904828975374585e+03
1.915217592827315002e+03
1.916756084249418109e+03
1.931122672571274506e+03
1.911366192633724495e+03
1.919267067836431806e+03
1.921143804087884973e+03
1.932479359242003966e+03
1.921882654191436814e+03
1.935937388782779408e+03
1.928406661648842601e+03
1.929199632220577769e+03
1.924814696859540618e+03
1.949738070337576346e+03
1.928283043231327838e+03
1.927294242225398193e+03
1.939015705728555758e+03
1.931963685679633954e+03
1.941751049938404321e+03
1.955350465557355619e+03
1.942820454486171002e+03
1.944388104390044191e+03
1.951338301030428283e+03
1.939146630723589396e+03
1.945950947563789441e+03
1.949628314843418821e+03
1.953871604610731993e+03
1.951534445431267841e+03
1.949543916291487449e+03
1.958650128168071888e+03
1.963609032291785297e+03
1.958555241811583301e+03
1.968099147337586601e+03
1.948663850372480965e+03
1.966730903627768157e+03
1.971091919014893392e+03
1.961318486628334540e+03
1.958236976909632858e+03
1.972825393195952074e+03
1.959135457978083195e+03
1.967650066849223776e+03
1.971596363291668922e+03
1.984874093521214263e+03
1.977754788543483073e+03
1.955664921761962205e+03
1.974484800396060791e+03
1.978228517507792731e+03
1.964531909763048816e+03
1.975115608189570594e+03
1.976284842293435759e+03
1.989318837568615209e+03
1.995078859145222850e+03
1.980469301095272613e+03
1.986424803070431835e+03
1.973045463930329788e+03
1.997131394647999286e+03
1.986891535158076749e+03
2.004496891897695605e+03
2.006475299248168767e+03
1.991662836775085680e+03
2.000237084958137530e+03
2.009157650970447321e+03
1.984565703553781987e+03
1.999611286615577455e+03
1.994297308139837696e+03
2.001406036425556749e+03
2.010240928967630452e+03
2.002257411646529135e+03
2.008887960939741788e+03
2.000788541748519037e+03
2.010879760897667211e+03
2.007823109021694108e+03
2.002417166831250597e+03
2.020953926592219887e+03
2.006715034259091453e+03
2.013060348954572646e+03
2.039563655385120228e+03
2.023289927649819674e+03
2.018521801790108157e+03
2.021785511495653282e+03
2.013977131355691654e+03
2.031514173209461205e+03
2.018099324256242880e+03
2.019636351825130305e+03
2.035920166898355546e+03
2.021588245049050101e+03
2.041395732894455477e+03
2.033055409365889545e+03
2.027772876390041120e+03
2.034171517494583441e+03
2.044836636536132573e+03
2.039871197857207108e+03
2.030293095293900024e+03
2.025859691623368235e+03
2.051388274731585170e+03
2.044715627378019917e+03
2.061032797407841372e+03
2.055101536640912855e+03
2.051611332924984254e+03
2.050931760109712741e+03
2.049955773704472449e+03
2.049928885811793862e+03
2.059790669489764241e+03
2.051185743957058094e+03
2.060824411911843526e+03
2.062625335104861279e+03
2.066711504669644455e+03
2.069426336366738724e+03
2.055920622392581663e+03
2.068956052693927631e+03
2.081919366778581661e+03
2.087040350851234507e+03
2.081920728212943686e+03
2.069590312258173526e+03
2.070160595369316070e+03
2.070571543473143720e+03
2.068204144793609430e+03
2.081173807065220444e+03
2.087597558045818460e+03
2.077827496281930053e+03
2.081585616832669984e+03
2.081574405528095667e+03
2.079403394612366355e+03
2.084873496369887107e+03
2.090791227530057313e+03
2.085724128158279200e+03
2.091637771691215676e+03
2.100194766922311373e+03
2.107740891804510284e+03
2.098600947971581718e+03
2.109860667683126394e+03
2.095554209256697959e+03
2.103763027249830884e+03
2.094932426962814588e+03
2.098308530640857953e+03
2.097120282820026659e+03
2.121641016103304537e+03
2.098667524007314114e+03
2.091102612021299137e+03
2.102902276903714665e+03
2.119984221082254408e+03
2.129976247825894461e+03
2.116376338366711025e+03
2.121764454735040999e+03
2.101863270637844835e+03
2.111673433484911129e+03
2.123617714067123870e+03
2.118669520130543333e+03
2.134226173685941831e+03
2.120230745593145912e+03
2.121519911753794077e+03
2.134515569069423236e+03
2.130594149282801482e+03
2.129364344550138867e+03
2.151105091107558565e+03
2.139305190494054841e+03
2.136127026186163675e+03
2.136032345181588425e+03
2.144291157198375004e+03
2.154470261064817805e+03
2.149043316383074398e+03
2.143987312906801890e+03
2.131959439811707853e+03
2.144538832468205328e+03
2.148566512880707251e+03
2.142539157094377515e+03
2.146243786236940196e+03
2.159722843865571122e+03
2.154994156375325929e+03
2.163747768972291851e+03
2.157725811003329000e+03
2.160119011751054586e+03
2.157935387479452856e+03
2.173580076885646122e+03
2.154219738595625131e+03
2.173898689648865911e+03
2.171195374901251398e+03
2.165395665997065862e+03
2.173114437800398719e+03
2.178820756770629487e+03
2.170918959679893305e+03
2.163003407881055864e+03
2.182557647207960599e+03
2.167888447994049784e+03
2.180222525330017561e+03
2.171229391854182268e+03
2.183969459671006916e+03
2.182095866743919942e+03
2.167358977502552079e+03
2.195399277871620598e+03
2.192764683364996927e+03
2.200939006656353286e+03
2.178994828869389039e+03
2.195327087084370305e+03
2.182132510978926348e+03
2.197626181866650313e+03
2.200762002750725060e+03
2.201361747686384660e+03
2.199222876728286792e+03
2.208476557493989731e+03
2.200324507037732928e+03
2.201963634936765175e+03
2.216474583035400428e+03
2.212224754834557643e+03
2.222413768355350840e+03
2.203488318551851535e+03
2.223801809347215567e+03
2.221418806980133013e+03
2.227548697225103751e+03
2.203908996061456492e+03
2.212847118088119714e+03
2.232555157475478154e+03
2.237633791587505129e+03
2.227984624080029334e+03
2.243810834240930035e+03
2.226773129593736485e+03
2.239123973662433400e+03
2.256758175348486475e+03
2.241579255813571308e+03
2.233094764219936678e+03
2.231622355681482986e+03
2.238950035127156752e+03
2.240814743273465410e+03
2.249073373510658712e+03
2.239684439245774684e+03
2.255892399881007805e+03
2.260472910017642334e+03
2.272623574527939581e+03
2.244013203573674218e+03
2.245537264662303642e+03
2.254218044785447091e+03
2.267100693294412849e+03
2.259669911388265064e+03
2.250265868029072408e+03
2.253367810906138402e+03
2.270168219750253684e+03
2.263069899474826798e+03
2.269442022432366684e+03
2.271507699219245751e+03
2.278085278422554893e+03
2.272049384524029847e+03
2.277117224123458072e+03
2.273813139228328509e+03
2.290996409645405947e+03
2.288781676052917192e+03
2.270709012529114261e+03
2.287711396664702988e+03
2.288341915783817967e+03
2.286379665194448989e+03
2.280968457964972004e+03
2.288029442258803101e+03
2.300120346049989166e+03
2.301959443841335997e+03
2.305158676104900678e+03
2.288069406573131801e+03
2.285364479079293233e+03
2.286238448606743987e+03
2.291661961281992717e+03
2.307094349410676386e+03
2.301858529685230678e+03
2.325512974092680906e+03
2.303691467730787281e+03
2.293844934250450933e+03
2.317916747724416837e+03
2.323642597974084310e+03
2.338161011819898249e+03
2.332000022984550469e+03
2.316720109600169963e+03
2.307865202037439303e+03
2.319504277112854197e+03
2.323748405546162303e+03
2.329632763334461742e+03
2.324894310633351324e+03
2.323293645763005770e+03
2.330649156415687685e+03
2.337534754655509005e+03
2.345439186601042820e+03
2.334665449886808801e+03
2.347249236675322209e+03
2.333808338424998510e+03
2.354925369928484997e+03
2.350088537078605896e+03
2.355389291949315520e+03
2.343088551239548906e+03
2.350950792291218477e+03
2.349162857850390992e+03
2.356462024681397452e+03
2.361940176327909285e+03
2.350246566917741347e+03
2.361932536264864211e+03
2.363164011577975089e+03
2.365545732320676507e+03
2.363868137737248617e+03
2.373528686121591363e+03
2.374650433942510062e+03
2.364583740266377390e+03
2.369981260655935785e+03
2.381188994918464687e+03
2.383206369662372708e+03
2.377828578714982541e+03
2.381700162591229855e+03
2.383627591411981484e+03
2.384224806991858713e+03
2.390420404120621242e+03
2.391549433157352723e+03
2.385905968850635873e+03
2.396401124211494334e+03
2.408569006560368962e+03
2.389392607877900900e+03
2.413761126887847695e+03
2.390688898599486492e+03
2.403831944322521849e+03
2.405825048920819881e+03
2.421260512700836898e+03
2.403496663158122828e+03
2.408721405495273757e+03
2.419605165524821587e+03
2.423537030609013982e+03
2.417500013867866073e+03
2.415825068620320053e+03
2.421159775356271439e+03
2.424507008041452991e+03
2.428730705492427660e+03
2.422706373753866956e+03
2.430851548011128216e+03
2.425567728987982719e+03
2.444697162592419318e+03
2.441163939542641401e+03
2.438092849779486187e+03
2.427837918057833576e+03
2.432553621561985437e+03
2.439844588131660203e+03
2.437868408230934165e+03
2.439388803351740989e+03
2.429736297516660215e+03
2.463539681071853920e+03
2.464487289905771831e+03
2.455322197096176751e+03
2.462765309695522774e+03
2.468791458965642505e+03
2.457913874907501395e+03
2.473447122440206385e+03
2.468380888591180337e+03
2.469551980618323341e+03
2.459779831451441169e+03
2.474332121836051101e+03
2.489748990592157952e+03
2.467577687406563655e+03
2.469197170496732724e+03
2.484585366818861530e+03
2.488016666650881234e+03
2.483816069230063931e+03
2.477004502851446887e+03
2.489172517541629531e+03
2.504359648881288194e+03
2.478301506004338989e+03
2.492137507046556038e+03
2.492677098028417277e+03
2.507034500765505982e+03
2.509078658131916200e+03
2.495748150365763649e+03
2.491434537887691931e+03
2.510344786531044974e+03
2.512205164160636741e+03
2.502146837041365416e+03
2.504061454890101686e+03
2.515181292883916740e+03
2.509379733279611628e+03
2.510643432730769746e+03
2.519229426668179258e+03
2.521190542832983283e+03
2.522388136999436028e+03
2.527388327559026948e+03
2.523396931980813406e+03
2.541354287742506131e+03
2.548713131205618993e+03
2.528993891518538476e+03
2.538396946315597688e+03
2.534411987090014009e+03
2.536257288375884400e+03
2.525623065268747723e+03
2.554801300138978604e+03
2.539470892424462363e+03
2.557950177507189437e+03
2.551551401630914825e+03
2.550978031450142680e+03
2.556605372887779140e+03
2.561939415518939313e+03
2.555186340066477896e+03
2.564640483773054257e+03
2.571075375359290774e+03
2.570670154361081131e+03
2.552847163501739942e+03
2.566933877314574147e+03
2.586974261211524663e+03
2.574984768872016048e+03
2.583695509088069684e+03
2.579849434959463451e+03
2.571662210551387943e+03
2.568653317541828528e+03
2.594440314792956997e+03
2.592353420294110492e+03
2.582863650731530470e+03
2.594770062237710135e+03
2.579467187770136661e+03
2.611090759024717045e+03
2.595223445841819739e+03
2.601550023252157644e+03
2.609201404492816437e+03
2.598409746995523165e+03
2.598840137527137813e+03
2.614086437198051044e+03
2.620160997771133225e+03
2.629812411346710178e+03
2.619884128924848028e+03
2.623453040437855179e+03
2.620547064442571354e+03
2.623533889986547365e+03
2.628573013277843529e+03
2.623944415395223587e+03
2.628707715626703248e+03
2.644072259031905105e+03
2.644677273935238645e+03
2.643005045146083830e+03
2.648860084793298029e+03
2.632449642251317073e+03
2.645110478639741359e+03
2.665007044668188882e+03
2.652515860726141455e+03
2.650692968399896017e+03
2.671055532881196996e+03
2.653578452305223436e+03
2.654542677434597863e+03
2.660355767071386708e+03
2.668065706819703337e+03
2.667945303826982581e+03
2.655491989170773650e+03
2.662179971786297756e+03
2.663757755675515909e+03
2.678155801409674496e+03
2.677808633407888919e+03
2.673570242543619770e+03
2.687209251966890861e+03
2.684907700411163660e+03
2.700895796475312636e+03
2.691875149909714310e+03
2.679919714008971823e+03
2.698384502812913070e+03
2.677077310233721164e+03
2.714795456833535354e+03
2.697928975492251993e+03
2.697840052431370623e+03
2.709114573200068662e+03
2.704212506070245581e+03
2.708138641587142047e+03
2.715597828380224655e+03
2.718202390559566993e+03
2.713717504084442680e+03
2.726236429216604847e+03
2.726646656340487425e+03
2.724596820688438584e+03
2.721669650331671164e+03
2.734020089200065740e+03
2.733603535354492578e+03
2.741936157746063145e+03
2.734704897820858150e+03
2.737769995798233595e+03
2.726254364123306914e+03
2.733110737490324937e+03
2.753606037121055124e+03
2.746181738113818483e+03
2.753526039300472348e+03
2.745233346604986309e+03
2.749139994367545569e+03
2.756005048880494996e+03
2.770198138650108376e+03
2.780163963402914305e+03
2.771761663644736473e+03
2.752868240133960626e+03
2.763615424046601674e+03
2.755247114470576435e+03
2.778436508319381574e+03
2.777161283875229856e+03
2.786408732405985575e+03
2.784265323513515796e+03
2.784622563415574859e+03
2.791521212433897290e+03
2.788720777483453276e+03
2.788088150676489022e+03
2.799189739853058654e+03
2.789060600102135140e+03
2.804765840396520161e+03
2.806233856658821423e+03
2.816297387026937940e+03
2.809012171284867691e+03
2.814699074700607071e+03
2.810336351675079186e+03
2.813650186663089244e+03
2.825056038618260118e+03
2.800788649666375932e+03
2.835339890498076329e+03
2.828568177926389126e+03
2.816774378144624734e+03
2.822346589618462986e+03
2.827586715091665155e+03
2.828779041669084563e+03
2.852794607259779241e+03
2.832430815921004978e+03
2.843584366447295906e+03
2.845722215092439001e+03
2.840646437525101646e+03
2.854967803768507110e+03
2.857450316158953683e+03
2.849870221958572984e+03
2.860983127420253368e+03
2.870608728018299644e+03
2.866403880258289973e+03
2.871521161299531286e+03
2.867258735944885302e+03
2.867855443772005856e+03
2.882914867031309768e+03
2.875350589053971362e+03
2.892365850550058440e+03
2.883415449664216339e+03
2.888951277912097794e+03
2.884139473309810455e+03
2.893125202792716209e+03
2.890729633511446082e+03
2.904695057570819245e+03
2.904426567127341514e+03
2.907636114788273062e+03
2.906911012861572999e+03
2.894140867674136643e+03
2.916106954676758505e+03
2.914075031209208191e+03
2.926499705966814872e+03
2.912149992248198487e+03
2.918618550680580483e+03
2.928301664569543391e+03
2.922787487271655664e+03
2.939519815847716927e+03
2.931664253199858649e+03
2.921414971841965780e+03
2.941566127205051998e+03
2.942518614319505105e+03
2.940287490660124149e+03
2.943517332050665118e+03
2.931328525671715852e+03
2.955488026469511624e+03
2.956326152331265803e+03
2.964248340852594538e+03
2.963912393813910967e+03
2.968746918275924145e+03
2.964055792811754600e+03
2.969603624204215066e+03
2.973886412506409670e+03
2.973597544470508637e+03
2.974061878199434432e+03
2.984861825992682498e+03
2.992401585241686917e+03
2.986037293451332062e+03
2.991461331315264488e+03
3.001116888945938172e+03
2.995229035233450759e+03
2.999324392667675966e+03
3.016912172465459662e+03
2.995858658568160536e+03
3.008990606703397589e+03
3.019748753830903297e+03
3.011891473278211379e+03
3.037883376932523788e+03
3.020805967567026983e+03
3.017425090948044726e+03
3.027177179548627464e+03
3.013242310679122056e+03
3.035788844367280035e+03
3.034133693985969330e+03
3.036273632223241293e+03
3.034801397999814981e+03
3.043342946149757609e+03
3.044156147859217981e+03
3.039941440949851767e+03
3.063485135266706038e+03
3.065729642947612774e+03
3.049727470710445232e+03
3.063747281640391520e+03
3.057066997131732933e+03
3.063999756103730761e+03
3.058178864525008976e+03
3.070389335761254642e+03
3.067522023890262062e+03
3.066466258914531409e+03
3.090329774545571127e+03
3.085646268180328207e+03
3.107478263253045043e+03
3.074936850166660406e+03
3.098956448583747260e+03
3.096277013673150577e+03
3.092364143836002768e+03
3.095494770125439572e+03
3.108790820860506756e+03
3.098907530250927721e+03
3.109572756224263685e+03
3.121147928450363452e+03
3.128929460034220028e+03
3.112345752179959618e+03
3.108724015062463423e+03
3.132164581060152159e+03
3.123484821630823717e+03
3.120503928506957891e+03
3.134343083099800879e+03
3.122873903702435655e+03
3.154622763367506650e+03
3.143077285111283800e+03
3.148248766086069281e+03
3.129069428667613010e+03
3.133790187224181864e+03
3.147560834060466732e+03
3.159758619476309832e+03
3.159220999160623251e+03
3.164748349921169847e+03
3.168824790786273297e+03
3.190510751639411865e+03
3.176584618957948805e+03
3.171360026272478081e+03
3.187803831531221476e+03
3.168093053017919829e+03
3.182622278156704851e+03
3.186445955025817966e+03
3.185997929260586261e+03
3.186587917676361485e+03
3.190974771759855230e+03
3.189739387873420583e+03
3.190209776901294390e+03
3.201069909037737943e+03
3.210754540078321952e+03
3.219502376925910994e+03
3.215691823498336362e+03
3.210622313425322773e+03
3.224450563860295915e+03
3.236452570538476266e+03
3.225499098560218044e+03
3.220095865820552717e+03
3.227283945006052818e+03
3.239412233937399833e+03
3.248632530165175012e+03
3.260450875260552493e+03
3.267289821162833960e+03
3.247775058287015781e+03
3.266847173198166729e+03
3.261313982946182023e+03
3.274978100630574772e+03
3.270427067284694203e+03
3.265658917030253178e+03
3.256401867729582591e+03
3.270041887160016813e+03
3.279294772941243536e+03
3.276199338789024296e+03
3.278143030430439467e+03
3.302911580071116077e+03
3.292164606595804344e+03
3.283481491916134019e+03
3.285204968816068686e+03
3.298625928872239456e+03
3.300973476347915948e+03
3.312978530418854916e+03
3.313538446377387572e+03
3.302314312659234020e+03
3.316802249510981255e+03
3.309282460491753682e+03
3.323102560747715415e+03
3.320085159022938569e+03
3.321194754499740156e+03
3.326688911355485743e+03
3.344267921339937857e+03
3.350071517578435305e+03
3.343811655705082558e+03
3.340811231356507051e+03
3.337453086748822898e+03
3.355104217822588907e+03
3.355191662946297583e+03
3.345419758745442778e+03
3.374088565236107570e+03
3.360642826523027907e+03
3.373430555760314746e+03
3.379700306055164219e+03
3.379654581009972844e+03
3.402626471182256864e+03
3.395880013910465095e+03
3.397846508167222055e+03
3.394109137635975458e+03
3.396410820429009163e+03
3.396404731665938925e+03
3.421541598893675655e+03
3.403686822732451674e+03
3.423613262379894877e+03
3.407361471954121953e+03
3.425574508185525701e+03
3.415324309497365903e+03
3.416567969172899211e+03
3.430001341110034900e+03
3.420658410272587844e+03
3.430945701828417896e+03
3.456305951174171241e+03
3.449685793990341153e+03
3.434777913427799831e+03
3.451808573592442826e+03
3.449911309068367245e+03
3.455871762590600611e+03
3.465168758211959812e+03
3.454368549282570712e+03
3.468439581224470658e+03
3.483737490108595921e+03
3.491304960940999081e+03
3.492832719131114573e+03
3.483922451306900712e+03
3.477613819921963113e+03
3.487902760120562561e+03
3.498777990863080504e+03
3.499972035827309810e+03
3.499535079207116723e+03
3.501900332791184155e+03
3.505071159984135647e+03
3.511486142528166965e+03
3.503136563019445020e+03
3.518668386162195020e+03
3.532778558929817791e+03
3.529292896054885205e+03
3.536804211714145822e+03
3.544762660771137234e+03
3.552592586757242316e+03
3.548667132369548199e+03
3.548485371141685846e+03
3.547192292580228241e+03
3.545938419265385619e+03
3.567263840582387729e+03
3.563264151737107113e+03
3.578248276451210131e+03
3.573194548957902043e+03
3.567129738162896956e+03
3.590047568488007073e+03
3.579054544271178656e+03
3.586656105918410958e+03
3.606468418119308808e+03
3.602632384533679215e+03
3.597735374228788260e+03
3.601655673853181725e+03
3.585669248246362258e+03
3.596739663655818276e+03
3.614067710824286223e+03
3.625610389887780457e+03
3.627846581319084635e+03
3.616850838727007158e+03
3.607074299935010004e+03
3.629226965342188123e+03
3.628417871341224782e+03
3.638043621542500659e+03
3.649375007723437193e+03
3.654017579213254521e+03
3.665284002733114448e+03
3.656741225146896795e+03
3.666361721633642446e+03
3.669569601164013875e+03
3.655575497168900256e+03
3.677107878955118395e+03
3.667879477484779727e+03
3.693656236403672210e+03
3.678258985548606688e+03
3.675114964399580458e+03
3.690090704440740410e+03
3.690153966766273697e+03
3.707426713213927997e+03
3.700125168432807641e+03
3.719470389164125663e+03
3.726287611414249568e+03
3.709572690387082730e+03
3.719030540208599177e+03
3.720174366287928024e+03
3.728965052061135793e+03
3.730430789628314869e+03
3.734653661498696238e+03
3.732368119630698857e+03
3.741345428936799181e+03
3.751970124271784698e+03
3.748037446775078024e+03
3.749680414576697785e+03
3.772893300769024336e+03
3.759781157157411144e+03
3.752838742342688874e+03
3.759065674149987444e+03
3.774204366646948074e+03
3.779404820905596807e+03
3.783822557382122795e+03
3.800318837878662180e+03
3.803648976274992492e+03
3.813281163475119683e+03
3.797321386095470189e+03
3.806153136234134763e+03
3.802059468431697951e+03
3.806154757863377199e+03
3.844864245004009717e+03
3.825243546897557280e+03
3.821003218495785859e+03
3.838831644078022236e+03
3.834739858432409164e+03
3.841918605229353943e+03
3.857719823952750176e+03
3.846775249687711039e+03
3.876423289810416463e+03
3.855951815971483484e+03
3.852157563473236223e+03
3.879492204385390778e+03
3.869038109573685233e+03
3.887165350296409542e+03
3.873263049829546617e+03
3.895652793062497040e+03
3.910731569264006339e+03
3.884886213056840916e+03
3.895372423499205979e+03
3.901153862910022326e+03
3.909428804672756542e+03
3.909233421877971068e+03
3.908658726967566963e+03
3.912328653393921741e+03
3.910162185669160863e+03
3.933485261502960839e+03
3.933789043785469858e+03
3.928929695397733212e+03
3.944307702376971520e+03
3.944262704795503851e+03
3.975668739553008436e+03
3.961822502333275679e+03
3.958448612889750166e+03
3.978207474300612375e+03
3.972460595749949789e+03
3.972430183428420150e+03
3.981963437200633052e+03
4.003018128803856143e+03
3.985241706328878990e+03
3.991476502315308153e+03
3.998877758848897884e+03
4.001255200578590120e+03
4.007372039297775245e+03
4.025545750809550100e+03
4.022409245347138040e+03
4.038852661865375467e+03
4.042126118699023209e+03
4.032859770478291466e+03
4.028163969527419340e+03
4.037411120101992765e+03
4.022150651636140537e+03
4.047961010470320161e+03
4.070166903748741333e+03
4.059958811401783805e+03
4.073735100651690573e+03
4.063681317749372738e+03
4.083698801865056794e+03
4.073154250369825604e+03
4.090010487595367067e+03
4.098275941917422642e+03
4.091888131672059899e+03
4.086667454617676412e+03
4.117441826348824179e+03
4.094485065233947807e+03
4.106855090345449753e+03
4.129505473557691403e+03
4.127723578873867154e+03
4.114607278024363950e+03
4.133620554615983565e+03
4.154002641513678100e+03
4.133045355559721429e+03
4.150036864688193418e+03
4.142082914419343979e+03
4.158292764639305460e+03
4.157935770780309213e+03
4.175769851838329487e+03
4.175165616204099024e+03
4.176316905083965139e+03
4.172357836429530835e+03
4.192660626277772280e+03
4.199957114668924078e+03
4.201602443612507159e+03
4.206204732265073289e+03
4.213733345105129047e+03
4.209965823387922683e+03
4.218973739869086785e+03
4.204036361272192153e+03
4.234833148253272157e+03
4.252328770857602649e+03
4.225842936341981840e+03
4.233026432950960952e+03
4.245412321059725400e+03
4.234161175581030875e+03
4.242254118923996430e+03
4.246073274199309708e+03
4.262333567921310532e+03
4.269698970789331725e+03
4.272469760167477943e+03
4.276506012434401782e+03
4.285827215178822371e+03
4.270082314286297333e+03
4.291369174473469684e+03
4.311797364744977131e+03
4.298049751351731175e+03
4.300975224633256403e+03
4.331319287552605601e+03
4.309715854761916489e+03
4.343777596921124314e+03
4.345091127618559767e+03
4.342555828551994637e+03
4.357805217596453986e+03
4.346658483760731542e+03
4.353191913181659402e+03
4.369806030266550806e+03
4.374004047621406244e+03
4.360344754328954878e+03
4.381222728202185863e+03
4.374511873241938702e+03
4.383099577603106809e+03
4.388100411542970505e+03
4.399525235986792723e+03
4.400236775836970082e+03
4.413081575956382949e+03
4.422822465386491785e+03
4.432087348097479662e+03
4.430925562638690280e+03
4.427935769765205805e+03
4.435752214260125584e+03
4.456347449035114550e+03
4.457515832712674637e+03
4.451814496741827497e+03
4.469467761417779002e+03
4.453872787734948361e+03
4.494893215580736069e+03
4.470009353898516565e+03
4.485477925876769405e+03
4.484841013296102574e+03
4.494204658995416139e+03
4.501412328388667447e+03
4.502666816737348199e+03
4.523903828047475145e+03
4.509916265266642768e+03
4.529395924120607560e+03
4.529464286460603944e+03
4.536262533575687485e+03
4.549008332202151905e+03
4.562725148286390322e+03
4.551570921799132520e+03
4.542961836772828065e+03
4.566808170485814117e+03
4.577541371373506990e+03
4.592037197451048087e+03
4.588912456396587913e+03
4.578394161742659890e+03
4.584129646316428989e+03
4.591661686813868073e+03
4.609057185073728760e+03
4.603408826831438091e+03
4.616218820560092354e+03
4.624243056291867106e+03
4.621422882459610264e+03
4.629857944019311617e+03
4.643528095944336201e+03
4.636080618425391549e+03
4.651076093883564681e+03
4.646780758034250539e+03
4.646185390993609872e+03
4.680229004405472551e+03
4.661230311304268071e+03
4.683713229948342814e+03
4.699818015464009477e+03
4.699023608710252120e+03
4.700389239724800973e+03
4.696054174183625946e+03
4.706785863851057911e+03
4.722357578438462042e+03
4.716646726956367274e+03
4.732067470326722287e+03
4.715598093524004071e+03
4.744173434947215355e+03
4.750363795200607456e+03
4.749394656133871649e+03
4.767384754663838976e+03
4.754921927247918575e+03
4.761078285708700605e+03
4.765112688971586977e+03
4.771232449940564948e+03
4.792386363997844455e+03
4.800612246005792258e+03
4.811897385299592315e+03
4.804687207581959228e+03
4.813075951216100293e+03
4.828495811862270784e+03
4.827362874475858007e+03
4.844507200572269539e+03
4.827021560312686233e+03
4.835947156245058068e+03
4.848593639872672611e+03
4.858559262129733725e+03
4.862952033935071086e+03
4.868072405282420732e+03
4.866896400842404546e+03
4.866939293065171114e+03
4.884787760856700515e+03
4.903093300260938122e+03
4.914589755215419245e+03
4.898457510425831060e+03
4.917018294512092325e+03
4.921681529874429543e+03
4.925361636860902763e+03
4.932077591963623490e+03
4.940920886097933362e+03
4.955638683499565559e+03
4.951387941476004926e+03
4.968595220480975513e+03
4.971589839340061189e+03
4.962131735496402143e+03
4.981264436771152759e+03
4.997574107789257141e+03
5.011610860613321165e+03
5.010413028693820706e+03
5.016323485020770931e+03
5.019700441984450663e+03
5.015557500562187670e+03
5.038518542835903645e+03
5.035287717812286246e+03
5.043652102605061373e+03
5.047921882161702342e+03
5.045078283672839461e+03
5.048563290386689005e+03
5.072313473918075033e+03
5.074427473147789897e+03
5.080714899370993408e+03
5.080656955070739059e+03
5.116977039773987599e+03
5.117366962007548864e+03
5.109476136036756543e+03
5.120360481784811782e+03
5.142927303223045783e+03
5.144260116424417902e+03
5.135201648362485685e+03
5.138556644611648153e+03
5.151120251146709052e+03
5.143157822312869030e+03
5.166565053017262471e+03
5.160062610520719318e+03
5.177450928780790491e+03
5.181693728463891603e+03
5.196567489482182282e+03
5.178289160295444162e+03
5.204658774007438296e+03
5.201421984625250843e+03
5.198835541136627398e+03
5.233599541432451588e+03
5.240345487075110213e+03
5.255229047402003744e+03
5.253550798618165572e+03
5.256287544840215560e+03
5.258488180348806964e+03
5.262871488774043428e+03
5.272473398073858334e+03
5.275693533468162059e+03
5.295327866683489447e+03
5.294838866575096290e+03
5.295552146912954413e+03
5.320604534955185954e+03
5.321107080009091987e+03
5.318318025735898118e+03
5.343462471737884698e+03
5.346735936458121614e+03
5.354939310436701817e+03
5.359540200286486652e+03
5.378212881992243638e+03
5.359593699038913655e+03
5.383932062331225097e+03
5.385218937686438039e+03
5.389355499500921724e+03
5.398204866104045323e+03
5.432514193492617778e+03
5.426408519315692502e+03
5.429523930553962600e+03
5.439794548551835760e+03
5.448242994262762295e+03
5.460624744804678812e+03
5.449092103004094497e+03
5.460057894388859495e+03
5.496399807254233565e+03
5.482263589435611721e+03
5.484502750465873760e+03
5.499564236428126605e+03
5.501231564029257243e+03
5.517125042193981244e+03
5.528258415341344516e+03
5.511496748512046906e+03
5.526525862604064059e+03
5.535294075768882067e+03
5.540787025867945886e+03
5.550454850686956888e+03
5.554549194162063941e+03
5.571494745110174335e+03
5.590931039586841507e+03
5.581694958666803359e+03
5.603246421147619003e+03
5.603480879909905525e+03
5.621255975722856419e+03
5.637280820315521851e+03
5.633154681735886697e+03
5.615776604692648107e+03
5.662343663217362518e+03
5.651855279998878359e+03
5.677145488906558057e+03
5.654084504851103702e+03
5.685472065286894576e+03
5.698254717098045148e+03
5.690017086555093556e+03
5.684977033591186228e+03
5.721109620747932240e+03
5.718547403545094312e+03
5.721239521816785782e+03
5.738122980187218673e+03
5.742186339704117927e+03
5.759354913740563461e+03
5.771105882576056501e+03
5.761707379219546965e+03
5.784876652218333220e+03
5.802402634257404316e+03
5.805020334775111223e+03
5.818474530880305792e+03
5.803605875293890676e+03
5.818979903894196468e+03
5.830767573792205440e+03
5.844836297308977919e+03
5.854764344352804983e+03
5.855989836896595079e+03
5.872632317128533941e+03
5.865845949603057306e+03
5.865704170405440891e+03
5.903692775194376736e+03
5.897272945570111006e+03
5.897073717157609281e+03
5.916185795818098995e+03
5.942277891165417714e+03
5.923758905996115573e+03
5.958976856012940516e+03
5.938321755526942979e+03
5.960645900236354464e+03
5.966754889205508334e+03
5.982277512120329447e+03
5.990553441845849193e+03
5.997694028387395520e+03
6.018982090675028303e+03
6.003471720736677526e+03
6.027101533950274643e+03
6.026979131871673417e+03
6.038123792213858906e+03
6.049154552253728070e+03
6.045882638321292688e+03
6.063974452486300834e+03
6.072785748015176068e+03
6.101952657759681642e+03
6.095908839145994534e+03
6.114703151353578505e+03
6.117867031150301955e+03
6.112651585360942590e+03
6.144173668136727429e+03
6.128932897876600691e+03
6.167189248817409862e+03
6.159951050759459577e+03
6.173003086060974965e+03
6.163814269261807567e+03
6.193014377912147211e+03
6.205602154525465266e+03
6.213584580462789745e+03
6.218235394493939566e+03
6.226671197636600482e+03
6.240584570004886700e+03
6.250417833551151489e+03
6.261512648117656681e+03
6.262395082759823708e+03
6.261917333626288382e+03
6.277264806393599429e+03
6.284685350931585162e+03
6.306623577162173206e+03
6.297893807026053764e+03
6.324789146034507212e+03
6.319899997245019222e+03
6.333394821284931822e+03
6.346328841181139069e+03
6.365523865347917308e+03
6.365795340847105763e+03
6.393544251689608245e+03
6.404378051285229958e+03
6.388388265829096781e+03
6.421615234156058250e+03
6.423849922672875437e+03
6.419887140780372647e+03
6.437735091764356184e+03
6.464925997011897380e+03
6.460136398502230804e+03
6.470871526683910815e+03
6.488544115039163444e+03
6.485922274009079956e+03
6.507836282369412402e+03
6.502794340559112243e+03
6.532304318088823493e+03
6.539117627934664597e+03
6.543675601880470822e+03
6.559402537788720110e+03
6.553665497818218682e+03
6.568036549535133418e+03
6.575644618681098109e+03
6.578907915727238105e+03
6.612157342935272027e+03
6.625663310299808472e+03
6.623339344566845284e+03
6.638730712342017796e+03
6.648493482806400607e+03
6.637628653766756543e+03
6.655681314285207918e+03
6.665441177962658003e+03
6.677427814671970737e+03
6.688659065459395606e+03
6.711673401597756310e+03
6.724563166072189233e+03
6.727047917911131663e+03
6.750527458367288091e+03
6.753344205089805655e+03
6.749817405009797767e+03
6.758804893027449907e+03
6.797427002720742166e+03
6.792801385328776632e+03
6.808998075481077649e+03
6.813025263433853070e+03
6.818457837726871730e+03
6.837035159525317795e+03
6.838440722326345167e+03
6.860606067288151280e+03
