8.225389185652912829e+02
8.520975861258870054e+02
8.402327878194732875e+02
8.531717289888978257e+02
8.500052738371812211e+02
8.354065474194876515e+02
8.549076258464359626e+02
8.331765959597187248e+02
8.461408890175907800e+02
8.547848143389046527e+02
8.350861115431205235e+02
8.307039749430718985e+02
8.215919518880100441e+02
8.468135277105189971e+02
8.478922692964664520e+02
8.540530063083006098e+02
8.454682479692733068e+02
8.469096841182442859e+02
8.391381282538537789e+02
8.317505926373537477e+02
8.339108077536791370e+02
8.422358078831973671e+02
8.391654563177838781e+02
8.389271113229037837e+02
8.366766948045116123e+02
8.334737768307389842e+02
8.516910747513484239e+02
8.538720641458382943e+02
8.271738086125083100e+02
8.359472771132786875e+02
8.570258182328225303e+02
8.570583285307393453e+02
8.454548036871445902e+02
8.501885066247087934e+02
8.314518609299293530e+02
8.341395900650995827e+02
8.322307438937663164e+02
8.417293675001366182e+02
8.462084331579029595e+02
8.565707010587927925e+02
8.542000862413178766e+02
8.366951052349924112e+02
8.393675853803242717e+02
8.262820453571686130e+02
8.585176588647046856e+02
8.482373268046319481e+02
8.404969611628206394e+02
8.646303636823708985e+02
8.547635136363755919e+02
8.388634387278673330e+02
8.527084511212763118e+02
8.513993884603139577e+02
8.385512822637584804e+02
8.426324426584094454e+02
8.339561444781128330e+02
8.443465580767359597e+02
8.390439208900074846e+02
8.562662138687086326e+02
8.407088127847960095e+02
8.563569174328619056e+02
8.364567957319318339e+02
8.510358420327080466e+02
8.451330601604928461e+02
8.446641810189551052e+02
8.492739899771662522e+02
8.532871614647757497e+02
8.518780947731268043e+02
8.552772373791741529e+02
8.465143568849042595e+02
8.548441790558493949e+02
8.521407362505707397e+02
8.393304784671133802e+02
8.574287451596823075e+02
8.452630534833592719e+02
8.468239843195301546e+02
8.495766787899466408e+02
8.367997388338999372e+02
8.522012680183952398e+02
8.492495850476859687e+02
8.501647650911345409e+02
8.468189709677020574e+02
8.571009300602554504e+02
8.497667419073873134e+02
8.665801766666877484e+02
8.421316764860566764e+02
8.670279138508093411e+02
8.415548309314293647e+02
8.728188875045475470e+02
8.365026697883088218e+02
8.478155194008775197e+02
8.434182442038754743e+02
8.456386575722885937e+02
8.650549907661526277e+02
8.520536897947069974e+02
8.457614308980312217e+02
8.544560704722880473e+02
8.358838935446865435e+02
8.444206939458553052e+02
8.382367144740853746e+02
8.363922530115829659e+02
8.525706452493519691e+02
8.556602046519990381e+02
8.353561578616840961e+02
8.557954861574251026e+02
8.585093981693479464e+02
8.611436435669525054e+02
8.523671284784865065e+02
8.576950931033061352e+02
8.477705197593245430e+02
8.513750222284080564e+02
8.493818840998181940e+02
8.544114820415038594e+02
8.487640026774201942e+02
8.384318372456713178e+02
8.565884768778927310e+02
8.394970481609790340e+02
8.547778020461597634e+02
8.382932067282372373e+02
8.724355882060945078e+02
8.606088761126715099e+02
8.530439035558474643e+02
8.533344899709734364e+02
8.456489731617987218e+02
8.462186809590958774e+02
8.633419726470417572e+02
8.592398027626564954e+02
8.633635321275851311e+02
8.665794669215135855e+02
8.621392851142406926e+02
8.458046999952866827e+02
8.563386108924502196e+02
8.491351147088607831e+02
8.639799904084682112e+02
8.688169754185585134e+02
8.698596708626049576e+02
8.679804455548483020e+02
8.562230069216672064e+02
8.478262736826419541e+02
8.504883643030537996e+02
8.502885130362814152e+02
8.693836159166637572e+02
8.506529862691010067e+02
8.763331199397385944e+02
8.673243652305493470e+02
8.534364059436717298e+02
8.638286272088843134e+02
8.243065237151240581e+02
8.599039621568006169e+02
8.474347915769850488e+02
8.545054286849613163e+02
8.611800402283685116e+02
8.647653373423778476e+02
8.528010614671609346e+02
8.691912965933443047e+02
8.618425170292933899e+02
8.479830524774775995e+02
8.589474493845525558e+02
8.660067830751389693e+02
8.786205592717694799e+02
8.444698397250265316e+02
8.507522610057176280e+02
8.705690052462051653e+02
8.573265784551599609e+02
8.533335008563904012e+02
8.662576894570286186e+02
8.508797016046444242e+02
8.577338993175486621e+02
8.656064581587128259e+02
8.627201005832092733e+02
8.591700417370744844e+02
8.590256395897176844e+02
8.543935383942650788e+02
8.651993145482325644e+02
8.639609720615162587e+02
8.341183085098319907e+02
8.667613905372026011e+02
8.611928950351899630e+02
8.587857573881392454e+02
8.728121971367593233e+02
8.641906507641036796e+02
8.624156563155084996e+02
8.591384144887998673e+02
8.605453716347632280e+02
8.593052660051862404e+02
8.633378514050630201e+02
8.669493099132200769e+02
8.526827174050096119e+02
8.600935794429035468e+02
8.562424771328178394e+02
8.560082666136227090e+02
8.732227659648688132e+02
8.706806035176854266e+02
8.413911489800768777e+02
8.636084894477213538e+02
8.653952773149479754e+02
8.580327516289146388e+02
8.486003388190874830e+02
8.658417450784919538e+02
8.582603848794531132e+02
8.702108311573839501e+02
8.607989623222425735e+02
8.650077184262732999e+02
8.663342133324296128e+02
8.552245170197771813e+02
8.555226930730621007e+02
8.764104311243190750e+02
8.743988826474957250e+02
8.542080679122573201e+02
8.534301830746887845e+02
8.572754390479091171e+02
8.667246933390482582e+02
8.489195661040857885e+02
8.507054680641078903e+02
8.537086329771610735e+02
8.677506166267892240e+02
8.728294516838350319e+02
8.614972462296437925e+02
8.798972718921106662e+02
8.703569779225676939e+02
8.735236955375667094e+02
8.486672961529687882e+02
8.751962686522588228e+02
8.577822946076937569e+02
8.479122434064148592e+02
8.691394569224553379e+02
8.599041580609227822e+02
8.692259069218648619e+02
8.665600378683258214e+02
8.632654637742213026e+02
8.744333540624012358e+02
8.701707441583259879e+02
8.760704557070237115e+02
8.602912733720310143e+02
8.590131161422934838e+02
8.614493777801009173e+02
8.843891157024970653e+02
8.544907652858630627e+02
8.793480772450939185e+02
8.601244983658814363e+02
8.659180535597264452e+02
8.569076530624668067e+02
8.673400893512899756e+02
8.591223379954911934e+02
8.717711951380543951e+02
8.562054906868592070e+02
8.666731658022251850e+02
8.642903490946429201e+02
8.697916794088089318e+02
8.826147326297102609e+02
8.760611124002596171e+02
8.572026781328788729e+02
8.717732438343656440e+02
8.701799943309307537e+02
8.667748975057127154e+02
8.615640372898134274e+02
8.634858141802783393e+02
8.773934219342975211e+02
8.634335359335789235e+02
8.762040620115816409e+02
8.573232238861478436e+02
8.766850548353988870e+02
8.819195266961942252e+02
8.637098590688767672e+02
8.851134550922840845e+02
8.812577893239235891e+02
8.698060394779623721e+02
8.523401961523313730e+02
8.571470121010559069e+02
8.634664602811205896e+02
8.802608944919240912e+02
8.681060116392633290e+02
8.765318349318135915e+02
8.728218818904812224e+02
8.821110059303989601e+02
8.704794691872843941e+02
8.639368416757737350e+02
8.837834276309478128e+02
8.679112075591029907e+02
8.774394432188752262e+02
8.642775423280354516e+02
8.701664447870432468e+02
8.598379032569944229e+02
8.721311840120125680e+02
8.751030887380709373e+02
8.724327189091716264e+02
8.639187718135548266e+02
8.955739298147935870e+02
8.640185330226834139e+02
8.646186765166988835e+02
8.734185627011843280e+02
8.717087476851339716e+02
8.720413174381791350e+02
8.783490735879368003e+02
8.764107101194721281e+02
8.780466073534439602e+02
8.785660698794174550e+02
8.718516671341275242e+02
8.697966043909168548e+02
8.807422475418655949e+02
8.834125773451245323e+02
8.533470452138536757e+02
8.635359744853450366e+02
8.773595754776171134e+02
8.640349742295605893e+02
8.665008994058225653e+02
8.772226565440415698e+02
8.739571578078451921e+02
8.754885836267482091e+02
8.707279241105919709e+02
8.879880810334855141e+02
8.915431743415952042e+02
8.744655032152720651e+02
8.817277808360840936e+02
8.647961796854724525e+02
8.649927742296044926e+02
8.763174121633896902e+02
8.848943638501526721e+02
8.881148949527376999e+02
8.853739857077796387e+02
8.803682465585967520e+02
8.819323732569679350e+02
8.800276729007372296e+02
8.764356537281248620e+02
8.836032982174633617e+02
8.843700203457091220e+02
8.564983374446358084e+02
8.725168250906313006e+02
8.790870802623514919e+02
8.716323316221247524e+02
8.839565541172746634e+02
8.604012773913904084e+02
8.762193600806763243e+02
8.786367205625583665e+02
8.790185263270624318e+02
8.903131482202527422e+02
8.704798837965929579e+02
8.751524381844800473e+02
8.755422593037487786e+02
8.849505740092824908e+02
8.764896316498549140e+02
8.650561942237127369e+02
8.789275294144889585e+02
8.789466553252973426e+02
8.924821830125619044e+02
8.796321166082424270e+02
8.706288890330323511e+02
8.870281363943972792e+02
8.842443645031338519e+02
8.611934130063723387e+02
8.863754748545891289e+02
8.822411197829970888e+02
8.745691588880836207e+02
8.658800488038244794e+02
8.699311864875769515e+02
8.704452570492742325e+02
8.906874584442759897e+02
8.745559664089164471e+02
8.923645811157068692e+02
8.757516582588943947e+02
8.703869917253390440e+02
8.718886534634046939e+02
8.790932259825306119e+02
8.940424230283823590e+02
8.859615982154393805e+02
8.804672978307096400e+02
8.921067791750206197e+02
8.936644242574036525e+02
8.931691115290175276e+02
8.929351197979449353e+02
8.805795610199904786e+02
8.771934082366408347e+02
8.892918412671748456e+02
8.813385410805603897e+02
8.902201285305968668e+02
8.828568064494415921e+02
8.720954262042941991e+02
8.783395017580143076e+02
8.796481845078002380e+02
8.842130254301740706e+02
9.048014859322694292e+02
8.836836866645058990e+02
8.855482132354097757e+02
8.813764807389134148e+02
8.866080135191945146e+02
8.791951394836263489e+02
8.723513871997741944e+02
8.850734430624929701e+02
8.736731560271297212e+02
8.844941938423460215e+02
8.830907108006476847e+02
8.881862440295612942e+02
8.949277122172013605e+02
8.904904992939486874e+02
8.713127133333526899e+02
8.768116031916147222e+02
8.797187799203272789e+02
8.880372897005630648e+02
8.983208889486249973e+02
8.980329035662180104e+02
8.731702704216547772e+02
8.925719194302022288e+02
8.862740969332883196e+02
8.905454603334582089e+02
8.897600866825031289e+02
8.842038608514747011e+02
8.805309330303831530e+02
8.772856769898685343e+02
8.962280140607042540e+02
8.859123709180116748e+02
8.748538779591119692e+02
8.893551390085827961e+02
8.831273417194505555e+02
8.899249811779411630e+02
8.878487363602910136e+02
8.977603311057557676e+02
8.832140621936771367e+02
8.827760965160067599e+02
8.787196215373147652e+02
8.814464138417177992e+02
8.711743687921289165e+02
8.941164054940886672e+02
8.785818042901910303e+02
9.061162033953997934e+02
9.029860936250823897e+02
8.713337184476143875e+02
8.918892291491425794e+02
8.752390580540593419e+02
8.767284084753986235e+02
9.051958857946543731e+02
8.947511967821907319e+02
8.821950609491736941e+02
8.828025613558123723e+02
8.928787065392925797e+02
9.033000008942333352e+02
8.940981602945220175e+02
8.867761137890195187e+02
8.855150951080751156e+02
8.981414539658917420e+02
9.124850961010336050e+02
8.821573109019225285e+02
8.876080596218863548e+02
8.850257454844334006e+02
8.871226055619760018e+02
8.916382574792803553e+02
8.894659025803297254e+02
8.840357662756943000e+02
8.895510077327799081e+02
8.960105263938312419e+02
9.203395806746909784e+02
8.879006929488629112e+02
8.942710663656722545e+02
8.920985994301767050e+02
8.936855850472628617e+02
8.824858044426910055e+02
8.902324354417723953e+02
8.857699177631726570e+02
9.027694409998982792e+02
8.850346970057657927e+02
9.075389469431333964e+02
8.943724314691741029e+02
8.922792966771545480e+02
8.919450351907993308e+02
8.861774005175323055e+02
8.859964882819974719e+02
8.995780317264197947e+02
9.034677157841700819e+02
8.908656858453888390e+02
8.897498485143231619e+02
8.942212252459978572e+02
8.943915641094174589e+02
8.939158523480242593e+02
9.077455431545255351e+02
8.930240726785500556e+02
8.851364553090655818e+02
9.072869935553476353e+02
8.946282511524142365e+02
8.932568284542911670e+02
8.783335560813387701e+02
8.858730019511245928e+02
8.969879574067277872e+02
8.903384501488229716e+02
8.765922401904265371e+02
8.884067955240969923e+02
8.846133632472298132e+02
8.955494424103083020e+02
8.967034778845497840e+02
8.870963444376515099e+02
8.866250265588042794e+02
9.059005928694058412e+02
9.169265205653060775e+02
8.941247932960886828e+02
9.041257287741168511e+02
9.079439135821080527e+02
8.944440020504624727e+02
8.965916318336726363e+02
8.911873023100462206e+02
8.901551477330780244e+02
8.851717401862364341e+02
8.944086052021719979e+02
8.935490237764165613e+02
8.973531521467596122e+02
8.990937135867236520e+02
9.248633407405686739e+02
8.993352930747905702e+02
9.122632795172975193e+02
8.845026445862604305e+02
9.113496738833318886e+02
8.920287356347945433e+02
9.040695989639704067e+02
8.877992567574156055e+02
8.883790627158564348e+02
9.022107695445860145e+02
9.126895631182143234e+02
9.204611041128412126e+02
8.990318332091618458e+02
9.068043641246889592e+02
8.928322616980785824e+02
9.021701605738497847e+02
9.009144072538820183e+02
9.138494855178606713e+02
9.033148953484595722e+02
8.938768671179213925e+02
9.096652255206014388e+02
9.019459385492016281e+02
9.028983569951639083e+02
9.117149053240234480e+02
8.993805914441350069e+02
8.925254008009374047e+02
9.008924755870008312e+02
9.151935462866330226e+02
9.037325999991795697e+02
9.101731793794185705e+02
8.946633282095756385e+02
9.014187798109061305e+02
8.934132655694231744e+02
8.738118474394881332e+02
9.133760251222695388e+02
8.947857901149071722e+02
8.921812388513329779e+02
9.071650308053471008e+02
9.105894155089506512e+02
9.080240911427043784e+02
9.140581777306163076e+02
9.062474574808919670e+02
9.024642115022550115e+02
8.893478508550402921e+02
9.061715626113926874e+02
8.950053056720087170e+02
9.013073671267804912e+02
8.854310130159429946e+02
9.054703420251994430e+02
8.996203478593898808e+02
9.042842788735090380e+02
9.074872344991513273e+02
9.011244089153774439e+02
9.103537345098536662e+02
8.993390213800772699e+02
9.085429144955347738e+02
9.083904215353658174e+02
9.099322798696738346e+02
9.150462046562660134e+02
9.139457678226638109e+02
8.990843854552597350e+02
9.086427220184234557e+02
9.098524046242694112e+02
8.962775510136450521e+02
9.011410939315568385e+02
9.084049064166541712e+02
8.958528033202713914e+02
9.018417661471279416e+02
8.987614472091115658e+02
9.074612709661112149e+02
8.979974167826647999e+02
9.061703021606940638e+02
9.170853246563888206e+02
9.096371967304781947e+02
9.199939263397616287e+02
9.070414379383826144e+02
9.040187231624806827e+02
9.157875708692760099e+02
9.027219352527089313e+02
9.142632983469575265e+02
9.099088028007656703e+02
9.071647565089676846e+02
9.230082020138785310e+02
9.018081782906702983e+02
9.141611989088123664e+02
9.100516066411844349e+02
9.078950157008808901e+02
9.081737911119445243e+02
9.205278414549458148e+02
9.008097309929338508e+02
9.013056293139536592e+02
9.036501024155296591e+02
9.120170112329594758e+02
9.292994117555560933e+02
9.206000913294573138e+02
9.170754318373593605e+02
9.075503843065989713e+02
9.025131761490730469e+02
8.996628073015365317e+02
9.191960187466420393e+02
9.211935638134108331e+02
8.957721669532943451e+02
9.154998800594443082e+02
9.019836029551204319e+02
9.063663882788727051e+02
9.106867679997866389e+02
9.144847847471696696e+02
9.170197038168000745e+02
9.170760490616676179e+02
9.088768758346684535e+02
9.168712415155512190e+02
9.016920369781663567e+02
9.265234915049431947e+02
9.161243313791318315e+02
9.019823874658383147e+02
9.169462821203742351e+02
9.077938310578534811e+02
9.180363496635812908e+02
9.046782759973111752e+02
9.186323266003940944e+02
9.230551803216803819e+02
9.113684137816073871e+02
9.013044542373785362e+02
9.329686091055446013e+02
9.061558315741832530e+02
9.130885908374799556e+02
9.233919926017089210e+02
9.138954269274902344e+02
9.123970710441195706e+02
9.087348150702881640e+02
9.113496962561063128e+02
9.175463289832094915e+02
9.130748831504425880e+02
9.101033525230660644e+02
9.073720663307060477e+02
9.043024854247789790e+02
9.138284080714763604e+02
9.171314786149689553e+02
9.092922381390061446e+02
9.135994431326640779e+02
9.078674090225925966e+02
9.115238633996083308e+02
9.212229645237147224e+02
9.064124626915433964e+02
9.227905669336298615e+02
9.090532700987312182e+02
9.287326264230795232e+02
9.083077745597732928e+02
8.963591079801350361e+02
9.124782337448480121e+02
9.325105559749862323e+02
9.171100070766717636e+02
9.382156562453674269e+02
9.171646980878851991e+02
9.274972850423571344e+02
9.227207577220750636e+02
8.960922513914056253e+02
9.074944953986522478e+02
9.188696570698556343e+02
9.249169075333874162e+02
9.235487809345768255e+02
9.196950255048795952e+02
9.195338574604755877e+02
9.119937583155891616e+02
9.199921039961795941e+02
9.173640306701879581e+02
9.181070236566225731e+02
9.087786010881698076e+02
9.266255643992999467e+02
9.226263605585726282e+02
9.194310415219282504e+02
9.156096670633953636e+02
9.249693144741779633e+02
9.291373542476541161e+02
9.183422645342457145e+02
9.091631644836697888e+02
9.171777616960255273e+02
9.081804559699794481e+02
9.108143813745563193e+02
9.099910307592290337e+02
9.113765084794993072e+02
9.268884584996130798e+02
9.171322226244566309e+02
9.212902744018329031e+02
9.043872031001268397e+02
9.253142076909257412e+02
9.275939339566403987e+02
9.196104109514949414e+02
9.169109690575169225e+02
9.248250788369871316e+02
9.179811570520049600e+02
9.190704705892783295e+02
9.284985182327233133e+02
9.081865939852019665e+02
9.237153958756426846e+02
9.128886570629576909e+02
9.097425396716186015e+02
9.230983478518744505e+02
9.190563401714068732e+02
9.210102020197514321e+02
9.166980601722975734e+02
9.229581789602098070e+02
9.218275633612018964e+02
9.156210514284257442e+02
9.101394246817908424e+02
9.374853959099725671e+02
9.148807527318733719e+02
9.139148254411885546e+02
9.162031227762431627e+02
9.274260850466637294e+02
9.257489428623828189e+02
9.396715423252730943e+02
9.160030749639153100e+02
9.175788940951463246e+02
9.278605549105300270e+02
9.213928214172266280e+02
9.218323314491301517e+02
9.152306104371920128e+02
9.163319704232179674e+02
9.135870778295469563e+02
9.278150748449475032e+02
9.297015406839985872e+02
9.209180482253103719e+02
9.239914304147940811e+02
9.305537979784974141e+02
9.253482233760037161e+02
9.180811032986798637e+02
9.158687755815262790e+02
9.208070969349257666e+02
9.250362000635265076e+02
9.321604898788191349e+02
9.154097545420811457e+02
9.307101998710503494e+02
9.315416007649265566e+02
9.065826752919681439e+02
9.324161622550988113e+02
9.196676147735812492e+02
9.273833942810447297e+02
9.426466609425212937e+02
9.087099184974254058e+02
9.290863968650938887e+02
9.242878293014857718e+02
9.294792763794539496e+02
9.376149777248273267e+02
9.189211106173642065e+02
9.315517110134471750e+02
9.291581445604268765e+02
9.291254983171661479e+02
9.136692495779482215e+02
9.317157705515610360e+02
9.094055350013497900e+02
9.389862039155696039e+02
9.141319300394767424e+02
9.265745789035880762e+02
9.261377737508189512e+02
9.380395723727998529e+02
9.104385488716987993e+02
9.228547963652865747e+02
9.279547294889754312e+02
9.407256026263272588e+02
9.302680381668264999e+02
9.352015148206547792e+02
9.154373799765064632e+02
9.134181611018520925e+02
9.332714651529209959e+02
9.165991805234582444e+02
9.180200416289737859e+02
9.390359710510024343e+02
9.131654402041898493e+02
9.267005566153852669e+02
9.091384337819105212e+02
9.231854783125445465e+02
9.389129866658894343e+02
9.198204764470672217e+02
9.289301043716767481e+02
9.294974547928399033e+02
9.280723598159223684e+02
9.346929457044099081e+02
9.419614824943073472e+02
9.358526940388964022e+02
9.352617135854345634e+02
9.258168369217465852e+02
9.415652121686611054e+02
9.320061897000817908e+02
9.337103519278932708e+02
9.361920318021542471e+02
9.409638342701470037e+02
9.219030128583485748e+02
9.268330304625249028e+02
9.271720333488406141e+02
9.299724627195851099e+02
9.438013133029022583e+02
9.218756935581164953e+02
9.293636829194483653e+02
9.245697206316983738e+02
9.126687179554941167e+02
9.375259593155641369e+02
9.306210624805490852e+02
9.157471886999472872e+02
9.474618659561546110e+02
9.329948365847203604e+02
9.303930574152502686e+02
9.305216377339539804e+02
9.221390064617971802e+02
9.271992175069559607e+02
9.275195865322662030e+02
9.451340585944474242e+02
9.479869166653925276e+02
9.303994446916193510e+02
9.311245600598615511e+02
9.320577871072229073e+02
9.282751892843681389e+02
9.369185817845667543e+02
9.263215490563354706e+02
9.332472956981316656e+02
9.434247168867071878e+02
9.266646625995322211e+02
9.436255072506404531e+02
9.397546846478714997e+02
9.398060623748201579e+02
9.365322776085916985e+02
9.393347651439135007e+02
9.252833297353221269e+02
9.235885717561739057e+02
9.453404946850598662e+02
9.299381320536481326e+02
9.363814975097811839e+02
9.337137422375926690e+02
9.328812600077899333e+02
9.226432007395148958e+02
9.260220524333719823e+02
9.478938922143843229e+02
9.501494431759840609e+02
9.320155494308297648e+02
9.446030464421912711e+02
9.352561083856828645e+02
9.408526424578049046e+02
9.451304088224823090e+02
9.346394033074797107e+02
9.252259364453601620e+02
9.330079312736376096e+02
9.486511368877899031e+02
9.394642602447087256e+02
9.223398028274264107e+02
9.356869402810216343e+02
9.295140439192311987e+02
9.385388068431835791e+02
9.437275617402418675e+02
9.379874028385698921e+02
9.422909645719744276e+02
9.494310708280952440e+02
9.355450206724080999e+02
9.331541211365876052e+02
9.354987653026331600e+02
9.287711520503455631e+02
9.352516845611743292e+02
9.469061458044537858e+02
9.531045037874590662e+02
9.292199907923006776e+02
9.431475019298969755e+02
9.277390893334185193e+02
9.396385977318493588e+02
9.322287205417009091e+02
9.286861249255364328e+02
9.479216092950139227e+02
9.441627028202483416e+02
9.446888960982234948e+02
9.254624805429132266e+02
9.221964149757355926e+02
9.491023125234421514e+02
9.276471546003998583e+02
9.504078270872880694e+02
9.333455686258687365e+02
9.553042116222219420e+02
9.377775239122712492e+02
9.454299987041149507e+02
9.509296154488298498e+02
9.427853894126470777e+02
9.477628891520640764e+02
9.245573499558315689e+02
9.442785719131583164e+02
9.508777047223567251e+02
9.458967233534805246e+02
9.437541387707740341e+02
9.499998596796212951e+02
9.350702829216124883e+02
9.455270288650913244e+02
9.250104238117323803e+02
9.360870444260681325e+02
9.301653347434858006e+02
9.546618828241815891e+02
9.404727046456991957e+02
9.408313705891214340e+02
9.333649832358470348e+02
9.210698835600253460e+02
9.333598346082144417e+02
9.537566049999562665e+02
9.356560482527347631e+02
9.408197935114889106e+02
9.424710601066693698e+02
9.356128667621500199e+02
9.426059522741221599e+02
9.419774780469508642e+02
9.445020890274283829e+02
9.430627105470998686e+02
9.397315928492846524e+02
9.434129795840345878e+02
9.537995982378121198e+02
9.521375863280221665e+02
9.380015676181953950e+02
9.494536596558878045e+02
9.387815425756579089e+02
9.489726791883304031e+02
9.449580910608551676e+02
9.477668303142894501e+02
9.544757678262764102e+02
9.538185854648378381e+02
9.461781638714205656e+02
9.584466488867180942e+02
9.425064566589305741e+02
9.490371765348702411e+02
9.432411736888103633e+02
9.455021113277679206e+02
9.407261602544365360e+02
9.516598113802331227e+02
9.320813663124517916e+02
9.433293137308169207e+02
9.383264429703435781e+02
9.573443504348892930e+02
9.535371401016000164e+02
9.495643293450740430e+02
9.512309476820863665e+02
9.483212116572257173e+02
9.574253073884610785e+02
9.466686099341918634e+02
9.560714891578803645e+02
9.469570914532589541e+02
9.503184327291789941e+02
9.335146785520578305e+02
9.553490993378018175e+02
9.506090560001762242e+02
9.466865001547778320e+02
9.499369717228299805e+02
9.593746880746367651e+02
9.433985600396356404e+02
9.514262886388645484e+02
9.615199195035896764e+02
9.408829411026811158e+02
9.497310157979579799e+02
9.618081130022209209e+02
9.525227593883099644e+02
9.482025303527166216e+02
9.407952144787758471e+02
9.590656925249397773e+02
9.447399732561891597e+02
9.664584068417586877e+02
9.488538463468571535e+02
9.608597128166702532e+02
9.605970089385408528e+02
9.564869593997378843e+02
9.595869260469077062e+02
9.607246085857401567e+02
9.681070782198501092e+02
9.379416511755684951e+02
9.295545796008656225e+02
9.624069958249903038e+02
9.590422848955222435e+02
9.517397955463702601e+02
9.686998241760932160e+02
9.487708351990145275e+02
9.627204259892613436e+02
9.634332927777397799e+02
9.682147063084212277e+02
9.609528862363426924e+02
9.573705862631327363e+02
9.409195362470165946e+02
9.762492297022075718e+02
9.560871323485431503e+02
9.547155143099205361e+02
9.446458662501385106e+02
9.455289928667181130e+02
9.372682721978671907e+02
9.455618446889887991e+02
9.661904727447266623e+02
9.413580328341402037e+02
9.446286709482052402e+02
9.359148840020978923e+02
9.534385857042134376e+02
9.501754890480340237e+02
9.568032115230371346e+02
9.644935943854497964e+02
9.648626960856126971e+02
9.489194278994564229e+02
9.398505449988977034e+02
9.522330144449471163e+02
9.604543363287734792e+02
9.544224474403856675e+02
9.297479935877232720e+02
9.668561803579140133e+02
9.535343282860105774e+02
9.559922558209091221e+02
9.494387734084796193e+02
9.485452938170753896e+02
9.681940289758975950e+02
9.501522950883284011e+02
9.738126995992456614e+02
9.767110211299178673e+02
9.526213532573668772e+02
9.435815570544373259e+02
9.568643523551412500e+02
9.418554266557625851e+02
9.552519638571690166e+02
9.643451178914849606e+02
9.622027897605078124e+02
9.418835120599626407e+02
9.629251495228387512e+02
9.542390728602697436e+02
9.510111545293378867e+02
9.476596083306535547e+02
9.663615659190627412e+02
9.476187455026777116e+02
9.521702497599657136e+02
9.494266559334207614e+02
9.680427504367862639e+02
9.605694098409303479e+02
9.616839810493916048e+02
9.561298490718359062e+02
9.686384996023195981e+02
9.552431316929445302e+02
9.529298581845858962e+02
9.519282783754545108e+02
9.588245908416481598e+02
9.657152824569499217e+02
9.647757831200831333e+02
9.677458413516641258e+02
9.480232020453377118e+02
9.613504735870310469e+02
9.673282640294174826e+02
9.589740848959422692e+02
9.525901947866547061e+02
9.568065747854496976e+02
9.575900547328302537e+02
9.537132241576717888e+02
9.780093707243931931e+02
9.556818481242145253e+02
9.707566848849633061e+02
9.490553974022687953e+02
9.635125430504193673e+02
9.576555634446029899e+02
9.631911226501010788e+02
9.512066450189711304e+02
9.755223813884003903e+02
9.598067548292985975e+02
9.689958018547303027e+02
9.664712106611065110e+02
9.654268169772316242e+02
9.557001103101915760e+02
9.637933812394506958e+02
9.659392918907625472e+02
9.535564749742319464e+02
9.502230641207881945e+02
9.654478272016676783e+02
9.527941881617066429e+02
9.623265620869278791e+02
9.433920594620581141e+02
9.786505409437371554e+02
9.690034622967506266e+02
9.516682445476719749e+02
9.677193921338043765e+02
9.754166411805764483e+02
9.477544590909282078e+02
9.740041114473681318e+02
9.578817481891063608e+02
9.654472147776242537e+02
9.596984622562088134e+02
9.525130033397273337e+02
9.794502751573527348e+02
9.600820258620763070e+02
9.657496707841436319e+02
9.744245617178283965e+02
9.698133039493765182e+02
9.459036032006624737e+02
9.706026711860782825e+02
9.789712765581663234e+02
9.828209604115763796e+02
9.604284864994422151e+02
9.816690778483539361e+02
9.515062191361356554e+02
9.768753436007848450e+02
9.592575058817595846e+02
9.685993308568334896e+02
9.685132583853353481e+02
9.757065916643894070e+02
9.596472242705855251e+02
9.772015903423006193e+02
9.637406474543358854e+02
9.791063611205534016e+02
9.521094210622934497e+02
9.626067388357732852e+02
9.710489835184222329e+02
9.543569777227277200e+02
9.626461634733082064e+02
9.640794964958525952e+02
9.516893564465294730e+02
9.543947880699153075e+02
9.698368951114014180e+02
9.640514526848625110e+02
9.576734594697383045e+02
9.725554966438468227e+02
9.701344717197034697e+02
9.651868650043115849e+02
9.708025497566177364e+02
9.580571850394236435e+02
9.771242632931613343e+02
9.628149580817640754e+02
9.650762921337767466e+02
9.762060648358858543e+02
9.770063006262586214e+02
9.672245078398127589e+02
9.724572635758346451e+02
9.734272831702254507e+02
9.823634056361253215e+02
9.668946288149300017e+02
9.653494161653781021e+02
9.678748042616160774e+02
9.679528814418321190e+02
9.759799282127953575e+02
9.855358010229803085e+02
9.700312324847328682e+02
9.743658971686485302e+02
9.562413410603033981e+02
9.574296035602682196e+02
9.826084660787644225e+02
9.571817657464933973e+02
9.669485771386798660e+02
9.695755259389288767e+02
9.605061422481189766e+02
9.576440930420890254e+02
9.673321544004464840e+02
9.865608249897611586e+02
9.629316345921173479e+02
9.725178058306852336e+02
9.622195373615644485e+02
9.627784215744979974e+02
9.656439970186709161e+02
9.729321369427007085e+02
9.597489621486904525e+02
9.712902499311171596e+02
9.760708112372894902e+02
9.777800048837095801e+02
9.742104569659361459e+02
9.614478911548626456e+02
9.689965604189156920e+02
9.655404869517917632e+02
9.788184785848776528e+02
9.796788793746824240e+02
9.904891622392055979e+02
9.811242638038626183e+02
9.743604188439680911e+02
9.785728616733267700e+02
9.781114302718328872e+02
9.713629286187125444e+02
9.764666471958737475e+02
9.662742639608163699e+02
9.892594806472066011e+02
9.717504343268201410e+02
9.716819031159584483e+02
9.875266667845201027e+02
9.656082922856211326e+02
9.677192955540164121e+02
9.791900288118431490e+02
9.747185963579422605e+02
9.715767839629854734e+02
9.756765762412334198e+02
9.809914019727056029e+02
9.808348069504401110e+02
9.715024295858784171e+02
9.576132862294948609e+02
9.710091613666791091e+02
9.770801756043033492e+02
9.796986029185400184e+02
9.767041046504657515e+02
9.620620989816590054e+02
9.698369128863334936e+02
9.699909908669983452e+02
9.550379802156085134e+02
9.650404560166660985e+02
9.897916109136149316e+02
9.885224819040143984e+02
9.834084382004027702e+02
9.655774241542580967e+02
9.761122383334873120e+02
9.725147627281930909e+02
9.706186717236365666e+02
9.811809502283831534e+02
9.798736627912661561e+02
9.603218230515700498e+02
9.696946291996326863e+02
9.838016710850274649e+02
9.730476086324044900e+02
9.689368736692586026e+02
9.767943221604369910e+02
9.719572410216620710e+02
9.729543176594468150e+02
9.810172245473391968e+02
9.683039502641051968e+02
9.865758619387186172e+02
9.815389936067912231e+02
9.910700158463674825e+02
9.814798044969988950e+02
9.689868902978371352e+02
9.606173083100413805e+02
9.594020688288582051e+02
9.664197266607832262e+02
9.748902532327371091e+02
9.839215170830644865e+02
9.844846313189159446e+02
9.723468693297337495e+02
9.774652183113666979e+02
9.770214090005500793e+02
9.691685141715336158e+02
9.745275240355601909e+02
1.006352745614415198e+03
9.942539791112891407e+02
9.786352288938010133e+02
9.867900640090143725e+02
9.976678206146506227e+02
9.781176189669808991e+02
9.802715613822538216e+02
9.739389489841586283e+02
9.810862827176950987e+02
9.609499854548425901e+02
9.762251172154094547e+02
9.890645266655686783e+02
9.770381118610977182e+02
9.743299447164808953e+02
9.812212369140778492e+02
9.719800627966408229e+02
9.821646023536337680e+02
9.834847448720375951e+02
9.848829013237449317e+02
9.720578913391366314e+02
9.916472236425047413e+02
9.906147195724561243e+02
9.828597616930101140e+02
9.793003115019050711e+02
9.996224042299849089e+02
9.837650037363006277e+02
9.788899540578341885e+02
9.814871913930383016e+02
9.812462533225508423e+02
9.738218527651619070e+02
9.968123590084776424e+02
9.835316528375780081e+02
9.801314088633318988e+02
9.927095840219377578e+02
9.914710729389876178e+02
9.722276902369251275e+02
9.779290612115254362e+02
9.808907379719645405e+02
9.745520120141436564e+02
9.976314270072059571e+02
9.912191820708637806e+02
9.822277341318289245e+02
9.969798688346763811e+02
9.942690514374237409e+02
9.926829991671172593e+02
9.715418062354508493e+02
9.914618357370898138e+02
9.871258618364233826e+02
9.887697179887602488e+02
9.902255746887522037e+02
9.948829817957372370e+02
1.000014049491599280e+03
9.767307685274814730e+02
9.871169344985704583e+02
9.762546118640291297e+02
9.998567792345684211e+02
9.747792421260062383e+02
9.884778493010849161e+02
9.850452735314725032e+02
9.854715111111595434e+02
9.815491041413685025e+02
9.694689015407521993e+02
9.842940851163258458e+02
9.598675527455376368e+02
9.885817110684427007e+02
9.884436522935521907e+02
9.836797058277503538e+02
9.813206479527852935e+02
9.984343386388010231e+02
1.003802712905350290e+03
9.923621533263037691e+02
9.881177315707146818e+02
9.717314789120480327e+02
9.854540969290998191e+02
9.788424472290364520e+02
9.756515503911444966e+02
9.745912664765348836e+02
9.860773215763661028e+02
9.764557419040698960e+02
9.869120100364216341e+02
9.994613282896800683e+02
9.774524730875357363e+02
9.853429217172499648e+02
1.001010172266462519e+03
1.003069071909900572e+03
9.994567015141553838e+02
9.760559673853002778e+02
1.000905752598397385e+03
9.796205458609939569e+02
9.903789198316005695e+02
9.779950997920252576e+02
9.789651720124950316e+02
9.883046603655222953e+02
9.751649516943203935e+02
9.810836665051624550e+02
9.794048337329829792e+02
9.906462940356714171e+02
9.864408558960125220e+02
1.003887172774509622e+03
9.877095486129546771e+02
9.769899447556374525e+02
1.001644156530651117e+03
9.784421179142611891e+02
1.000459428808001576e+03
9.977168209441783802e+02
9.815253427196265648e+02
9.953000563626878829e+02
9.879521533142923317e+02
9.839374330407465550e+02
1.001560059390026822e+03
9.870433862573437409e+02
1.002059208914723513e+03
9.975500750900469029e+02
9.849454621118169371e+02
1.007808245954726090e+03
9.860129027881260981e+02
9.843245046546260255e+02
9.974692886445454860e+02
9.929847200968929428e+02
9.770782362653327482e+02
1.011101149346802231e+03
1.003447334040418127e+03
9.841878997363617145e+02
9.898409026428502102e+02
9.874945814564167677e+02
1.006011907307160982e+03
9.887243486894853959e+02
1.002047298158218609e+03
1.008227444298037426e+03
1.009031217196491184e+03
9.942307747494811565e+02
9.811585207287324693e+02
9.833704638645140221e+02
9.961136495076100346e+02
9.943892156693644893e+02
9.928062085754174859e+02
9.995191277132115601e+02
9.914834300366079560e+02
1.006422061008923038e+03
9.955531883276254348e+02
1.015342143598894495e+03
1.005879081026637891e+03
9.896757082944981221e+02
9.976794843844218121e+02
9.968410780474025614e+02
9.804913048382261422e+02
9.938048454425244245e+02
9.958940297274490376e+02
9.785419665504076647e+02
9.932291455914902372e+02
9.882944010969905548e+02
9.905769898612786619e+02
9.969511903739748959e+02
9.866573072598804401e+02
9.966031855268663548e+02
9.980733189866265320e+02
1.008838278912582382e+03
9.958502673821775488e+02
9.942868566174224725e+02
1.015162611479887346e+03
9.986515158961584575e+02
9.798734742811881233e+02
9.980071566776113059e+02
1.000263345241910656e+03
9.995609645376256367e+02
9.778724644730208411e+02
9.831856434152820157e+02
1.013327725609842787e+03
1.011374539350059308e+03
1.006651562899917963e+03
9.933163348606524323e+02
9.843552011204902783e+02
9.959854578405528400e+02
1.005073218480281753e+03
9.923150023534745969e+02
1.001286555390303533e+03
9.897577839389832661e+02
9.939164814158029913e+02
1.001265193129320551e+03
1.010917913166181620e+03
9.931538660072883431e+02
9.967280038145007666e+02
9.885945862822428580e+02
9.994911064695447749e+02
1.004828391825729682e+03
9.993987721702468434e+02
1.009196218881026539e+03
9.874559611949558757e+02
1.006777185288077590e+03
9.883124261590514834e+02
9.957795601814044630e+02
9.989845255012794496e+02
9.944338431363485142e+02
1.007223253119127435e+03
1.003765598541404870e+03
9.986209233416899451e+02
9.987459308476509250e+02
9.840363374876827720e+02
1.012778137864017367e+03
9.958646312932728506e+02
1.003071015576235254e+03
1.008154286521206700e+03
1.004406900529807899e+03
1.007916110501652042e+03
9.893071401290394533e+02
1.001324137627269806e+03
1.004807406988686012e+03
1.001946136795051189e+03
9.994257449269254039e+02
1.001635048107196098e+03
1.000346894137758341e+03
9.884442825477393626e+02
1.006688747335724770e+03
1.003533918322249292e+03
1.021465847510284448e+03
9.967010773565073123e+02
9.869224723807382134e+02
1.015164792797927817e+03
9.826097935311169067e+02
1.010897815542328544e+03
1.018921725448796906e+03
9.967506260574517682e+02
1.000013683346450762e+03
1.011827008045117054e+03
1.003336138442107767e+03
9.860343966667946916e+02
9.906831861683867828e+02
1.016859989111222262e+03
9.998403115409435031e+02
9.924460104831518947e+02
1.001110490996311228e+03
1.004354681730903508e+03
9.921643903793608388e+02
9.981339398937609531e+02
1.009641879251240994e+03
1.008581462514940199e+03
1.010941965264912142e+03
1.005429667104226837e+03
9.933361947639883738e+02
9.926859051124156395e+02
1.002713749611313574e+03
1.007322921644819417e+03
1.006623987748518175e+03
1.008067178618902290e+03
1.009404172720255929e+03
1.011661945478592656e+03
1.002838359845771492e+03
1.007342222118120731e+03
1.001802779565803689e+03
1.020301724051090446e+03
1.007184931088812391e+03
9.969858796315760401e+02
1.007001593562022890e+03
1.008456485422588798e+03
1.016234042959090516e+03
9.937977738322209689e+02
1.020486161914505260e+03
1.010125306013943714e+03
1.010157008778272711e+03
1.000733573257406533e+03
1.013977830683886737e+03
1.014569311750081056e+03
1.007297674259752171e+03
9.855148697552499470e+02
1.008789280291027239e+03
9.994055167091258909e+02
1.007362698963636490e+03
1.003271322970541746e+03
9.987749895306044436e+02
1.018046022047050997e+03
1.021799583427571406e+03
1.010249429803466342e+03
1.009490892214792893e+03
1.015458788018460609e+03
1.003142155126149646e+03
1.009765092137348347e+03
1.006268041137881710e+03
1.002135082301944635e+03
1.018798538819230544e+03
1.006411601837559488e+03
1.024302189794709648e+03
1.008519339019906397e+03
1.006164362125749790e+03
1.010335310767814917e+03
1.007878517256091641e+03
1.004809027151629834e+03
1.000465602624221447e+03
1.019258468485412322e+03
1.013685450643483478e+03
1.011834349909081425e+03
9.980839198153435063e+02
1.006937253829964106e+03
9.967676806687063618e+02
1.011903663871254480e+03
1.016509338007943256e+03
1.002274147530486403e+03
1.013306506666184191e+03
9.953727078384981724e+02
1.005530373407986531e+03
1.017434831334667024e+03
1.017431213486731508e+03
1.014160759629435574e+03
1.017440266954517256e+03
1.013751662211928760e+03
1.005636159776145064e+03
1.024976561507145561e+03
1.008027114523864157e+03
1.006393243383060280e+03
1.012058496175251435e+03
9.973429786731231843e+02
1.018662280060805074e+03
1.011328663457859420e+03
1.024603525376186099e+03
1.019547292097243144e+03
1.001133094978446593e+03
1.020201479996425519e+03
1.013010875899623329e+03
1.009141254694240388e+03
1.001335586004185529e+03
1.006319667609650423e+03
1.014851933201464135e+03
1.013586156143026983e+03
1.015906150079290455e+03
1.004940333987494341e+03
1.008111546768450808e+03
1.000062645120806792e+03
1.006806206146995805e+03
1.005620249891344770e+03
1.025443169057204159e+03
1.013047997201208545e+03
1.000665129398758381e+03
1.022540919250367438e+03
1.017880990809420496e+03
9.940318549386478253e+02
1.015490514729721099e+03
1.009194359667918093e+03
1.013906456250414521e+03
1.016625934871150662e+03
1.010187787353216208e+03
1.001805956798308443e+03
1.024516646445104470e+03
1.007567900154008385e+03
1.005789224810250289e+03
1.025519958842656706e+03
1.023064274669049382e+03
1.026399100080698418e+03
1.003444192295353105e+03
1.002941598842939470e+03
1.016680553830521944e+03
1.018495054893481438e+03
1.010639437761960835e+03
1.012615160699652051e+03
9.915662187691062854e+02
1.026985984840409174e+03
1.007752336927154943e+03
1.022816506046893096e+03
1.009667813854910378e+03
1.010750172201839973e+03
1.010930023458459800e+03
1.025791779937785122e+03
1.019760341400476022e+03
1.015140605092105943e+03
1.016162870935051046e+03
1.016209663375062519e+03
1.023375694611131962e+03
1.012664052792512393e+03
1.015729829916931408e+03
1.018719107070556674e+03
1.016740239092715683e+03
1.014278171064960475e+03
1.032295044201456221e+03
1.018216602134828804e+03
1.023935349463004741e+03
1.004807484591089406e+03
1.025332425738014763e+03
1.028480854920605680e+03
1.017514467644857518e+03
1.035236467232969289e+03
1.008289410014751184e+03
1.021771262646999958e+03
1.010759636762985679e+03
1.019010217534885555e+03
1.027551468751181119e+03
1.018988274738011000e+03
1.020033784836687460e+03
1.009101347002422699e+03
1.018758826713676399e+03
1.035039225194672326e+03
1.008559016394687660e+03
1.013516347133853060e+03
1.014373375927536699e+03
1.027638262442091218e+03
1.021505988517064566e+03
1.007247186871054964e+03
1.009114695358440827e+03
1.025053508525563984e+03
1.008435989723471607e+03
1.011850637658445066e+03
1.027824145184826875e+03
1.018784480966788124e+03
1.033489516529465391e+03
1.032831774236281944e+03
1.026312356530959505e+03
1.011769576738244155e+03
1.027206366432897767e+03
1.014879730013283734e+03
1.032296759596158836e+03
1.026742220028710790e+03
1.020473309853240153e+03
1.033476258697476396e+03
1.022737951671388032e+03
1.022577877928842781e+03
1.007939169312652439e+03
1.015766019395663420e+03
1.015936347808745040e+03
1.014080355185384178e+03
1.017867899868177005e+03
1.008092837873318103e+03
1.024477091761450538e+03
1.025125805426739362e+03
1.024826974073183237e+03
1.025529651355283477e+03
1.032384187097550239e+03
1.017395356991950848e+03
1.029020148385169250e+03
1.030406120843328608e+03
1.016552648745128295e+03
1.009540415125081154e+03
1.012421514920006985e+03
1.016419379146135157e+03
1.008338649778622539e+03
1.030814908458178706e+03
1.027357719543635540e+03
1.018027243900572216e+03
1.020037886868181545e+03
1.035425418287271441e+03
1.024281720261696591e+03
1.019894461172693809e+03
1.026714743973516306e+03
1.022020927623471721e+03
1.028972413514166874e+03
1.026825849810674754e+03
1.025296473727520379e+03
1.021725145991842737e+03
1.028136382734643576e+03
1.037513346308420068e+03
1.020274859769889986e+03
1.037547830003328954e+03
1.022269745810280938e+03
1.019458864731789276e+03
1.024368515850511812e+03
1.030906018861914617e+03
1.020910592501259202e+03
1.024154882941983033e+03
1.019758404644613961e+03
1.015762256415850970e+03
1.030529917915541091e+03
1.034174476204912480e+03
1.040875236701838048e+03
1.018540169903465085e+03
1.016061827504473854e+03
1.019861447239012364e+03
1.033548283362221127e+03
1.025444904920824229e+03
1.013844381942915106e+03
1.025487812390999125e+03
1.034273612957558726e+03
1.033361203049897995e+03
1.031747039445372366e+03
1.031180116804219779e+03
1.031965598026902853e+03
1.032081626583418483e+03
1.047118688204388718e+03
1.025937019394764548e+03
1.031771890024584764e+03
1.038354589661369346e+03
1.013015626441832978e+03
1.035956403035580706e+03
1.018925226456921223e+03
1.024068761772133257e+03
1.019387178740474837e+03
1.014943258268565501e+03
1.019020046343195418e+03
1.013004271253418324e+03
1.024746026496199647e+03
1.019636346939554642e+03
1.021323192756873595e+03
1.018045233503185727e+03
1.027710422742743276e+03
1.029274475966345790e+03
1.024674846493355062e+03
1.035164960481213257e+03
1.021756542114966010e+03
1.018531261269084553e+03
1.033161352473305669e+03
1.031504020398479042e+03
1.026969816892109520e+03
1.026671340207155936e+03
1.048792557666349239e+03
1.023690224440452653e+03
1.026194918238830496e+03
1.029724303380085075e+03
1.020794132867747862e+03
1.021743654278610165e+03
1.027604960310032084e+03
1.026366063899537039e+03
1.034901249569269567e+03
1.022978481171846852e+03
1.025428883191559635e+03
1.022035317723076332e+03
1.030722051341116639e+03
1.045590580701443287e+03
1.031861825365892400e+03
1.032118898321906045e+03
1.034686820914232385e+03
1.034600605906990040e+03
1.031019057081840174e+03
1.030587418338359385e+03
1.028205623046073015e+03
1.034150187940477281e+03
1.023464346574251181e+03
1.023965083076248447e+03
1.035398602865435350e+03
1.037970155678909805e+03
1.026836515942727829e+03
1.018517881598815052e+03
1.022487098826528154e+03
1.033743495937818125e+03
1.034972491257051615e+03
1.031867525360218906e+03
1.037312643274806305e+03
1.039791582205352597e+03
1.043132214298333110e+03
1.029811665331448012e+03
1.031620064827033048e+03
1.026011588911923354e+03
1.021426963511341114e+03
1.018302763277961617e+03
1.034617415546569873e+03
1.025249981508133033e+03
1.031031639355153402e+03
1.026302595526924733e+03
1.047019607080165770e+03
1.034276779042712860e+03
1.027879521687602619e+03
1.027986894621266629e+03
1.040801038352034084e+03
1.028573326997958020e+03
1.033146678677635009e+03
1.055501944450802057e+03
1.021270810406384385e+03
1.037410173908129082e+03
1.025983381793419539e+03
1.034460201063933027e+03
1.049406553956871903e+03
1.028781349338034033e+03
1.033031334857915681e+03
1.045040482399403345e+03
1.030970397858507795e+03
1.022643996731085963e+03
1.026778292252016399e+03
1.037794215155472330e+03
1.024539896955774338e+03
1.021769350050889329e+03
1.023396822141990128e+03
1.049922893107213213e+03
1.034689537950051999e+03
1.031750940515590628e+03
1.020529859269150393e+03
1.041408325327599641e+03
1.032945109617389107e+03
1.034414152453293127e+03
1.041739272159783241e+03
1.033597191466436243e+03
1.036422560765494381e+03
1.035726758676151576e+03
1.032454416228737273e+03
1.030212663722566049e+03
1.030827528753568458e+03
1.025015657399167821e+03
1.041489614001426617e+03
1.050907481708635260e+03
1.035101731467294258e+03
1.027386908798430568e+03
1.033319755120060563e+03
1.040540809980214135e+03
1.049801307275885620e+03
1.029612467393365023e+03
1.035961139619448659e+03
1.034679758131405151e+03
1.035037865342921350e+03
1.050209314841216155e+03
1.049452804638565567e+03
1.033911274000875892e+03
1.019522713023500387e+03
1.047347109547017908e+03
1.038825763668004356e+03
1.026403584218867309e+03
1.041828500307433615e+03
1.037787335745024166e+03
1.043363668835572525e+03
1.033950420135701279e+03
1.036884403747715851e+03
1.040759015656069778e+03
1.034228764857592523e+03
1.036940463922022218e+03
1.028525483256059715e+03
1.034949373653542807e+03
1.035891357936581244e+03
1.026572673301538316e+03
1.026404024330288166e+03
1.032250103358503338e+03
1.038300595064666823e+03
1.036321012044993267e+03
1.049958107833788517e+03
1.029381593672360850e+03
1.040769335692480581e+03
1.026608597453680431e+03
1.040210231542200972e+03
1.048134353635019579e+03
1.043517268266565452e+03
1.044457517268098172e+03
1.039513330294781781e+03
1.019974070244559130e+03
1.043729592015763274e+03
1.033336753310045424e+03
1.035555830745414823e+03
1.055841030466501479e+03
1.037417183823453115e+03
1.023647920831179476e+03
1.046860588215454072e+03
1.038819103444844814e+03
1.022262882761424748e+03
1.044929082732585584e+03
1.046845928185052571e+03
1.030049916234160946e+03
1.033893777916194949e+03
1.053029151637037330e+03
1.049467730184783932e+03
1.039019205657003340e+03
1.037348270823686107e+03
1.038741184955034896e+03
1.044484970907108618e+03
1.042301127220415765e+03
1.025228666778797560e+03
1.040627991020274976e+03
1.032090929972681352e+03
1.031545625178072214e+03
1.036011477998512646e+03
1.061389907857005937e+03
1.045884259867128094e+03
1.036856912003062234e+03
1.033443600803732807e+03
1.026662895180170381e+03
1.037551707114083001e+03
1.040158405843910941e+03
1.041867114397020032e+03
1.057929059065076672e+03
1.043989595602911322e+03
1.046036415990372461e+03
1.045095392401960680e+03
1.039528749096098636e+03
1.049335962064552859e+03
1.048653653777815862e+03
1.043992096780450083e+03
1.039628145363632711e+03
1.020796878609772762e+03
1.053670819795928765e+03
1.036820550512132058e+03
1.048022354331819997e+03
1.039615392713197480e+03
1.035734214302600321e+03
1.049908592064134609e+03
1.037631848774216678e+03
1.056545339021320387e+03
1.043887949474926245e+03
1.039452291192267012e+03
1.033927512848783408e+03
1.040034770441238607e+03
1.041745355100678353e+03
1.036666527907723548e+03
1.037707001983769487e+03
1.026313733105566143e+03
1.038631559054024137e+03
1.040605379312125024e+03
1.034680153870375307e+03
1.049821901836906136e+03
1.041216918005480693e+03
1.046772209010812503e+03
1.063431186129073467e+03
1.036626257996873619e+03
1.052513391719437550e+03
1.028571146851025787e+03
1.043945065564124661e+03
1.041560340629685925e+03
1.060287008955927149e+03
1.046376656793140683e+03
1.041582309557171584e+03
1.038348402924801803e+03
1.057893101155658997e+03
1.033341346834070009e+03
1.039227719033478479e+03
1.039340901127555298e+03
1.027946505179021642e+03
1.040489368809965526e+03
1.043490268259913137e+03
1.036697872199117683e+03
1.047638449772717422e+03
1.044497184862901577e+03
1.034620977459150708e+03
1.055980948174320019e+03
1.058018426689578973e+03
1.034955330054543538e+03
1.037099472089789288e+03
1.049185372085296194e+03
1.063411698861242485e+03
1.042939883264113860e+03
1.052889427078638619e+03
1.061234736817174507e+03
1.035573504391822553e+03
1.032420341731607778e+03
1.049694413190984278e+03
1.039104930627830754e+03
1.055766199451276407e+03
1.051922370082792213e+03
1.053814498513155286e+03
1.028565426436098960e+03
1.046773686170094834e+03
1.049772424545082686e+03
1.042121732791050590e+03
1.056009984716351028e+03
1.051174875413579684e+03
1.044052338144191253e+03
1.052343526846088025e+03
1.057098882418225685e+03
1.050734013612567651e+03
1.045580459062250384e+03
1.052030833917773862e+03
1.037533494693722332e+03
1.060501913274828439e+03
1.052118436231513442e+03
1.031255457724070084e+03
1.038095991136983685e+03
1.041968774892011197e+03
1.038296953980154512e+03
1.051457888444715991e+03
1.046938282354567946e+03
1.045571457711361290e+03
1.044149221441845157e+03
1.058625916720131045e+03
1.055839195922835870e+03
1.051805781324496820e+03
1.037735812232767103e+03
1.049660327078681803e+03
1.039584403920494651e+03
1.051484596169748556e+03
1.045368851892971634e+03
1.044605618211932779e+03
1.056320708176002199e+03
1.064719975020206675e+03
1.052738363295321278e+03
1.043987452466879859e+03
1.038870714485576855e+03
1.048952748913883397e+03
1.055673022687295543e+03
1.041358747892437805e+03
1.065789512972953844e+03
1.049878722868399336e+03
1.044968031118241015e+03
1.042556030046731394e+03
1.039720363274416286e+03
1.060015174103642266e+03
1.036840425604199027e+03
1.052529971791634807e+03
1.043798180213737396e+03
1.053065117151792265e+03
1.030036866740165578e+03
1.051442239808538716e+03
1.042350224525156591e+03
1.038546561576929207e+03
1.041084469705805759e+03
1.049923968107469364e+03
1.043777223011634533e+03
1.056440502236290968e+03
1.055128068944556617e+03
1.065230552305067704e+03
1.036975320843863074e+03
1.052527826901465232e+03
1.048740208387292341e+03
1.058634684598782769e+03
1.033861797071340561e+03
1.038276665644079003e+03
1.046770909382802301e+03
1.058809801424916941e+03
1.046613046253826951e+03
1.065763485590105120e+03
1.053079419529606639e+03
1.054546986641939839e+03
1.062263152190651681e+03
1.043564280383829100e+03
1.043914433910217213e+03
1.054526537314636016e+03
1.038452515963592532e+03
1.051585574675426187e+03
1.030030102075860896e+03
1.046473217927623637e+03
1.050038868730148579e+03
1.054307909805170539e+03
1.070356968190249745e+03
1.055969173021054985e+03
1.049561605060572447e+03
1.045862565304032159e+03
1.053508562167544596e+03
1.051571600540572717e+03
1.050133058094356556e+03
1.046319733405886382e+03
1.040790015622018700e+03
1.055781123260975392e+03
1.052035890307019827e+03
1.054901527249970059e+03
1.056421366807992172e+03
1.065965333360157274e+03
1.046542853553673922e+03
1.046806729299629524e+03
1.050003213488862684e+03
1.054013581834862407e+03
1.051104765543405620e+03
1.061633714166931668e+03
1.051838266535883804e+03
1.070271695158513694e+03
1.067741291739438566e+03
1.049938805298013676e+03
1.067537433811109622e+03
1.056609528138371616e+03
1.040040318387058505e+03
1.062601806847100761e+03
1.055045901994209999e+03
1.059569707108099919e+03
1.051739873182393467e+03
1.048621486184375726e+03
1.042963017108914983e+03
1.048642879258683024e+03
1.041703842620330306e+03
1.046762288588183537e+03
1.058981655688976616e+03
1.037454463513955716e+03
1.060418313394624647e+03
1.066574996911969947e+03
1.052976563912999382e+03
1.057344091823513281e+03
1.059410848479422157e+03
1.054397837967440637e+03
1.054494621084098981e+03
1.050167378236778632e+03
1.050799879416520298e+03
1.062679639565320940e+03
1.044382057080117647e+03
1.055957932628256003e+03
1.063378296104550145e+03
1.047667063864396596e+03
1.047748992872454664e+03
1.061142356731021664e+03
1.059977480658787726e+03
1.055815712853670220e+03
1.049280822545788169e+03
1.050744606665828996e+03
1.050241375419548831e+03
1.050696632204559592e+03
1.052882739238067870e+03
1.073935957770906725e+03
1.055085194965009578e+03
1.050314006212433014e+03
1.057308764382048139e+03
1.040740127639056936e+03
1.054782966322454286e+03
1.058690397687454606e+03
1.057928518477502166e+03
1.056268798834069457e+03
1.055273397025068107e+03
1.062155143718752470e+03
1.056921885927888297e+03
1.048122332492506303e+03
1.060498480144292898e+03
1.051109537024857900e+03
1.060451102774127094e+03
1.069087299446883890e+03
1.054377486615214139e+03
1.051524455541462203e+03
1.058048036335775350e+03
1.061986684679602831e+03
1.061002246263928328e+03
1.067725785642194296e+03
1.047842145830143409e+03
1.047378586177612078e+03
1.051227332301084743e+03
1.070608562035946306e+03
1.068753353956397405e+03
1.066460560266509447e+03
1.048397709584004588e+03
1.053373992067201016e+03
1.056624356274373440e+03
1.047399400163971450e+03
1.067136392993587378e+03
1.051983294085383932e+03
1.058353548710641235e+03
1.053921324622690690e+03
1.044026991347316880e+03
1.047660366497933865e+03
1.065673109364347283e+03
1.060085243193278075e+03
1.057387063080820781e+03
1.052649770140259761e+03
1.041344056882682708e+03
1.050923266960679484e+03
1.055054235839367493e+03
1.055089321965160025e+03
1.044605336667345000e+03
1.054219853364459368e+03
1.054077945092028358e+03
1.049271377936334602e+03
1.055404046346171071e+03
1.060361219558013318e+03
1.065928503090407503e+03
1.034241757962942074e+03
1.067610832266050465e+03
1.066710590500954595e+03
1.051451560627209574e+03
1.049008307795486417e+03
1.049155951554656895e+03
1.061206947726760973e+03
1.052374754486961137e+03
1.055768858000317096e+03
1.063018669195140319e+03
1.036302414019651451e+03
1.046140352888306552e+03
1.046280614031691584e+03
1.065744785347202878e+03
1.064506551662798529e+03
1.040549661120174505e+03
1.060448523775018657e+03
1.059040583696269323e+03
1.043019662971465777e+03
1.067203412176336315e+03
1.055153996743269545e+03
1.065099329926080827e+03
1.071928749656013451e+03
1.048238766051965058e+03
1.054587123159510384e+03
1.062831734128616517e+03
1.060370926954752576e+03
1.065672995735843642e+03
1.065789450697707935e+03
1.052688669059575204e+03
1.048778719492435812e+03
1.061417530848787010e+03
1.041972254888921043e+03
1.065412780604423233e+03
1.047552553373378714e+03
1.053562894148190708e+03
1.056501382028008720e+03
1.058513602619804715e+03
1.064267634287159353e+03
1.053177867765394012e+03
1.046607637152013695e+03
1.052447545356165165e+03
1.056265487536337560e+03
1.053858546315099829e+03
1.046759908146570297e+03
1.052502924362098383e+03
1.053841735738107900e+03
1.064429154253206661e+03
1.049095375110260420e+03
1.059825838098138775e+03
1.061809421071771339e+03
1.059170412101921784e+03
1.057423819818060110e+03
1.071985267611844620e+03
1.048016350800666260e+03
1.049186153435023243e+03
1.081759750536357842e+03
1.063919897694099973e+03
1.068358754860500540e+03
1.061408788888874369e+03
1.048449524693829062e+03
1.058056938093441431e+03
1.042439132574123505e+03
1.066480938632195375e+03
1.073690162572479039e+03
1.060811574381176342e+03
1.046982691889718126e+03
1.056100270105855088e+03
1.051696659234310118e+03
1.051502365194996401e+03
1.050208262070737646e+03
1.054843348724530642e+03
1.037640832583869042e+03
1.056614734210553252e+03
1.041250116719948437e+03
1.055653376032816368e+03
1.052226823139927774e+03
1.050734600754735538e+03
1.058339517696934308e+03
1.050260930791470173e+03
1.048266228582200029e+03
1.054029206793269850e+03
1.063876992422495277e+03
1.054824822467247486e+03
1.046879407716922287e+03
1.045863769359091521e+03
1.055408311526400894e+03
1.053269335463682864e+03
1.057575250006541637e+03
1.054148297660923163e+03
1.054644471121367360e+03
1.064276451146983618e+03
1.071952671628911276e+03
1.053947659905645651e+03
1.054410879951072047e+03
1.075950724599841578e+03
1.062884822793132571e+03
1.039350434558672760e+03
1.065214566233886899e+03
1.064949333319288144e+03
1.048585709943688698e+03
1.063140403565946144e+03
1.051497821305921207e+03
1.046727172648114902e+03
1.057441730310706816e+03
1.061647634455619936e+03
1.057862907089154533e+03
1.066372331995004970e+03
1.057895486800026447e+03
1.058502751930451950e+03
1.058389586044212365e+03
1.059082803393788708e+03
1.053859921378054878e+03
1.060542968228079872e+03
1.049535391006150803e+03
1.068475519210403718e+03
1.063034626697639396e+03
1.066132311893553378e+03
1.059131475681079792e+03
1.068026079400138087e+03
1.060952672664137026e+03
1.048738174638327337e+03
1.059183042256330964e+03
1.062111959126598549e+03
1.070250611719722883e+03
1.045753804825046700e+03
1.067796253541562464e+03
1.050062321190558578e+03
1.058676374552761445e+03
1.070206096065324800e+03
1.059459854292497766e+03
1.060171597674191389e+03
1.080732522096420325e+03
1.046446992597438339e+03
1.073466867426602676e+03
1.052164543968435282e+03
1.055061079458434733e+03
1.061413990198628881e+03
1.070621719547007842e+03
1.054710738072839831e+03
1.062282292957812842e+03
1.065706611999337156e+03
1.059580065473101286e+03
1.047946760126559866e+03
1.045357247036244189e+03
1.076832360957977016e+03
1.050470622167477813e+03
1.047292617659914868e+03
1.055465676030518807e+03
1.066072676720293885e+03
1.067133966417985675e+03
1.059832750789413694e+03
1.055146071053125524e+03
1.064668293783308172e+03
1.066309035090588623e+03
1.056185042695813308e+03
1.051858095257900004e+03
1.056735565264834804e+03
1.058384371782880180e+03
1.056565962357505896e+03
1.068308370104441792e+03
1.061070767833573882e+03
1.063611118242815337e+03
1.064415961400291508e+03
1.057181312141153512e+03
1.063370998340277765e+03
1.074034860594608062e+03
1.072653512713351574e+03
1.059777776456255651e+03
1.079068693036889499e+03
1.080844262641873229e+03
1.060126426362974371e+03
1.062635307142669490e+03
1.070775158494370999e+03
1.069318768729620388e+03
1.051688880030894325e+03
1.066503760284127793e+03
1.064971705735488968e+03
1.062801046635405783e+03
1.037108165766785305e+03
1.063312452025140146e+03
1.053515917920093671e+03
1.069866842332098940e+03
1.065139673747225288e+03
1.059632717180656300e+03
1.048957512492282831e+03
1.063196318675453540e+03
1.074093479973962985e+03
1.064833332162535953e+03
1.067229728781725044e+03
1.069782750837155163e+03
1.067972140596813688e+03
1.058250879156111978e+03
1.060606300552818993e+03
1.077607347030488882e+03
1.063169917746478632e+03
1.061867697239178369e+03
1.054840199411689127e+03
1.060630482411195771e+03
1.055177025520519237e+03
1.061505461932605158e+03
1.063680671154522997e+03
1.059488097100382902e+03
1.059620300457993153e+03
1.069394185876293250e+03
1.066371300626545235e+03
1.059988216712553822e+03
1.069328255546989567e+03
1.056850085084178090e+03
1.050115875348991040e+03
1.058745902066789540e+03
1.045885657977948995e+03
1.041238717437421428e+03
1.082421699026642955e+03
1.049348469423319784e+03
1.051245316650782797e+03
1.061898756822597306e+03
1.052823434402689600e+03
1.058309457473772454e+03
1.060524153222376754e+03
1.059090493103263498e+03
1.069534905815543198e+03
1.048693064919476910e+03
1.052726669984876025e+03
1.072768276206845485e+03
1.056713073497622418e+03
1.044633459905098789e+03
1.069001048193258839e+03
1.053706637667657333e+03
1.049626878613080180e+03
1.054262978786785425e+03
1.060362585269032252e+03
1.045760069332745388e+03
1.064156097968410450e+03
1.072879545731007056e+03
1.038142115909131235e+03
1.039484416887286443e+03
1.043459000369070509e+03
1.045515962138432769e+03
1.068084239922818369e+03
1.068637386696892236e+03
1.062030152627256030e+03
1.063717165846834860e+03
1.063294492201963521e+03
1.074864212070769781e+03
1.061534037044264096e+03
1.054288646548019187e+03
1.042985268671153563e+03
1.061530173662403513e+03
1.065617857299460184e+03
1.074846891277262102e+03
1.063955874506411419e+03
1.055805339659161518e+03
1.052618323201543490e+03
1.071065706802946579e+03
1.070345382834033217e+03
1.055341645912066724e+03
1.057757955956692513e+03
1.068118665694906895e+03
1.073064760964802645e+03
1.075435965160606884e+03
1.055532555320387928e+03
1.067622921791796671e+03
1.062526517145304751e+03
1.067130046494731459e+03
1.059794757983009731e+03
1.052578913557535088e+03
1.060928376405667450e+03
1.047103025587132606e+03
1.075891361293280397e+03
1.065675384732868679e+03
1.061244511168150893e+03
1.065980766379321494e+03
1.068247157423505087e+03
1.064465508641401584e+03
1.061692468235472461e+03
1.067176428638555080e+03
1.066585316068462362e+03
1.071269694452739714e+03
1.071722257917326715e+03
1.060764809534765163e+03
1.067711554288784782e+03
1.054212489820665951e+03
1.049100043017861708e+03
1.074590146893934389e+03
1.049530502854987390e+03
1.080352063199953363e+03
1.083301386776164009e+03
1.068226912386076492e+03
1.049995166424099352e+03
1.063443001790197741e+03
1.059750207963533740e+03
1.048382223129590102e+03
1.054428177223256625e+03
1.052113911605573094e+03
1.057372090828869204e+03
1.058153530079642223e+03
1.059472267380746416e+03
1.057282936681652245e+03
1.058980038612601447e+03
1.045829341458002773e+03
1.061919323669348159e+03
1.055982772208236383e+03
1.066051879113816085e+03
1.061293096674714889e+03
1.065597359715871789e+03
1.078705653011705635e+03
1.060732411756659303e+03
1.076761026878648408e+03
1.047092402459327104e+03
1.071544048465749029e+03
1.059876946189166802e+03
1.067277454978587684e+03
1.063954025225161331e+03
1.057979673932072501e+03
1.065121647177212708e+03
1.066356444010512405e+03
1.052689752626709151e+03
1.060165739000166241e+03
1.042975818447226629e+03
1.051151061682915952e+03
1.050123022192405870e+03
1.055291559597172409e+03
1.069931968656532035e+03
1.059348308056117503e+03
1.052632783222351691e+03
1.057770151335142145e+03
1.079380429192913425e+03
1.066311540529992499e+03
1.062503090756218171e+03
1.067650158990112004e+03
1.068145232401642943e+03
1.049059865938352004e+03
1.047212170310883494e+03
1.055501448299833100e+03
1.066276486494940627e+03
1.069001315496328971e+03
1.056391915750422640e+03
1.066787726361106934e+03
1.058222280941463850e+03
1.058498743129953255e+03
1.060842101402693515e+03
1.054046460705303161e+03
1.056923864694367239e+03
1.059134604545370394e+03
1.064516517391256230e+03
1.060100626534882167e+03
1.050122292290772521e+03
1.049772621119838732e+03
1.057459998774981841e+03
1.066542574358366892e+03
1.063481394532362856e+03
1.067511372146042277e+03
1.061743480424668633e+03
1.067622708858652686e+03
1.060203698757280790e+03
1.050210222022038124e+03
1.060561245165421724e+03
1.050278700025575290e+03
1.058749660134839360e+03
1.065592202618287047e+03
1.061214856734418163e+03
1.063380738039683138e+03
1.055282146399433259e+03
1.069588525717373386e+03
1.050039819897429652e+03
1.062493112470710230e+03
1.053093317508062910e+03
1.069519818126922928e+03
1.065146799856444659e+03
1.086202597165517091e+03
1.064125675111145483e+03
1.058428898541459830e+03
1.056677780531544840e+03
1.070527991970270023e+03
1.063982196723600055e+03
1.057172999813008573e+03
1.063991157707219145e+03
1.070859855882943975e+03
1.058473837010655416e+03
1.067912437910219523e+03
1.056597549056129537e+03
1.059903278574646720e+03
1.062905339211274395e+03
1.065582434289340654e+03
1.051018729344357780e+03
1.058658357147243805e+03
1.065530229559711643e+03
1.055485489399369499e+03
1.065357501640066630e+03
1.052311725439831889e+03
1.046111308613720666e+03
1.046400245250869148e+03
1.063698083887518578e+03
1.074268618992441588e+03
1.040617833349511329e+03
1.055627102354410908e+03
1.070496136018967491e+03
1.045289766238479615e+03
1.044721811763967025e+03
1.059891551054335650e+03
1.070972802261647530e+03
1.070145878981465330e+03
1.066159894461143494e+03
1.070085381303443228e+03
1.058483516886629786e+03
1.071850248871824078e+03
1.064607751839944058e+03
1.048895411913575117e+03
1.051656571626540654e+03
1.038620741599734174e+03
1.075714032060232512e+03
1.065925845542943534e+03
1.064721282008557409e+03
1.044024518011196051e+03
1.070409495859273648e+03
1.049577644742697885e+03
1.049301637363886357e+03
1.066355656940995686e+03
1.059220522210512399e+03
1.038548222764786033e+03
1.058056969219503344e+03
1.056459466266442405e+03
1.051760408832982648e+03
1.060414664085773666e+03
1.058656805640415314e+03
1.060253486047088700e+03
1.059084802940743884e+03
1.051485514204749734e+03
1.048718366393931319e+03
1.056980178036528969e+03
1.064139482950852198e+03
1.059663774593682319e+03
1.065574788508042047e+03
1.067388003365765826e+03
1.048033336737277978e+03
1.071332419125033539e+03
1.054280180869679498e+03
1.046998398600858081e+03
1.065197903218524061e+03
1.052306956100743491e+03
1.049341301531351746e+03
1.046005037800227456e+03
1.048329884429926551e+03
1.062784350550195313e+03
1.045644370097736328e+03
1.054900056201018742e+03
1.048870765099773735e+03
1.051182667719304163e+03
1.058390844765365955e+03
1.056119077712302214e+03
1.060545146948580395e+03
1.060111867187784583e+03
1.052101267988631207e+03
1.049307916525343899e+03
1.059228534539180373e+03
1.071419100352148007e+03
1.056764653287068313e+03
1.059124667706251785e+03
1.062590499151049698e+03
1.079020499306103147e+03
1.060004896219090597e+03
1.062041044697070902e+03
1.051756609895937572e+03
1.046349011693418106e+03
1.048252861037892899e+03
1.062461940620304631e+03
1.047839375674379426e+03
1.042883166112475692e+03
1.053000197491715880e+03
1.055281725607560247e+03
1.077532553136024262e+03
1.059264735996960781e+03
1.070144651017876413e+03
1.058423375125626535e+03
1.049778527037484309e+03
1.065237681504508146e+03
1.065739539118039374e+03
1.070855450067707125e+03
1.050734713652153914e+03
1.059046170934139809e+03
1.057310339229246665e+03
1.071007390686735334e+03
1.057490494764798996e+03
1.063138292450052631e+03
1.046999821347081934e+03
1.055535353386601400e+03
1.059440074693810629e+03
1.068047775053822306e+03
1.052523943730829160e+03
1.058901474959547386e+03
1.062307141109627082e+03
1.049310750806786700e+03
1.038308176646748052e+03
1.032863980664531937e+03
1.053583165177124783e+03
1.062833093119886598e+03
1.046321489912827701e+03
1.055981256039067830e+03
1.049054818442520400e+03
1.051493444598505448e+03
1.050285730678190703e+03
1.055146428053609952e+03
1.041694121209596915e+03
1.053327114584050378e+03
1.037970555618011758e+03
1.061971977781689020e+03
1.047449614399690063e+03
1.051879204662329357e+03
1.052766103574643239e+03
1.072163201924870009e+03
1.042954714197675457e+03
1.041181059341320406e+03
1.055073834572256374e+03
1.046343406436184068e+03
1.051108734482609634e+03
1.052324080122665691e+03
1.064355585487415055e+03
1.042994151987895748e+03
1.042566526416590932e+03
1.045252355661437832e+03
1.042308054942566287e+03
1.052669909597614151e+03
1.065424125995290069e+03
1.053298935998708430e+03
1.060814113710130869e+03
1.060838892268514655e+03
1.046959786836987178e+03
1.053105258778798998e+03
1.050762009740546773e+03
1.044851453558429967e+03
1.065097123893300477e+03
1.050376973869534822e+03
1.046083958491829208e+03
1.039452577723969398e+03
1.040440680430420571e+03
1.045545128061612786e+03
1.051896231538574511e+03
1.061343495372314692e+03
1.047713312595482421e+03
1.047491857421566237e+03
1.049704712971023810e+03
1.071497943540320193e+03
1.059088587130357155e+03
1.064108083602254737e+03
1.046713059346194314e+03
1.042766878314633686e+03
1.047526018329711405e+03
1.041209819911578279e+03
1.065603208846355756e+03
1.054643531253940864e+03
1.059221474372618786e+03
1.042869141155538273e+03
1.048445871664968308e+03
1.049158484563715774e+03
1.047684192398524146e+03
1.060991956350686223e+03
1.049416066746609886e+03
1.051600856815205816e+03
1.050932873687313986e+03
1.047746188189214990e+03
1.048491195061897770e+03
1.036530065432229549e+03
1.046765956040664605e+03
1.056432221531650157e+03
1.052324050841855978e+03
1.056949495419958339e+03
1.056397859277361476e+03
1.037762003332461745e+03
1.044462608753683753e+03
1.041588253287751286e+03
1.052077732854942496e+03
1.040821292210353704e+03
1.040822301915066191e+03
1.047656685952361840e+03
1.051539036949200863e+03
1.038536860721817220e+03
1.048458920249659968e+03
1.043872597545229382e+03
1.049131892315931736e+03
1.045778707203556223e+03
1.046304930044524326e+03
1.054266186046406347e+03
1.049338913648796733e+03
1.055045036348478561e+03
1.044309133246780675e+03
1.053861694881457652e+03
1.050402312431978544e+03
1.042166825317651956e+03
1.043452699823785451e+03
1.047725287989102299e+03
1.030250852274524050e+03
1.051691514409189494e+03
1.051836993759414554e+03
1.057467063555828418e+03
1.034680728086262434e+03
1.053754875186050185e+03
1.045681993341184125e+03
1.055590928882704020e+03
1.051868831579392236e+03
1.050423196506181284e+03
1.029522713000621025e+03
1.049575979292077591e+03
1.048346075159486190e+03
1.044929170747713897e+03
1.048188283055733336e+03
1.049500036910294739e+03
1.027386885838246144e+03
1.052783936077836643e+03
1.050686817669209859e+03
1.050456770096849368e+03
1.047101431601307922e+03
1.038062967505599772e+03
1.028847197481662988e+03
1.043369688293340914e+03
1.034225703752107847e+03
1.028526916298708329e+03
1.049117764446088358e+03
1.051785138129621828e+03
1.046207060826355473e+03
1.051761175441487012e+03
1.039350980669611090e+03
1.038411493492788850e+03
1.050773676945471607e+03
1.045278575850774814e+03
1.026871908651652802e+03
1.057457238227303606e+03
1.039288758199967560e+03
1.050024386623599867e+03
1.040959621280443116e+03
1.034990994882268069e+03
1.047309136154343150e+03
1.048512233119652592e+03
1.044383638732598229e+03
1.037856935484747282e+03
1.034560244047207789e+03
1.042458176765648432e+03
1.057498342300972354e+03
1.044762394962863027e+03
1.046721709785411122e+03
1.054203836915120519e+03
1.035569952355878286e+03
1.063154868508496747e+03
1.037112540305177163e+03
1.042809130716977961e+03
1.026660936110189141e+03
1.036364517631593799e+03
1.031298364790348387e+03
1.036697876411072912e+03
1.039233517462481359e+03
1.048462825258643761e+03
1.045658273216195994e+03
1.040605000989331529e+03
1.044767892848468364e+03
1.059291071641214103e+03
1.042467415380451712e+03
1.028577472610776113e+03
1.057883520320670868e+03
1.048510556978068735e+03
1.037368238074171131e+03
1.029548024716745203e+03
1.065229445056443865e+03
1.052559152873764106e+03
1.047176698578967944e+03
1.048916030098161400e+03
1.052106114850107588e+03
1.036144036536571548e+03
1.032816204707879706e+03
1.042760376686369455e+03
1.042659920278848631e+03
1.041133712331106381e+03
1.029705134820376088e+03
1.037362045870611382e+03
1.038433168197874693e+03
1.051139432242555358e+03
1.029258568039550482e+03
1.039639228557997967e+03
1.043904506391127825e+03
1.025344600395703992e+03
1.054471953918153986e+03
1.040715144295271330e+03
1.039458604074889990e+03
1.032607408678446973e+03
1.046585337753948579e+03
1.061259649515925048e+03
1.041762928898910104e+03
1.030763120726066973e+03
1.024911866207513185e+03
1.030235717010389408e+03
1.037284158548708092e+03
1.042046853854932351e+03
1.037644385853411677e+03
1.035707966118016657e+03
1.047110577216127467e+03
1.023955566932044235e+03
1.044635161531695758e+03
1.022958070142604356e+03
1.022366229788626015e+03
1.045676857840277762e+03
1.037255571146131388e+03
1.037896950532573555e+03
1.039243574472021464e+03
1.039457216022979992e+03
1.022104598579018671e+03
1.034841416566546741e+03
1.047276964353533003e+03
1.035429173983863393e+03
1.035513650031942916e+03
1.024565489732141259e+03
1.032539652532970194e+03
1.040192185513051299e+03
1.013602452166095986e+03
1.018703035182019903e+03
1.033198635805533968e+03
1.016288256089480569e+03
1.035995633327691849e+03
1.043459438084063549e+03
1.029253639455084567e+03
1.025719227338260453e+03
1.029894958125693620e+03
1.062448155870838491e+03
1.037458492996247287e+03
1.037204441903202451e+03
1.041131177641882005e+03
1.011818181851970394e+03
1.040986751479224949e+03
1.034082217999186014e+03
1.018885025865328089e+03
1.027859406242366504e+03
1.038721887962441315e+03
1.023596752714147442e+03
1.037493418437304172e+03
1.025491015356690696e+03
1.039413732501897130e+03
1.031737877189753817e+03
1.036519387786447396e+03
1.026622843168136342e+03
1.032033917417524663e+03
1.026925161684902378e+03
1.011830592299423643e+03
1.037528060320667919e+03
1.037514344273275583e+03
1.039365752686058613e+03
1.036954660520445714e+03
1.025869083208377106e+03
1.048173502703410350e+03
1.020968142699423652e+03
1.031062267604093222e+03
1.030372602825483455e+03
1.029480248479899956e+03
1.030811411159214913e+03
1.031735121000461731e+03
1.025070921445120575e+03
1.016334439362302760e+03
1.031341723725358406e+03
1.016867447938577470e+03
1.021547717524858399e+03
1.031360846324469321e+03
1.019180138019607625e+03
1.045121651765416573e+03
1.034554869396606591e+03
1.030811805132420659e+03
1.029704142620613538e+03
1.008026086597771837e+03
1.021988214927951049e+03
1.014945363304438843e+03
1.011316621471055100e+03
1.031349973856738643e+03
1.046055694963995848e+03
1.044673147828564197e+03
1.023788428326551639e+03
1.027544731721208791e+03
1.020904165901277224e+03
1.012918059918989229e+03
1.026856190619190329e+03
1.004907175650549107e+03
1.023900733452012673e+03
1.028257796051803780e+03
1.029917747908814135e+03
1.011483991432499693e+03
1.012410136712579970e+03
1.023657199771306637e+03
1.022116518480661284e+03
1.014290476536991378e+03
1.039770552939105755e+03
1.022399863408741567e+03
1.027251754573019980e+03
1.026399017228823595e+03
1.033443610860594617e+03
1.025812551985374284e+03
1.021236677583267237e+03
1.019956591500780405e+03
1.015647416732139732e+03
1.030291732328527132e+03
1.011627483741662559e+03
1.011128676320526438e+03
1.013354322589068602e+03
1.017058405197970046e+03
1.027320117484949833e+03
1.017107050788751394e+03
1.031012355365297026e+03
1.024098767858578867e+03
1.020047719388467158e+03
1.011866916250721033e+03
1.021187462855323702e+03
1.024390193857923578e+03
1.020974560299150312e+03
9.952532462206486343e+02
1.036377581816605016e+03
1.019412810458587160e+03
1.011268294690171274e+03
1.016378062338344535e+03
1.014836092117917133e+03
1.004163168675358747e+03
1.027502930075796712e+03
1.039383985649017632e+03
1.011493431910706363e+03
1.007921619575871318e+03
1.008806672045228765e+03
1.014212141479383831e+03
1.022544310849565363e+03
1.021606904490381339e+03
1.015439755937254745e+03
1.008497366340448139e+03
1.026238041090864044e+03
1.005935003812261812e+03
1.018605089742202381e+03
1.033539780643411632e+03
1.007193314803397811e+03
1.018981738963380621e+03
1.011572574559611780e+03
1.026123533224668336e+03
1.014203286300764034e+03
1.029849928136604149e+03
1.010020424074327025e+03
1.015756869404665395e+03
1.009018573525279407e+03
1.017253450630910379e+03
1.017778743395232027e+03
1.018475899421781378e+03
1.016539182959488016e+03
1.017842878018891270e+03
1.014421247198492097e+03
1.012728645028942537e+03
1.022239457178857492e+03
1.028653803727646391e+03
1.011859868338238357e+03
1.009852145298751338e+03
1.028537469678154821e+03
1.015262516714833282e+03
1.007326048378033647e+03
1.035757369531524773e+03
1.007055630593225374e+03
1.027319381930306236e+03
9.955249859121354348e+02
1.007234546867331915e+03
1.026585259142888845e+03
1.011243022022516016e+03
1.013263082272371889e+03
1.001757968296606919e+03
1.025805939689401157e+03
1.004135223078866261e+03
1.008091696822039921e+03
1.023779995023172546e+03
1.014963940946099115e+03
1.021505648055989013e+03
9.947292193713780080e+02
9.965150565637701447e+02
9.958440974708365729e+02
1.015006235889187565e+03
9.963910566173075267e+02
1.005604750009625604e+03
1.015008714148072954e+03
1.019730945874429835e+03
1.010596970805993578e+03
1.012097734277499853e+03
1.010282706873579968e+03
9.957039787572574596e+02
1.009383830053760335e+03
9.947027566515329227e+02
1.018865247592790411e+03
1.009767285532478468e+03
1.005715515539327157e+03
1.012331477719322265e+03
1.015019100023875126e+03
1.011470564357992089e+03
1.004855618616892457e+03
1.000006075642925680e+03
1.008996573774259332e+03
1.015132020035867299e+03
1.006269090070384323e+03
1.018827192294165911e+03
1.006824918841439171e+03
1.013953489472233628e+03
9.823685032115204194e+02
1.003171473983630563e+03
1.000956853524929215e+03
1.007408478048207144e+03
9.812744681981162103e+02
9.868638155355413346e+02
9.943059636357357931e+02
9.889106271215451898e+02
1.003630657899126504e+03
1.012882747530084998e+03
1.008203690378277770e+03
9.986936607078508814e+02
1.001863750140265097e+03
1.005952316872593315e+03
9.953995086774384617e+02
1.005418077337144723e+03
9.923461560434287776e+02
9.966465465650774149e+02
1.011752290311753200e+03
1.000885344312811526e+03
9.987691428039618131e+02
1.005667090387628718e+03
9.927744118689294055e+02
1.002109576262785481e+03
1.000479450910380706e+03
1.004986211231227912e+03
9.990914727459644382e+02
9.990529294583587898e+02
9.963475461280306718e+02
9.966428014235616502e+02
9.955513817338730860e+02
9.989722877199313871e+02
9.933942705366899872e+02
9.904100224935600636e+02
9.896180061982761345e+02
9.870487696085327798e+02
9.931196809429119412e+02
1.008290463363601134e+03
1.000457976877623651e+03
9.887040849460729532e+02
9.896685842950827237e+02
9.935966982362842828e+02
1.012109275572262277e+03
9.991699088683772061e+02
9.941664255980032294e+02
9.753815608916155497e+02
1.006065720651960987e+03
9.922060940288720303e+02
9.987252476961350567e+02
9.988475316400116526e+02
1.005775689051397990e+03
9.997696258336044366e+02
1.011867255269752491e+03
1.000652021080783470e+03
9.845788216644593831e+02
9.990264013232459774e+02
9.731975793826881045e+02
1.004362131695423614e+03
9.946860626933810181e+02
9.943037046719003911e+02
1.011691879707528642e+03
9.992584072129966444e+02
9.917208332548962062e+02
9.883746895195907882e+02
9.983892006718933771e+02
9.923814061968755595e+02
9.918767414503912505e+02
9.935417817158700018e+02
9.959052124756826743e+02
9.956468436051095523e+02
9.977975037578122510e+02
9.850817289124005356e+02
1.004412977892487334e+03
9.949514263157684582e+02
9.766963683901017248e+02
9.923549713630548013e+02
1.001748224395882971e+03
1.004501936699817293e+03
9.911592642421931032e+02
9.847297507924691899e+02
9.968274491476300909e+02
9.978128407181919783e+02
9.948943528051473777e+02
9.857866332063640584e+02
9.961963643338910970e+02
9.844551137384808044e+02
9.910784689810147938e+02
9.931596096906750972e+02
9.905496776637396579e+02
9.909734237932863152e+02
9.890145968349704617e+02
9.900593433948882875e+02
9.646663921168792513e+02
9.895265514256570896e+02
9.889101451413457653e+02
9.964684871574594354e+02
1.004118934998380382e+03
9.899761922809990438e+02
9.923914073269742175e+02
9.826540506482435831e+02
9.769528103546902003e+02
9.733586059086607065e+02
9.701907843935779283e+02
9.872420723302270744e+02
9.773030150108414773e+02
9.733671858894041407e+02
9.758154271315081587e+02
1.003825155283147637e+03
9.939632768190958814e+02
9.822061333916094554e+02
9.801742339211543822e+02
9.774522080684712364e+02
9.892315936229299496e+02
9.835473213418579235e+02
9.958887270274366301e+02
9.690451625229910633e+02
9.856324961782706850e+02
9.638402356521452248e+02
9.714361344807452951e+02
9.796649676133840785e+02
9.877640393587805647e+02
9.738495253199645276e+02
9.859120855753250225e+02
9.713134122439421390e+02
9.777670811900190984e+02
9.714152823449846892e+02
9.837546414346501251e+02
9.647049203838250833e+02
9.799174905449782500e+02
9.836100123247579177e+02
9.768855704888356968e+02
9.860171424944608134e+02
9.746646878823648876e+02
9.860884899987860308e+02
9.822668582788292042e+02
9.735160051536680612e+02
9.907578052886251498e+02
9.732123414217869595e+02
9.774907416869943972e+02
9.807082891659067627e+02
9.748862174630505706e+02
9.822885066033990142e+02
9.837389775164650700e+02
9.844934525495272055e+02
9.797640536090099204e+02
9.703937454239755880e+02
9.685323006190837987e+02
9.697797030269467768e+02
9.720896265758814252e+02
9.914213898145051189e+02
9.779104767535570772e+02
9.763238476848871414e+02
9.821858560158841556e+02
9.843342623183397109e+02
9.751126425668689990e+02
9.660401260085197919e+02
9.587520314208916261e+02
9.857065674687665933e+02
9.633804126730626649e+02
9.899952485579597123e+02
9.764057697915424114e+02
9.584290062673236434e+02
9.566566723376776054e+02
9.687579805881514403e+02
9.769881195726427450e+02
9.763211399837505269e+02
9.659492889393715132e+02
9.647574663683511744e+02
9.579669819822015597e+02
9.659176600260516352e+02
9.757211394871472976e+02
9.606374885003955342e+02
9.655049056845479072e+02
9.724620939607142418e+02
9.621221837140165007e+02
9.610077791301549723e+02
9.512603945593459684e+02
9.565635111694182342e+02
9.670063970931171298e+02
9.748953530090636832e+02
9.739463027350129778e+02
9.763575856887988493e+02
9.781521878390568645e+02
9.517082026797480694e+02
9.689462814850980976e+02
9.656656103145058978e+02
9.596470724805404870e+02
9.587594935990474596e+02
9.790623104568259123e+02
9.759456395371421422e+02
9.685851253332762099e+02
9.630156160795692131e+02
9.664243084532222383e+02
9.698176189173647117e+02
9.674409991440049907e+02
9.559117279009619779e+02
9.641328933921324733e+02
9.741429706856457642e+02
9.635530446442319317e+02
9.800747098491115139e+02
9.723642424419695089e+02
9.608240972097034955e+02
9.604442271297654088e+02
9.590132561557799136e+02
9.706296663613703686e+02
9.437755711593740671e+02
9.764040875188535438e+02
9.679785178906583951e+02
9.543847654572173269e+02
9.508920843386167689e+02
9.686612480977897803e+02
9.686675547009093634e+02
9.719116834292151452e+02
9.662823167095631334e+02
9.624423149657784506e+02
9.580987477702943806e+02
9.687993603875238477e+02
9.682491402681177988e+02
9.611647648414644891e+02
9.506042818867335882e+02
9.521006662002557732e+02
9.561289678165750274e+02
9.626969437692259817e+02
9.496993349676337175e+02
9.434265006623680847e+02
9.521617714009238398e+02
9.770278051007287559e+02
9.474402357557662526e+02
9.627818057532921330e+02
9.384991915723353486e+02
9.647351981048406060e+02
9.690534842092298504e+02
9.585520862990994146e+02
9.579430636601682636e+02
9.585222211771955472e+02
9.564483924051551185e+02
9.597714636239875290e+02
9.474115394556718002e+02
9.570438972695036455e+02
9.633625845350999271e+02
9.404566088690763763e+02
9.574938457398711762e+02
9.632361273956711329e+02
9.557766838430511598e+02
9.392114085679751270e+02
9.508283556072004785e+02
9.554118652912861762e+02
9.495966983831563084e+02
9.521568634322148910e+02
9.379479319026637540e+02
9.577693729985816162e+02
9.419122408306775469e+02
9.507533029377412959e+02
9.455125647159005666e+02
9.254786382691576136e+02
9.519495168071889566e+02
9.590798269573708694e+02
9.461870423752051238e+02
9.622864729964567232e+02
9.521027053286952651e+02
9.398924938298282541e+02
9.552933260728885898e+02
9.398901182793687212e+02
9.353991370997055128e+02
9.529754152527816586e+02
9.548751182068921253e+02
9.406344182365494362e+02
9.522112307312733037e+02
9.455859357573240231e+02
9.457929677832153175e+02
9.476265841696215375e+02
9.449889134314911416e+02
9.341500676949136732e+02
9.425395662961177550e+02
9.376252520550916643e+02
9.539209138475371219e+02
9.321775062130859624e+02
9.442705749811320857e+02
9.355586208389995591e+02
9.444660417689992755e+02
9.319985635033484641e+02
9.339495175346726228e+02
9.432471342726216790e+02
9.366125335881033607e+02
9.436263620813116404e+02
9.636512288412283169e+02
9.454412081933564878e+02
9.407691484460090123e+02
9.362251864877039225e+02
9.471010823088191728e+02
9.239394795677195589e+02
9.468587597740273623e+02
9.315128301154716155e+02
9.276595833351323108e+02
9.372294988705803007e+02
9.359700530249471058e+02
9.296126069732069936e+02
9.348256583477156028e+02
9.314029340829965804e+02
9.488492314195736981e+02
9.421725159009563413e+02
9.300266511067509327e+02
9.459975796172620903e+02
9.477687166854353791e+02
9.355084630569599540e+02
9.298469777966149650e+02
9.235834898818609418e+02
9.456157484582430470e+02
9.180567115464175458e+02
9.370301211448685308e+02
9.334929173498439923e+02
9.472731227542282113e+02
9.176095162214298853e+02
9.200011238823794884e+02
9.383056068486106369e+02
9.345598436007691134e+02
9.221881343183525814e+02
9.151357425037874691e+02
9.368812364154923671e+02
9.259726005245802298e+02
9.374295470654305973e+02
9.292211999905490529e+02
9.275665285090882435e+02
9.021869081269368280e+02
9.152523885604576890e+02
9.061149378643235650e+02
9.123599414577629432e+02
9.341782814650703131e+02
9.259541519933610516e+02
9.061108436495950400e+02
9.311642307901158802e+02
9.303376193820232629e+02
9.133900426018715279e+02
9.149957355841937670e+02
9.223702625461245361e+02
9.233928149426561731e+02
9.267056612324591924e+02
9.105198320984849261e+02
9.173028315473543444e+02
9.383948923991966922e+02
9.221980879985000001e+02
9.428473752732342064e+02
9.139287495208462815e+02
8.954542617298627647e+02
9.146471666251534316e+02
9.154527059386771271e+02
9.159697625375798680e+02
9.218301426588111553e+02
9.192614320873519773e+02
9.291606871427702572e+02
9.144598973551662766e+02
9.202029254928811497e+02
9.100639222621787212e+02
9.113422575537930470e+02
9.365318669418040827e+02
9.350735983066413155e+02
9.192247121084767514e+02
9.278959827987634981e+02
9.251513393641259881e+02
9.165745841630681525e+02
9.084710195630864291e+02
9.187481572330852941e+02
9.236417683821985065e+02
9.235022517895637293e+02
9.113069398368404563e+02
9.149096201483495179e+02
9.001274054815364707e+02
9.026182907124415351e+02
9.147155866644434354e+02
9.358963215655130625e+02
9.215096778285251276e+02
9.199250820984282200e+02
9.073655512888525436e+02
9.110986252785780835e+02
9.131232850645313874e+02
9.154422795062299656e+02
9.283853319801465886e+02
9.004534977008906935e+02
9.198719258520620770e+02
9.131799631860130830e+02
9.147616505038959076e+02
9.102152285341570632e+02
9.114351227855654543e+02
9.029649407726174104e+02
9.024128001186354595e+02
9.054821106806367652e+02
9.095319704247970094e+02
9.046345435649792535e+02
9.160213830556875791e+02
9.126677581322610422e+02
9.085658915564152949e+02
9.225005959547693237e+02
9.131741221278826970e+02
9.129986020323857474e+02
8.954952802449998899e+02
9.034765593407257711e+02
8.983054662498459493e+02
8.981074233743796640e+02
9.101266472241068186e+02
9.166591402278197620e+02
8.969817742732413990e+02
8.994698629746283132e+02
8.865315434797497574e+02
8.795649643630366654e+02
8.968599568277061280e+02
9.026878675650102650e+02
9.035190199885354332e+02
9.092450606956371075e+02
8.910059166337318857e+02
9.020818259523831557e+02
8.970474426641025048e+02
8.966423276067623647e+02
9.039497612853607507e+02
8.918338627168062658e+02
8.978205470007536633e+02
9.088621348425282349e+02
9.008721155543055374e+02
8.939246519891291882e+02
8.931371909993316649e+02
9.004117087792877783e+02
9.076599997956697052e+02
8.994686248497927181e+02
8.868929503401423062e+02
8.945567594639359186e+02
9.115419037225040029e+02
8.999707946468956834e+02
8.919273736945084465e+02
8.961010622619338619e+02
9.001677403226223078e+02
9.050729884350456587e+02
8.797808942581619931e+02
9.075824868663278266e+02
8.962477470783943545e+02
8.984854287473862087e+02
8.842950970899789809e+02
9.007399825807339084e+02
8.921016064999762420e+02
8.861744144410147328e+02
8.875288120125718478e+02
8.934103322769135502e+02
8.755501915366395451e+02
8.864490858057868081e+02
8.882928131513501739e+02
8.835117665122346580e+02
8.953576767783961259e+02
8.839328490814579027e+02
8.718342482613103357e+02
8.728835192457510175e+02
8.920807637199637838e+02
8.723968839093142833e+02
9.046939689823607296e+02
8.799028072483263259e+02
8.804285376764781859e+02
8.930078049362275578e+02
8.904410636675368096e+02
8.800186039122011152e+02
8.908063211787625733e+02
8.872811664546990187e+02
8.814250230245501143e+02
8.638108297220629765e+02
8.721379856740488776e+02
8.676922054568839258e+02
8.852238164694828129e+02
8.740476149819826333e+02
8.856536910779965410e+02
8.587958367713484904e+02
8.753996193837447208e+02
8.786467834848708662e+02
8.769579513757823861e+02
8.625422839369543908e+02
8.696749330407078560e+02
8.746274106755699904e+02
8.789867593917855402e+02
8.869141012338000110e+02
8.935748373431949858e+02
8.671493400086349084e+02
8.851613614062505349e+02
8.900759877887844596e+02
8.761303335104782946e+02
8.587068704058538060e+02
8.694233123843889643e+02
8.823872781485085852e+02
8.850054988324104670e+02
8.579263845848715846e+02
8.763993041883952628e+02
8.535719313953741221e+02
8.657628223034906796e+02
8.778974257929500027e+02
8.674523236816821736e+02
8.773477487134500734e+02
8.636460871288135195e+02
8.797542256776547447e+02
8.768877402670273113e+02
8.634776319966014171e+02
8.793456846857230857e+02
8.690999848193064281e+02
8.817451453362417624e+02
8.701573342964020412e+02
8.665479993326159729e+02
8.879730653277418924e+02
8.727175250508133786e+02
8.690666043220174970e+02
8.594915912326821399e+02
8.747177177740774141e+02
8.648819735814649903e+02
8.549425187777685551e+02
8.612335344708734510e+02
8.680785385278340982e+02
8.598752460087818008e+02
8.712051602143288846e+02
8.591623859042116464e+02
8.538898844473561667e+02
8.589291992402181677e+02
8.582245086848140545e+02
8.632608843950789606e+02
8.732389525565621398e+02
8.696581081644094411e+02
8.527507352584203772e+02
8.461962617458872273e+02
8.578720950916464290e+02
8.686296565210801646e+02
8.442154112599827158e+02
8.597817440548582226e+02
8.544287156515709967e+02
8.595431011005701976e+02
8.485518140133458473e+02
8.467656231232133450e+02
8.569900093570314539e+02
8.433524063836230198e+02
8.494081445053350308e+02
8.681083366539925237e+02
8.506823168825728771e+02
8.567010795389281839e+02
8.624378108336910600e+02
8.469292589054250584e+02
8.532543989013984174e+02
8.633529010750509087e+02
8.653041196998216265e+02
8.492940274755965220e+02
8.469466531433932914e+02
8.520158513704541292e+02
8.573301998850882910e+02
8.511390362979290103e+02
8.484144172227432819e+02
8.595590473420728586e+02
8.451046469684306430e+02
8.457764096030116434e+02
8.368853697847973763e+02
8.591901774532963145e+02
8.551409300745629025e+02
8.430895218331357910e+02
8.498298400286352035e+02
8.565975487529138945e+02
8.406632629211075027e+02
8.193273563317148955e+02
8.335080062871882092e+02
8.440231464590667656e+02
8.399447331906878844e+02
8.463724874264096343e+02
