8.055668831649112462e+02
7.945322877178189174e+02
7.945926128276203144e+02
8.028836452575737894e+02
7.859989170673976560e+02
7.941423878913066119e+02
7.932227264366723603e+02
8.124499855309403529e+02
8.058447144562562698e+02
7.903568182025386477e+02
7.878276433708412014e+02
7.838493939117494165e+02
7.958509949341257652e+02
7.941730100133404449e+02
7.930956373255949075e+02
8.017186935229142364e+02
7.973691684076216006e+02
8.204459702375837651e+02
7.901280946998642776e+02
7.961094539983688492e+02
7.950505844750622373e+02
8.104995789812696785e+02
7.908515346041730254e+02
8.115989107628092825e+02
7.954059140635689573e+02
7.876111859876382368e+02
8.054499068267016355e+02
8.109436232172147356e+02
8.067655778747529212e+02
8.117202733942183386e+02
8.153405804844715021e+02
8.071625681709454057e+02
8.318534155616332555e+02
8.123644634220331682e+02
8.018702312298288462e+02
8.037607023709349505e+02
7.955650296465263409e+02
8.128306773499607516e+02
8.058312777245657799e+02
7.939232712095611078e+02
7.984265396457749375e+02
7.922275820605211720e+02
7.962200345585761170e+02
8.117196835357481177e+02
8.068156115333201797e+02
8.152781148913586549e+02
8.073204553455990435e+02
8.014921719929626533e+02
8.092941444277145138e+02
7.907303356010797870e+02
7.948856678340838471e+02
7.906868954381213825e+02
7.978720777556036410e+02
8.162903651497146029e+02
8.039973140434881316e+02
8.132788340181876947e+02
8.145736641295803793e+02
8.075666771848160579e+02
7.966763255687508263e+02
8.114435284249232154e+02
8.081670972054187132e+02
7.967655965129758897e+02
7.980306203567450893e+02
8.074288124102262145e+02
8.035849771205590741e+02
8.159086162606665766e+02
8.036860363964343605e+02
8.064454199239629588e+02
8.106297314124984723e+02
8.019234288970665148e+02
8.110905509285984181e+02
8.002111689054787576e+02
8.194406987592616360e+02
8.236291097850682945e+02
8.163621364631578672e+02
8.208281936435455464e+02
8.169451944333023903e+02
8.090393656496489712e+02
8.029983018587545303e+02
8.107232084814095288e+02
8.080130649656446167e+02
8.173331979659770923e+02
8.166203710945777630e+02
8.151395905192553073e+02
8.023402503365916800e+02
8.240472097485871927e+02
8.104056561969979384e+02
8.164945286634325612e+02
8.278018806053704566e+02
8.142738255969833290e+02
8.164539720049542666e+02
8.180443552008911183e+02
8.054917999596932532e+02
8.173567741306632115e+02
8.053614282982254053e+02
8.041611802619194123e+02
8.124482898089025866e+02
8.011778635106375077e+02
8.035888537149157855e+02
8.032482078087615491e+02
8.238249367892542523e+02
8.187574219305133738e+02
8.067526998765986264e+02
8.101856078894109032e+02
8.062558659495764459e+02
8.154238134217632705e+02
8.277279519970586534e+02
8.299766728693020923e+02
8.233383523092943506e+02
8.223531418821925172e+02
8.170540831685714238e+02
8.209850744344979603e+02
8.226945799708958020e+02
8.098131654639128101e+02
8.212382789004607275e+02
8.045156659875151490e+02
8.230544485442190989e+02
8.295375779229457294e+02
8.107440140289586452e+02
8.203422363248479314e+02
8.322977470798497279e+02
8.140191804563759206e+02
8.185580668471654917e+02
8.213495530681975652e+02
8.241986581256174986e+02
8.228085787835664178e+02
8.196517296533052104e+02
8.153044135984889635e+02
8.129315421285409684e+02
8.223498642594975081e+02
8.206071346354617617e+02
8.284080632484595981e+02
8.361195036822334714e+02
8.349457046566586769e+02
8.217750298174372574e+02
8.204720601397419841e+02
8.165006901011656737e+02
8.157479990290977412e+02
8.169071608402499578e+02
8.066418467257744851e+02
8.162350966638923637e+02
8.325612463630411639e+02
8.240468164715678085e+02
8.200601990468119311e+02
8.295947280435639186e+02
8.194660796470486730e+02
8.200214909169153543e+02
8.076231757864940164e+02
8.416009451529088210e+02
8.285691044985541112e+02
8.127500333848817036e+02
8.371790217994766863e+02
8.241500315318669436e+02
8.257324540720444475e+02
8.408515285544677909e+02
8.083528662702246947e+02
8.123645933851693144e+02
8.178948673359775512e+02
8.329237137597619949e+02
8.415464877799391843e+02
8.312223734960310821e+02
8.316850481264070822e+02
8.307167557252490724e+02
8.343570947025355053e+02
8.388852270473807948e+02
8.367710168579908441e+02
8.314813127762298564e+02
8.123141384810135150e+02
8.283257588811429741e+02
8.290728394218211861e+02
8.339920789229300908e+02
8.283673177826403844e+02
8.210340628400440437e+02
8.318766031596569519e+02
8.426251679334369555e+02
8.314027368143556487e+02
8.273379538909510984e+02
8.422299907912278059e+02
8.274580417378746233e+02
8.253085538845577958e+02
8.316476168443430197e+02
8.298786797526814780e+02
8.311617811543998187e+02
8.217734461997994231e+02
8.245643326943859392e+02
8.276025448233456245e+02
8.303166143475948502e+02
8.189390666771123506e+02
8.486486327861668997e+02
8.266778393239384286e+02
8.284581509998586171e+02
8.308168170700530482e+02
8.570196228076630405e+02
8.522712319027949661e+02
8.391943852482055490e+02
8.239332932937516034e+02
8.277934846884944591e+02
8.381251840142990659e+02
8.302215852221884234e+02
8.129299078285218911e+02
8.401097887800615354e+02
8.466402955940384345e+02
8.322446522630677919e+02
8.376510776152517792e+02
8.343659188106290685e+02
8.227902794864438647e+02
8.372450495884893371e+02
8.437412690481422715e+02
8.223851050380031893e+02
8.345508619801867098e+02
8.384010927050730970e+02
8.191029275929830646e+02
8.329270339436562836e+02
8.269137121359085540e+02
8.237473426033117221e+02
8.281896616351110652e+02
8.420353573254870980e+02
8.383378496978051544e+02
8.322655418524818742e+02
8.200961628001327881e+02
8.572329107415431508e+02
8.253591444308950713e+02
8.404805370370995661e+02
8.509078368404407229e+02
8.383879449914338693e+02
8.271976760692649577e+02
8.275986057504137534e+02
8.393304912793154244e+02
8.285846385247713215e+02
8.435226114221957232e+02
8.322085169268439131e+02
8.488925133949832116e+02
8.465738383797048527e+02
8.399300962848351446e+02
8.329336380977576937e+02
8.469975940331419224e+02
8.234012303174010867e+02
8.232548656478032854e+02
8.422496362742790552e+02
8.246474682223504260e+02
8.448488362305243982e+02
8.528350397177025570e+02
8.241099874178593154e+02
8.427791226260540043e+02
8.464299119191871341e+02
8.357994948078218158e+02
8.494365024183744026e+02
8.348278244780836985e+02
8.398208564696161602e+02
8.305841151731527816e+02
8.355042159845949072e+02
8.331693940892529326e+02
8.540389371130200971e+02
8.537894155184616238e+02
8.527768877162890249e+02
8.511552960906323051e+02
8.586399412972338041e+02
8.594766597705425966e+02
8.453712165189341476e+02
8.495893101675806065e+02
8.521052727347407654e+02
8.365683536094043120e+02
8.445467853025538716e+02
8.403745027386655693e+02
8.566428735568871389e+02
8.420437687749341649e+02
8.481522566473423694e+02
8.409629296645272234e+02
8.608685987277013965e+02
8.501634927230636549e+02
8.379219795658995054e+02
8.344504124623665575e+02
8.464464363461808034e+02
8.479906643677572902e+02
8.417466947398054344e+02
8.489090928969108063e+02
8.521677252409851917e+02
8.581233728046584019e+02
8.476855729136432274e+02
8.468065443541047443e+02
8.482922573973384033e+02
8.499906527231656810e+02
8.374796542581923404e+02
8.697558771398132649e+02
8.443040161874146179e+02
8.581483942297071508e+02
8.626485754870376468e+02
8.377676398747855728e+02
8.404078721907073941e+02
8.513859403091430522e+02
8.386130020257879778e+02
8.455315892082574010e+02
8.609019820225576041e+02
8.594368982862689563e+02
8.606195767493182984e+02
8.638375298188756233e+02
8.455687260800939384e+02
8.676011428775649392e+02
8.546729571333801232e+02
8.534040412538497549e+02
8.609388758491199951e+02
8.455115723186668220e+02
8.444110007865374428e+02
8.595471563477320842e+02
8.502664263712084676e+02
8.568291819776763987e+02
8.543639817723587839e+02
8.469098393424313826e+02
8.527393257528113963e+02
8.628557087185995442e+02
8.495725478836528737e+02
8.597957619856695146e+02
8.622044333821546616e+02
8.544357115609620905e+02
8.476193049816689609e+02
8.595540678793878442e+02
8.561609499748003600e+02
8.547816943685592150e+02
8.527795543932140845e+02
8.476474876847339601e+02
8.521874706090710561e+02
8.437514329657884673e+02
8.601531040425691117e+02
8.545092523119728867e+02
8.629465034205267102e+02
8.485482311562766427e+02
8.572901188206249117e+02
8.504731293185243430e+02
8.497473524252853849e+02
8.747492874458170036e+02
8.476840878986549797e+02
8.455822251088208077e+02
8.462128054967149637e+02
8.687901964161187607e+02
8.512734785001475757e+02
8.610432514732470963e+02
8.539691478001872156e+02
8.637397475620950900e+02
8.629372397467268456e+02
8.709593175410174126e+02
8.409366302265236754e+02
8.675285533438834591e+02
8.617562589061894869e+02
8.659319787690019439e+02
8.614929302750367697e+02
8.619715217631600126e+02
8.612607223259082048e+02
8.640945198141649826e+02
8.601514944798433362e+02
8.622391882333231479e+02
8.581548488214240251e+02
8.696900983573095800e+02
8.610925750520207202e+02
8.743602494974105639e+02
8.774679271103692599e+02
8.610076549469238216e+02
8.562844418072371582e+02
8.695723055240609938e+02
8.620003502196651652e+02
8.761227269248134917e+02
8.546649109348345519e+02
8.473807098186127860e+02
8.564016636073421296e+02
8.746556757259390906e+02
8.626775377986614330e+02
8.738686843189420870e+02
8.531602843735363422e+02
8.685003387554514802e+02
8.606862247382339319e+02
8.716251366452772800e+02
8.626306125863937950e+02
8.818434072574067386e+02
8.734166686970535238e+02
8.888492246573314333e+02
8.537819669432492447e+02
8.817814465198573544e+02
8.656778216928146321e+02
8.599203353208548606e+02
8.648128378794827995e+02
8.559501171647245883e+02
8.675002333123602511e+02
8.864820757738573320e+02
8.652336708082320911e+02
8.623757645005854329e+02
8.822386889106322769e+02
8.709995360573539074e+02
8.675450419031934643e+02
8.798007100787918944e+02
8.652678186906942983e+02
8.746779150261862696e+02
8.663928806873882422e+02
8.874147198761162372e+02
8.685660496352659266e+02
8.697159228970426739e+02
8.797665206102594766e+02
8.780198587080993775e+02
8.869361903406909278e+02
8.712327243780866866e+02
8.706471348090676656e+02
8.674254370435835426e+02
8.727753675104810327e+02
8.695168869420973579e+02
8.841561314169496200e+02
8.550727725741551239e+02
8.748577136482956575e+02
8.705411631094401628e+02
8.759417195141444381e+02
8.733860418472308993e+02
8.619624788065829080e+02
8.832523876483646745e+02
8.660118455454365858e+02
8.656552545599091673e+02
8.841858177586701686e+02
8.789548613552490224e+02
8.800396179112165100e+02
8.762388124237993452e+02
8.686817890411854250e+02
8.699219480927041559e+02
8.926323470485406233e+02
8.689425837471661680e+02
8.751610207228416130e+02
8.846555580629465112e+02
8.772747269689880341e+02
8.844388642749358951e+02
8.788029417581315101e+02
8.803570671911502359e+02
9.001067070623599875e+02
8.742554452637456279e+02
8.762582922958929430e+02
8.780124025949627367e+02
8.805295330591782204e+02
8.655906551642613067e+02
8.705205601690205413e+02
8.799548089500727883e+02
8.790358692169584174e+02
8.779582526058733265e+02
8.748587205354600655e+02
8.763617462957832913e+02
8.746249731043365045e+02
8.834842663150162707e+02
8.977305200538035024e+02
8.646005386910742345e+02
8.786661803759374152e+02
8.850658006763410413e+02
8.952161196680210651e+02
8.902277440919297078e+02
8.894770919668296756e+02
8.794070552302927126e+02
8.909985367835215584e+02
8.971886109566171399e+02
8.756189569543111020e+02
8.822020207225673403e+02
8.795832144732547704e+02
8.669772194056263288e+02
8.809673244178808318e+02
8.835714066079625582e+02
8.923293032721111331e+02
9.034123848491185527e+02
9.007539131796240781e+02
8.892374859991138010e+02
9.032464497329285678e+02
8.918196799887848556e+02
8.889953655431162360e+02
8.868828364229758563e+02
8.964282298024396596e+02
8.785882552796446134e+02
8.634924235318213732e+02
8.980731738705646876e+02
8.831152609492270358e+02
8.900444842930442064e+02
8.862228602827602799e+02
8.866006182253523775e+02
8.829894891805172392e+02
8.856300134648640778e+02
8.876167756442761174e+02
8.816139242078852476e+02
8.809190723846666060e+02
8.789780956077289602e+02
9.132057748010048499e+02
9.052914110985062734e+02
9.043855943123620591e+02
8.879241482866952992e+02
8.967590458217766809e+02
8.861753008201461626e+02
8.849364316794928982e+02
8.844443066012315739e+02
8.987741227240692297e+02
8.882235667334798563e+02
8.889873670465707391e+02
9.000538505010888457e+02
8.861134314868910451e+02
8.835606864307992510e+02
9.002436441227461046e+02
8.852869374359586345e+02
8.988671046554454733e+02
9.045431371394374764e+02
8.970334244360842604e+02
9.027300168598620758e+02
8.827142256448538546e+02
9.078241772492299333e+02
8.983015962982681231e+02
8.999283079354341908e+02
9.063611300878141037e+02
8.896064902948049848e+02
8.918115887194556990e+02
8.985030661646362660e+02
9.079309926090505769e+02
8.875308507056666940e+02
9.055636844382810295e+02
9.079460884046993669e+02
9.069990304677600079e+02
8.874652281376824021e+02
8.909023702393393478e+02
8.964391754238406520e+02
8.989653335514647097e+02
8.892361986193694747e+02
8.935162995673497335e+02
9.065042575392438948e+02
9.165938388347990440e+02
9.043323474280045957e+02
9.102804582715868946e+02
9.082232489092446031e+02
8.853828984742744979e+02
8.906994522181450975e+02
9.049137655479212299e+02
9.117183165694488025e+02
9.197197328205894564e+02
8.896713804074499876e+02
8.960318932815767994e+02
9.038548306344556522e+02
9.090081308166182907e+02
9.195264049425483108e+02
9.063561494446352071e+02
9.023002699880702266e+02
9.023125160177856969e+02
9.090969128058204660e+02
9.069509548988831966e+02
8.976241172559028882e+02
9.057412914103703088e+02
8.907427325721564557e+02
9.112719684095155799e+02
9.030160150000657495e+02
9.047063797559263776e+02
9.039718962537057223e+02
8.923248570983863601e+02
9.202062806605780452e+02
8.963488580400595538e+02
9.078302549369077497e+02
9.208905104518527196e+02
9.094706177058363892e+02
9.137796313351481103e+02
9.106550893722939009e+02
9.083476501941595416e+02
9.032831506495214171e+02
8.997142801252780373e+02
9.135022167392969550e+02
8.991772251385328900e+02
9.135502596340410264e+02
9.086840363436600683e+02
9.120584573539183566e+02
9.121689003853523445e+02
9.280352645338899720e+02
9.023216744471484390e+02
9.191827443089970302e+02
8.994204341576318029e+02
8.929657274901617257e+02
9.013324755332137102e+02
9.106754515257387084e+02
9.093991683271293596e+02
9.104055468917356393e+02
9.202193598127205405e+02
9.102929740446454616e+02
8.981687042682245874e+02
9.154705572005029808e+02
9.109596925703549459e+02
9.218724781424670027e+02
9.056670592074195838e+02
9.134629885108613507e+02
9.210668228868772758e+02
9.080082897344100274e+02
9.147501702398046746e+02
9.152306226397795399e+02
9.138563961265607531e+02
9.052044803170781506e+02
8.923065239730702842e+02
9.133468260847696456e+02
9.186392196029936486e+02
9.044781695813942406e+02
8.954865991388865041e+02
9.224253211883328731e+02
9.088161983758379847e+02
9.163972975734558304e+02
9.207441312771254616e+02
9.116425861359350620e+02
9.070185572906644893e+02
9.181397835656204052e+02
9.168270967926800949e+02
9.044474406602663521e+02
9.149369068517472670e+02
9.252139469670185008e+02
9.376339950058736576e+02
9.214242992238628176e+02
9.332468736553710187e+02
9.275629586093316448e+02
9.337187248754161146e+02
9.075607075523272442e+02
9.124497620355293748e+02
9.159541837643379267e+02
9.115115869322628441e+02
9.107539285674930625e+02
9.226024161231824792e+02
9.210707732462956301e+02
9.283243525801419764e+02
9.240991484917756225e+02
9.399763107801176147e+02
9.273360860790789957e+02
9.173192429535725978e+02
9.155302753867747469e+02
9.281132144533368091e+02
9.209959306212214187e+02
9.314905761113653853e+02
9.304686054810266569e+02
9.135448602091554449e+02
9.273013466193096974e+02
9.266317901416376799e+02
9.278144514911248280e+02
9.307119057063358696e+02
9.408015660227954413e+02
8.995351737545391870e+02
9.188040257448500370e+02
9.269931927688139695e+02
9.186284266238611735e+02
9.213618174465383390e+02
9.368191011981534757e+02
9.186320333428780032e+02
9.305126488523625312e+02
9.248627122274489238e+02
9.308596408829669144e+02
9.293679302422784758e+02
9.324723134569082958e+02
9.269261456693108130e+02
9.215836231316079648e+02
9.245402424722536807e+02
9.269972299128131681e+02
9.251723153803194464e+02
9.249766564835692861e+02
9.239655409594408866e+02
9.226733663682499582e+02
9.214880722204575250e+02
9.189802295478223186e+02
9.382851241884968658e+02
9.233909755960953589e+02
9.283417868053933262e+02
9.278457051058915113e+02
9.451685893244400631e+02
9.359683246031916042e+02
9.271369177633994241e+02
9.364326645814961694e+02
9.327659652626323350e+02
9.475383781778886032e+02
9.348094108806216127e+02
9.352778879697668799e+02
9.272348479392603622e+02
9.302420130593646945e+02
9.479838380675246299e+02
9.441669787239037532e+02
9.231682081449417865e+02
9.357379795724874612e+02
9.144009539195204752e+02
9.388634633675321766e+02
9.197872435725801097e+02
9.525453713262730844e+02
9.447661221658423756e+02
9.430706386911292611e+02
9.350149852891536284e+02
9.375776384586222321e+02
9.410695246123755169e+02
9.354638738523847223e+02
9.482952682910608928e+02
9.405549772994892237e+02
9.158065089589574654e+02
9.438149874611790437e+02
9.346140103058266959e+02
9.382042331696559359e+02
9.439231214779275660e+02
9.347584738402276798e+02
9.374259651729137204e+02
9.522250859309338011e+02
9.300298558053824536e+02
9.393216999331406214e+02
9.404305678523663801e+02
9.419766734520026148e+02
9.589137128425771834e+02
9.488685650561604916e+02
9.439165551498223294e+02
9.410367490125177028e+02
9.449913432118270293e+02
9.334802793364358422e+02
9.526146359461777138e+02
9.445072543702867733e+02
9.574938495958033400e+02
9.472663348168576931e+02
9.302171211815258403e+02
9.350537445458164711e+02
9.319589234872643146e+02
9.431169114757010448e+02
9.534351328718032619e+02
9.431043044837891784e+02
9.531176415817436691e+02
9.528849446101276044e+02
9.447738905772781663e+02
9.560517109571877654e+02
9.613093388589302322e+02
9.439044457776039962e+02
9.481378970273985942e+02
9.442666142167232692e+02
9.438241507505238133e+02
9.444768877666028857e+02
9.433515493301490551e+02
9.588330157900962831e+02
9.563555790058359207e+02
9.459453288890611020e+02
9.437342989175012917e+02
9.473482874087528671e+02
9.469346376401365433e+02
9.529195994686190261e+02
9.416594853461804178e+02
9.302003504984913889e+02
9.469476617359663351e+02
9.562038630385844726e+02
9.586702505287616987e+02
9.502555941644543509e+02
9.498953940702787122e+02
9.721882841287252859e+02
9.476961038002705209e+02
9.617890097455169780e+02
9.454097939739516505e+02
9.459698632861417309e+02
9.666541683634368383e+02
9.580688423443639294e+02
9.496647192299595872e+02
9.548708594518965356e+02
9.680790989009739178e+02
9.509011349789637961e+02
9.524081912946134025e+02
9.675477270799663074e+02
9.561062655282969445e+02
9.696329051933416849e+02
9.552206514284023342e+02
9.451640762315164466e+02
9.418750357658294661e+02
9.553303999878883133e+02
9.441352067453625523e+02
9.633090238059978674e+02
9.558295518495538090e+02
9.636859810936299482e+02
9.618798705998531204e+02
9.487309023036748385e+02
9.642318566935884974e+02
9.566322296102729297e+02
9.496648140364566189e+02
9.632336417116445091e+02
9.516273016042415520e+02
9.496908551424429561e+02
9.494597714166453670e+02
9.667347530636646979e+02
9.572830361018570784e+02
9.606319032254542662e+02
9.577766430116297443e+02
9.614773974265339120e+02
9.728673068757449300e+02
9.757712784226558824e+02
9.467437829082996359e+02
9.668215531692649165e+02
9.578540926668659949e+02
9.803751499929330748e+02
9.629866343655708079e+02
9.691718920543635249e+02
9.577771754560725412e+02
9.566460404594056399e+02
9.615990140863391389e+02
9.739556992389734660e+02
9.497136192442874290e+02
9.802308091776743595e+02
9.652546941254604462e+02
9.634446675414218362e+02
9.687288463011564090e+02
9.553079302218606017e+02
9.626238582805194710e+02
9.716237951525931749e+02
9.729126579205553753e+02
9.797529322456747423e+02
9.717743996096819501e+02
9.679108796773442691e+02
9.841797826585237772e+02
9.774330325916962465e+02
9.643664625566431141e+02
9.544842125788964040e+02
9.612093257795603449e+02
9.806387598365588474e+02
9.705210295441587505e+02
9.599473599282968053e+02
9.598787964371575754e+02
9.677578632698841830e+02
9.579932790664621507e+02
9.722044788063872147e+02
9.819971887725184843e+02
9.617878764811622432e+02
9.999653510508577483e+02
9.619493874178001533e+02
9.679821092234568596e+02
9.728400465102786256e+02
9.693122264289111172e+02
9.753888345305913390e+02
9.699111897159618820e+02
9.666600251403549464e+02
9.764288173334456360e+02
9.662221008251044623e+02
9.808013463102420246e+02
9.809043399770959013e+02
9.961005442892002293e+02
9.801811998276614304e+02
9.812964444063914016e+02
9.776234545596602175e+02
9.718946198734511199e+02
9.851886956930065935e+02
9.787506506859042474e+02
9.738567652039215545e+02
9.746690404207008669e+02
9.699545033994354526e+02
9.706952364336951860e+02
9.801704344233548909e+02
9.849258854291987291e+02
1.000881553917296287e+03
9.697220925140716190e+02
9.760148897724327526e+02
9.817726907353836623e+02
9.721209655429088343e+02
9.928028407004064775e+02
9.830782298396559327e+02
9.830887162624430857e+02
9.651661566051590171e+02
9.864675763128101380e+02
9.884623053829401442e+02
9.876855589984347716e+02
9.753560138981584942e+02
9.827593502115460069e+02
9.685635088661426835e+02
9.749045949032995395e+02
9.890284609998235510e+02
9.741422816159313243e+02
9.942165755941355201e+02
9.937132476704560986e+02
9.869345516243386101e+02
9.670681512095133030e+02
9.932394045234001396e+02
9.982960577934935600e+02
9.870551694185159022e+02
9.686130269473458156e+02
9.866201101480008901e+02
9.842351734763127524e+02
9.789045891423752437e+02
9.849834616248011798e+02
9.798987550526125005e+02
9.867254987756672335e+02
1.005091917441645364e+03
9.858376155087250936e+02
9.861644586510801673e+02
9.861132665155716950e+02
9.931852733168027498e+02
9.817428335471245191e+02
9.731283739669198667e+02
9.951879416909232532e+02
9.802707419779251268e+02
9.909084443089284377e+02
9.822031006608718826e+02
9.796447297119723316e+02
9.906188211103003596e+02
9.944099576044158084e+02
9.941058372161994612e+02
1.000575813540130412e+03
9.838276923839744086e+02
1.001218807941112118e+03
9.984403250806133201e+02
9.871794107369901212e+02
9.909530200621946960e+02
1.000719994011959670e+03
9.950134966791771376e+02
9.919765068691420993e+02
9.961496656251114246e+02
1.002103892048032435e+03
9.923680113805485234e+02
1.001650595614076224e+03
9.993911591577117406e+02
9.747879909317516649e+02
9.937194903594732978e+02
1.003449284511882752e+03
1.012930439738833002e+03
1.010937160019996099e+03
9.979551674569763691e+02
9.877585493306524995e+02
9.999121043422885577e+02
1.013421820669998965e+03
9.854423681132722095e+02
1.006440739607513592e+03
1.003968705467004497e+03
9.924932629238454638e+02
1.000195376837326762e+03
9.861415698797788991e+02
9.818221468498085187e+02
9.802115206414141539e+02
1.002500245310141395e+03
1.002672637457819974e+03
1.002939375106561670e+03
9.988999532948314481e+02
1.004013588162854376e+03
9.964397850928177149e+02
1.009992923233370789e+03
1.005969437317095071e+03
9.994952897041798678e+02
1.001364037831078008e+03
1.009522749357428665e+03
1.003922052001465204e+03
1.012915399199817898e+03
1.013691186849591077e+03
1.004030735428340790e+03
1.003095772904548653e+03
1.001480751088932720e+03
1.004992281506231166e+03
1.014315948610359101e+03
9.969512004283794795e+02
1.023326589257125647e+03
1.006071179762113047e+03
1.023731633170276496e+03
1.005072460976385400e+03
1.004416253346339545e+03
1.009098980063987710e+03
1.009901228543894831e+03
1.023212525336127555e+03
1.006857467916079031e+03
1.010854263873273794e+03
1.007780833187248959e+03
1.009983239781396037e+03
1.008614991165749416e+03
1.000580284334417911e+03
9.942921615940374522e+02
1.008460548321893157e+03
1.009019493930008139e+03
1.008450753726814128e+03
1.013740728648534287e+03
1.008171303067156146e+03
1.014702438655806304e+03
9.964335131796301539e+02
1.015088879728775282e+03
1.030055381078461778e+03
1.009666080167876089e+03
1.015229708699988350e+03
1.020949062436397298e+03
1.017478150519159158e+03
1.021105916337556209e+03
1.019634774031729648e+03
1.012559009551242184e+03
1.017117751633822081e+03
1.020201974452204240e+03
1.018616396149250477e+03
1.002129841255946872e+03
1.007665588231588686e+03
1.028889053090693778e+03
1.012872460307104120e+03
9.984435687400271036e+02
1.025965901849994225e+03
1.012722317984703750e+03
1.007677783174948786e+03
9.987319736948151103e+02
1.029651144927739551e+03
1.011565806737136995e+03
1.015705395220625746e+03
1.021447770559429159e+03
1.029802994990801153e+03
1.019440221397989035e+03
1.029931577204104542e+03
1.039653148983823485e+03
1.031494150122273822e+03
1.023718871213276998e+03
1.026627591851002535e+03
1.024591551296049147e+03
1.038930358209735459e+03
1.026918041868341106e+03
1.022491957980947404e+03
1.024271579596069387e+03
1.021527460509108437e+03
1.043989407194114619e+03
1.020280809262593039e+03
1.033841315316703913e+03
1.041471005167167050e+03
1.036023636527224198e+03
1.019295864075629311e+03
1.043297772595497690e+03
1.040777320419424768e+03
1.030431920888849845e+03
1.029474273290487872e+03
1.019039240287709617e+03
1.030543463773821713e+03
1.043644641440092300e+03
1.028962543074574796e+03
1.042214067428190219e+03
1.032168630674188989e+03
1.040018920989613889e+03
1.034160586531813351e+03
1.031320972542955133e+03
1.031278464715345763e+03
1.026016384250390956e+03
1.043734114818011676e+03
1.032517679042609188e+03
1.046344621764782460e+03
1.039924926219704957e+03
1.028978885849107883e+03
1.027705103713783046e+03
1.033664991544217855e+03
1.026261065995961872e+03
1.043208032198804403e+03
1.034540133217655693e+03
1.051882978429699278e+03
1.037317373404726368e+03
1.023545052201439603e+03
1.047694990940080970e+03
1.040268388392745237e+03
1.028424399214356981e+03
1.049094211129968016e+03
1.054689740539229888e+03
1.022775311273880789e+03
1.029353676587732934e+03
1.050191366686555966e+03
1.037072353554259280e+03
1.056275913551450003e+03
1.043735616769279204e+03
1.034596208402004777e+03
1.040090558810303719e+03
1.034165906278991315e+03
1.044203243823621506e+03
1.041014142163091492e+03
1.045559084587960569e+03
1.054243025029975797e+03
1.034533097546913950e+03
1.039265412982353382e+03
1.044808020689121349e+03
1.043784231017234333e+03
1.045442286774147760e+03
1.042624027304474339e+03
1.058238926553672627e+03
1.026883401881828604e+03
1.048081384688965045e+03
1.036309365969667169e+03
1.040146203155962439e+03
1.056550036398569091e+03
1.026834984526640483e+03
1.045706775907687188e+03
1.060780720244451459e+03
1.047783530378552086e+03
1.045565175879725984e+03
1.044324655699345612e+03
1.047730671181428306e+03
1.041241103045472983e+03
1.038066296984373594e+03
1.037819333136354544e+03
1.033635352467739722e+03
1.060393126112998743e+03
1.060027152833310765e+03
1.063035842945719651e+03
1.057476813404332233e+03
1.049074156686472179e+03
1.043556613956087176e+03
1.052268354590756417e+03
1.061754001924197610e+03
1.048568866916755724e+03
1.042615070744332570e+03
1.052243547841712370e+03
1.044728935747005835e+03
1.057904091305014617e+03
1.029273434665645254e+03
1.084601485629331364e+03
1.050286891773839898e+03
1.067314544199505917e+03
1.056453475845831690e+03
1.051450136578733691e+03
1.074698636485006318e+03
1.054587713672366590e+03
1.054104078168275919e+03
1.065663048301457366e+03
1.053832013131153644e+03
1.064129668324391560e+03
1.061982211852921409e+03
1.060119900621992656e+03
1.054945629193966170e+03
1.066588963837459005e+03
1.074756370948574613e+03
1.069808737696421076e+03
1.057243044554734752e+03
1.066363320455073563e+03
1.052862874058083662e+03
1.078920235510711791e+03
1.065645937691393556e+03
1.063119191098343890e+03
1.080951277116127358e+03
1.059596260240956781e+03
1.058537567967704717e+03
1.065784625425653758e+03
1.062880710576726415e+03
1.058966608392783655e+03
1.053525729741711075e+03
1.079561921599664629e+03
1.059885761428163278e+03
1.068205392243774440e+03
1.068753753273409757e+03
1.060504107323578864e+03
1.079761445826283534e+03
1.056045028340043018e+03
1.066009689583898989e+03
1.066139107912299778e+03
1.071102690046930093e+03
1.075906093176204195e+03
1.056744909350965145e+03
1.070913853992114582e+03
1.060729627226935918e+03
1.069750635626968915e+03
1.066242966953580435e+03
1.075163112253451800e+03
1.081381624563519608e+03
1.058568580543794496e+03
1.073793545059430926e+03
1.073175688477195990e+03
1.075419421063841128e+03
1.074210582904219109e+03
1.076825480164586907e+03
1.063332430386040187e+03
1.067074522499621025e+03
1.073880590299657570e+03
1.088523555118039212e+03
1.074966806213306654e+03
1.083964541824371508e+03
1.070758435256806479e+03
1.077332068407820998e+03
1.052298808013447797e+03
1.089931614009727355e+03
1.083733783303429391e+03
1.077784316225938255e+03
1.087798986498097747e+03
1.093365418548629350e+03
1.079379144882472929e+03
1.080268983203757898e+03
1.084957662104813835e+03
1.073891864504526893e+03
1.076220639839559226e+03
1.065751955177575155e+03
1.076389052062873816e+03
1.081316875353203159e+03
1.080973328635997632e+03
1.108441598934339254e+03
1.065481050088206075e+03
1.078216012317694322e+03
1.077182578064369409e+03
1.079095650434144318e+03
1.096327239517805538e+03
1.093986749912915002e+03
1.085196863117625298e+03
1.078854859951470189e+03
1.097817668544338858e+03
1.078304518033957947e+03
1.077925596872290498e+03
1.084937093273429809e+03
1.090885975765367675e+03
1.096810432290079689e+03
1.087976853759583491e+03
1.100260665117785038e+03
1.092366717311050934e+03
1.096331931479168816e+03
1.093225589636126188e+03
1.100824074678794204e+03
1.107509821550675724e+03
1.083489746787529612e+03
1.093432546221562461e+03
1.099882640983109241e+03
1.090741632977163590e+03
1.101431894543722365e+03
1.101455920185475861e+03
1.093496609157510875e+03
1.100109500516657135e+03
1.097954243910271543e+03
1.102187976871987985e+03
1.101953233951332777e+03
1.095767933651757403e+03
1.088096035005477006e+03
1.093397452579047240e+03
1.097398147700349000e+03
1.095034176689019432e+03
1.105379659721418648e+03
1.091890325561541886e+03
1.086997605540679160e+03
1.110952513271875887e+03
1.100524342639476799e+03
1.096313252765517746e+03
1.091396240417236640e+03
1.097827728385414730e+03
1.109910866867271125e+03
1.100484663949999231e+03
1.104252838146113390e+03
1.096294642026675092e+03
1.109155528004321468e+03
1.113184165673602820e+03
1.100651050026049916e+03
1.086126147807027792e+03
1.108005136181936223e+03
1.096396466130792078e+03
1.116084003290144437e+03
1.096105675730801750e+03
1.105980752726799892e+03
1.109643915337878298e+03
1.110091821013420486e+03
1.117483081818095798e+03
1.108062973184759358e+03
1.087585310913527337e+03
1.111529856757508242e+03
1.116788246994129850e+03
1.102935398039323672e+03
1.121168427312780977e+03
1.100016671820752435e+03
1.096909730376233483e+03
1.127692481430386579e+03
1.111384507012870472e+03
1.107342062386427415e+03
1.102800378030798583e+03
1.112974056956765253e+03
1.119457019268717886e+03
1.112560720769145064e+03
1.114903944643383511e+03
1.111487074750294823e+03
1.112050098248542781e+03
1.101766922927745100e+03
1.126575074638702290e+03
1.108109729436057933e+03
1.112817848974807021e+03
1.119182523271876107e+03
1.112077938802769950e+03
1.103846235886354634e+03
1.114177031582567906e+03
1.103601602318172127e+03
1.121308661041854293e+03
1.128094281350515757e+03
1.103794592772899023e+03
1.110104965731266248e+03
1.121854523664398585e+03
1.124437099350185463e+03
1.120308529097748533e+03
1.116916752143137955e+03
1.120739177883938510e+03
1.112950194728760607e+03
1.121943457205101367e+03
1.126330090067117453e+03
1.122651475475162670e+03
1.122144348494461838e+03
1.099777534690055290e+03
1.127541345663287530e+03
1.128441023400660697e+03
1.107315106467626720e+03
1.124541519422456759e+03
1.109206734584128071e+03
1.113076551884557375e+03
1.137745519577658115e+03
1.113348699162979301e+03
1.133149177297583719e+03
1.124382329813209481e+03
1.121389300580273812e+03
1.123749806532645835e+03
1.126360257100068793e+03
1.139716405069759503e+03
1.139898686615844781e+03
1.124975098756146053e+03
1.127156423135277919e+03
1.143623376425476636e+03
1.143593922704357283e+03
1.132717408656702219e+03
1.124617768349214884e+03
1.126557360972039987e+03
1.136809959026874594e+03
1.119561957558620861e+03
1.115171723490333306e+03
1.130897380348015986e+03
1.129228902485476738e+03
1.131493127369370768e+03
1.135054114961280220e+03
1.126713620693733901e+03
1.147496049272895561e+03
1.143662789741068536e+03
1.137484677226420672e+03
1.126012752926652411e+03
1.123735220022480235e+03
1.144967210089936771e+03
1.138079379663695590e+03
1.131126625298351655e+03
1.127473844090497096e+03
1.139389818379283042e+03
1.134893799213243710e+03
1.133463692641127409e+03
1.151781960669798082e+03
1.142255002088485980e+03
1.143529585337335220e+03
1.144251778983058557e+03
1.140625999870865371e+03
1.153704471955191593e+03
1.136859584934491522e+03
1.128260720814705564e+03
1.139593196580038693e+03
1.145047511117850718e+03
1.153945979568658913e+03
1.152423063373515561e+03
1.134655457970851785e+03
1.142466230482237279e+03
1.143091992499966864e+03
1.140943010190625046e+03
1.159852283890969147e+03
1.130070392419380823e+03
1.146092198145021030e+03
1.151226752349222124e+03
1.148497981576375651e+03
1.141167730214012181e+03
1.146733702814018443e+03
1.148989064529420602e+03
1.155956108500927940e+03
1.161716733018417017e+03
1.143504742459927456e+03
1.145883051537636675e+03
1.143658530480945956e+03
1.149011177813428731e+03
1.159797342925774501e+03
1.144461317410380843e+03
1.160634548168058700e+03
1.157633079377380909e+03
1.153070532819016762e+03
1.152971575434532724e+03
1.139393238938899913e+03
1.156167784027768221e+03
1.152784514777319373e+03
1.144204803632922676e+03
1.161701162458841964e+03
1.153284421587275801e+03
1.158982045526213142e+03
1.165905579554450014e+03
1.145211122789929277e+03
1.160868800580831476e+03
1.149463895288909043e+03
1.160951415391286446e+03
1.169602166923947379e+03
1.157228130442236761e+03
1.166362603917084925e+03
1.159407315998342938e+03
1.161543189898263108e+03
1.151813985820578182e+03
1.165863985346693426e+03
1.175884628910628862e+03
1.162408052128036616e+03
1.177374608720699825e+03
1.175767421796313556e+03
1.176228510455018522e+03
1.177006090966214060e+03
1.179243075949370677e+03
1.182432270612674984e+03
1.163722854275000373e+03
1.168167203043048175e+03
1.157657623375256435e+03
1.197828083883587169e+03
1.175358091021930022e+03
1.177106756059929012e+03
1.153269168045091192e+03
1.160730836170013845e+03
1.164164636346701627e+03
1.175327510215339316e+03
1.187898651122550746e+03
1.180945164645872183e+03
1.170715976826851147e+03
1.166720481898617891e+03
1.159498795440849563e+03
1.176854497365297448e+03
1.156917095028561562e+03
1.183238963506785467e+03
1.184224723740859417e+03
1.195274995142442549e+03
1.199729861325556612e+03
1.170497868123780790e+03
1.186712381389384745e+03
1.173841032141752521e+03
1.195032845453624304e+03
1.183587306632011177e+03
1.186509598461486576e+03
1.175624978884843131e+03
1.183586513543853926e+03
1.189045275440926844e+03
1.161296871602651663e+03
1.188422326655585039e+03
1.189635767022459504e+03
1.196969215374807163e+03
1.194654630963735599e+03
1.181968776807530958e+03
1.183941130283652456e+03
1.166832618509599342e+03
1.191501852429242035e+03
1.192809889023634469e+03
1.187104838743039636e+03
1.196752199281002277e+03
1.190466121909654703e+03
1.181913426370373145e+03
1.201650638417142318e+03
1.187404651436940185e+03
1.184028136005968463e+03
1.184303474667515729e+03
1.184031975090364995e+03
1.194174712251109213e+03
1.190393277465321034e+03
1.187904604349079818e+03
1.203562071792723373e+03
1.188781070445948217e+03
1.177999686233376679e+03
1.190507960030359527e+03
1.186438980227380398e+03
1.185684774253240676e+03
1.190450813839119519e+03
1.197528834659636914e+03
1.196262039158750667e+03
1.189296689097570606e+03
1.188712656677548694e+03
1.208903240990834774e+03
1.212528120677121024e+03
1.182184230852915334e+03
1.206890761959025212e+03
1.181348616720757491e+03
1.194679580131123885e+03
1.206597693440426610e+03
1.195076358964135352e+03
1.198479521724971619e+03
1.197375852721334923e+03
1.195978683495367704e+03
1.200742823540326071e+03
1.213962006664878572e+03
1.189647150238069116e+03
1.205178685183669586e+03
1.202731944334741456e+03
1.206667235878553811e+03
1.210134415519628874e+03
1.215273025181718140e+03
1.199778799012482750e+03
1.201900165688451352e+03
1.212159980774954420e+03
1.213044873082296363e+03
1.194949252185416981e+03
1.201523815652652274e+03
1.204681377404817113e+03
1.219734356168651402e+03
1.219571373035509623e+03
1.217964842730646069e+03
1.218259394594563901e+03
1.221088811003883848e+03
1.205364392126886287e+03
1.197736139756635794e+03
1.205955037494776889e+03
1.217526331330883977e+03
1.209503817125699697e+03
1.214420777872283452e+03
1.232221303279502081e+03
1.209822432658862226e+03
1.213020514556717217e+03
1.216535742724817510e+03
1.214516427667916332e+03
1.229958978123344195e+03
1.210161658402453440e+03
1.212307117977061125e+03
1.209163330901360496e+03
1.202084592858240057e+03
1.235274475318259647e+03
1.210563078423926072e+03
1.209707206455300366e+03
1.212893045072760060e+03
1.212799694018292939e+03
1.219885800924672367e+03
1.219611437345894728e+03
1.202432527764002543e+03
1.221197773840296122e+03
1.221492437199032338e+03
1.228635905934295351e+03
1.209335127388236742e+03
1.218587900158210232e+03
1.228444252411237812e+03
1.235456363584266001e+03
1.219263046981850721e+03
1.229763722884368917e+03
1.240822502031974409e+03
1.214874759243110930e+03
1.235733809432285398e+03
1.242502271871897165e+03
1.225065391603748822e+03
1.229310587235370122e+03
1.236496413871639561e+03
1.234239803931888218e+03
1.224269384944348985e+03
1.228129055518737914e+03
1.236724493311693550e+03
1.233893507059250851e+03
1.247141694949626526e+03
1.243591352977593942e+03
1.245888508598736053e+03
1.233651303304071462e+03
1.225941470805762037e+03
1.240925480948785207e+03
1.232165994642760552e+03
1.243741652602286649e+03
1.240815480339042097e+03
1.238277418163251696e+03
1.241019327247460069e+03
1.244541899762861476e+03
1.223245826114374040e+03
1.229388795568790101e+03
1.238628896179881622e+03
1.242840922231303921e+03
1.235534019629632212e+03
1.231476866059148051e+03
1.246940932168090967e+03
1.252099799807736872e+03
1.226774751033027314e+03
1.231445702935532609e+03
1.234647050752644873e+03
1.234300237704235315e+03
1.238858086566033307e+03
1.245090361116804161e+03
1.258513051998083483e+03
1.246126266551156050e+03
1.260412535060464506e+03
1.241989424430178815e+03
1.265611821600752364e+03
1.250436978892196521e+03
1.251544888784773548e+03
1.246963589463300650e+03
1.260936798115626971e+03
1.254661793481484892e+03
1.248322002210110895e+03
1.257872703025434930e+03
1.249913029457307175e+03
1.263674264423533032e+03
1.258932582602082448e+03
1.257970905329598509e+03
1.246888811565045444e+03
1.265985437305173946e+03
1.250236342124021803e+03
1.256519622979853239e+03
1.248452498141179603e+03
1.259636220865396353e+03
1.254438349222616580e+03
1.266915094530626220e+03
1.256632299448088816e+03
1.255240033477420639e+03
1.263641524376751931e+03
1.267739773154213481e+03
1.270730868260243369e+03
1.271441361708387603e+03
1.263067501206663110e+03
1.259831649666102749e+03
1.268062293771212353e+03
1.256992029310134058e+03
1.271788270571110843e+03
1.274814578102527094e+03
1.251261745149276067e+03
1.266074958357553669e+03
1.262766517543081136e+03
1.263135419506618518e+03
1.271786748337378867e+03
1.269100872541548597e+03
1.261893906211047806e+03
1.283483830130775232e+03
1.258073569523989818e+03
1.275663641247032047e+03
1.262235108555237275e+03
1.275014666095184339e+03
1.258740112996991684e+03
1.262797403106322236e+03
1.282364691434795304e+03
1.264299201314541051e+03
1.282686755885936464e+03
1.284225175381836152e+03
1.274663583946382232e+03
1.265247269564641556e+03
1.268241725687108328e+03
1.272268971003583601e+03
1.261309537013205045e+03
1.298535787050581575e+03
1.287505375336214001e+03
1.283362899956274532e+03
1.270467688044789156e+03
1.267180819783967536e+03
1.274700767930924258e+03
1.270613934809169677e+03
1.282234186304804098e+03
1.270094729413068308e+03
1.268563586361640773e+03
1.273452462652864597e+03
1.285987159495713058e+03
1.282559639699516083e+03
1.283885358992373540e+03
1.294184307335662652e+03
1.297225685662206160e+03
1.292154711486989299e+03
1.295200403556565561e+03
1.275178856247172916e+03
1.274507775878966868e+03
1.300580990549760145e+03
1.279680755175317927e+03
1.295510669714425831e+03
1.289168895541476559e+03
1.291153149317699672e+03
1.300581485221769526e+03
1.300442456568591069e+03
1.284214333631866111e+03
1.291969515977126093e+03
1.280323303374022998e+03
1.288291780952569752e+03
1.285837088437800730e+03
1.290283294498257646e+03
1.300958350970458241e+03
1.301581610306648827e+03
1.286623715157505330e+03
1.295575145747215402e+03
1.308514532988717292e+03
1.288205574196845191e+03
1.288090170323717075e+03
1.293047966425906225e+03
1.309076925831983317e+03
1.299268315663482099e+03
1.301387648124214820e+03
1.296822380270759822e+03
1.294566922532499802e+03
1.293124807246488672e+03
1.306401693305043864e+03
1.311741281120716849e+03
1.311096457579099251e+03
1.312763302173957527e+03
1.319739666767047083e+03
1.299959575434311319e+03
1.297778297535821139e+03
1.305541538665084317e+03
1.314638001018767909e+03
1.325874615013190578e+03
1.307425331026600588e+03
1.307204833470816993e+03
1.311345423039796287e+03
1.313889617616192936e+03
1.322706087536267432e+03
1.311660192351916066e+03
1.308042642516788874e+03
1.308518970099080661e+03
1.301859852628555700e+03
1.306935264036111676e+03
1.305822208323243785e+03
1.311950364532863659e+03
1.313896415552020699e+03
1.312815975648657059e+03
1.319082948838261473e+03
1.307908703069914054e+03
1.302300855982531402e+03
1.319382585673978156e+03
1.320935532659911587e+03
1.309713744322892353e+03
1.328922502837000366e+03
1.321117202930587837e+03
1.319819634361351973e+03
1.316914077319788703e+03
1.316063396700526255e+03
1.321126932372951387e+03
1.318459898845296493e+03
1.317857484218140144e+03
1.323742141769095269e+03
1.329243166908352578e+03
1.334212897860410294e+03
1.324243816820269558e+03
1.331928569090851624e+03
1.324252253146359863e+03
1.330484396570560421e+03
1.305711704902319980e+03
1.335751122726439007e+03
1.321855410411750881e+03
1.334148891252978956e+03
1.335796980210625179e+03
1.329260117741305521e+03
1.334106560702939305e+03
1.326607712967846510e+03
1.315026904312384886e+03
1.325530757969190972e+03
1.337380585516939618e+03
1.335468505024030264e+03
1.327560469201562910e+03
1.335889300075854862e+03
1.340887855156838668e+03
1.330562328527033287e+03
1.319358535357537903e+03
1.335561648086860032e+03
1.349896941678665371e+03
1.342361525611104526e+03
1.341435672177247397e+03
1.347395035611622689e+03
1.342586011306681485e+03
1.339900487206892421e+03
1.339312897258849944e+03
1.357588616884081830e+03
1.353559908454112701e+03
1.351291617606092586e+03
1.355028200022689816e+03
1.340335851410736950e+03
1.342939802884571236e+03
1.368847119100736791e+03
1.348959622240661474e+03
1.342667982558051335e+03
1.350614752001906254e+03
1.348976834727781807e+03
1.345376022882785492e+03
1.341311294465145011e+03
1.363163433054244251e+03
1.355733470046490083e+03
1.353801450953758604e+03
1.335079731654134321e+03
1.354593014026697119e+03
1.347258106192959531e+03
1.366431909392072157e+03
1.354268767143817058e+03
1.360180520358416061e+03
1.357287446867022027e+03
1.357798440555628986e+03
1.361420435463405511e+03
1.357413679348313281e+03
1.367855993180251517e+03
1.360582227065598317e+03
1.360310852160711647e+03
1.355177842337323909e+03
1.367896935446425459e+03
1.363306670121467505e+03
1.361872110599313828e+03
1.377150971480686167e+03
1.349441518781010018e+03
1.357499768191132944e+03
1.377949049101463970e+03
1.379920461779418702e+03
1.372213668031444740e+03
1.361968448755280406e+03
1.374030698725385946e+03
1.380278671620927298e+03
1.356443602784758696e+03
1.357788203943106737e+03
1.360614750652056500e+03
1.363794428098637809e+03
1.364704519173424387e+03
1.362983781873899943e+03
1.365384826160178136e+03
1.363762206768001761e+03
1.369345134910391153e+03
1.374358764635778016e+03
1.370305118942447280e+03
1.368881024656858017e+03
1.370937369734910135e+03
1.387642534045430693e+03
1.369329814064433776e+03
1.374872415120298001e+03
1.369553906771198399e+03
1.371369090298087258e+03
1.391875920053047594e+03
1.376586665629400841e+03
1.384491371657265290e+03
1.394527299674238066e+03
1.393997560930123882e+03
1.394178130663485945e+03
1.377994983644607828e+03
1.379365355615458384e+03
1.398950723231083202e+03
1.385371271417281832e+03
1.393958369169515663e+03
1.389262305010148339e+03
1.399859479692051082e+03
1.394878898536443785e+03
1.394482356116401434e+03
1.385822610852619619e+03
1.379001806501888723e+03
1.391549119301030942e+03
1.390222355244485243e+03
1.383351703840839264e+03
1.400338319044684567e+03
1.380107602590734132e+03
1.393712557454187390e+03
1.388599825655014911e+03
1.397282552754348217e+03
1.398219272515833381e+03
1.405300905292861898e+03
1.391816769485863006e+03
1.410282293300443371e+03
1.399360744067341102e+03
1.389266457101982951e+03
1.410009651329518874e+03
1.396195970643137798e+03
1.404618159075360381e+03
1.402960471375482939e+03
1.412290172150123453e+03
1.413808577243424452e+03
1.400666152312344366e+03
1.397269803348155165e+03
1.404729350867733274e+03
1.406562652114344246e+03
1.408293905536245120e+03
1.402680508574001578e+03
1.410756382478239175e+03
1.416553080270146893e+03
1.421168137994281778e+03
1.409572715587652510e+03
1.402714991661763406e+03
1.404320563082705121e+03
1.420325197099067736e+03
1.416428399046126287e+03
1.416488155956479204e+03
1.410014831866082432e+03
1.395494553573636722e+03
1.412276316347474449e+03
1.424742894917311105e+03
1.416573032819050241e+03
1.421698766953634731e+03
1.424467645379879741e+03
1.406936798384699159e+03
1.413973337016411961e+03
1.410008194160404173e+03
1.424893505993210738e+03
1.430169704708176369e+03
1.421489709228887932e+03
1.418130642646930028e+03
1.423571419977043661e+03
1.420560550503734021e+03
1.442797339366473807e+03
1.429575499946402942e+03
1.418971120431065401e+03
1.411695098150942613e+03
1.437820954062927058e+03
1.404605945109027289e+03
1.432270882568377601e+03
1.414107166475452914e+03
1.436338987495751098e+03
1.431566419766699710e+03
1.429771792187709480e+03
1.431384328535506256e+03
1.437868598338651964e+03
1.435718237134572519e+03
1.438077140229165252e+03
1.444075804858983474e+03
1.442379889316877325e+03
1.434586253911104450e+03
1.427633691068201870e+03
1.452079430256322894e+03
1.440374695771810366e+03
1.436030362900631872e+03
1.446312266372413660e+03
1.431947143212495121e+03
1.455192266642338609e+03
1.437634200789672150e+03
1.445460200789239934e+03
1.439610024760877195e+03
1.462777433526712912e+03
1.436929740630667766e+03
1.463170750668544997e+03
1.436505475603272771e+03
1.462932118844717024e+03
1.458930568075679957e+03
1.456464603580845960e+03
1.441780604159725954e+03
1.457358719186754570e+03
1.470826277453549210e+03
1.442323832779607983e+03
1.445150048822247982e+03
1.455209616711012586e+03
1.466437140889061084e+03
1.458794024341102386e+03
1.453720999749436260e+03
1.455676751395708834e+03
1.455886516644492303e+03
1.449618519256859827e+03
1.454353759802396780e+03
1.465063341131342668e+03
1.461547896043727860e+03
1.460754996448949441e+03
1.464811992368661777e+03
1.452680137321837947e+03
1.453079517672190832e+03
1.456653579058483047e+03
1.467919083750272875e+03
1.480787555752653589e+03
1.469800870314718395e+03
1.473270371109216057e+03
1.463916840283067586e+03
1.454969128777111791e+03
1.472045145183971272e+03
1.492803034852763176e+03
1.466665523552141394e+03
1.480914553871850330e+03
1.461102933101757571e+03
1.474479955156531787e+03
1.475509905531700952e+03
1.483225310455643694e+03
1.494268043186053319e+03
1.475465120006206234e+03
1.471029067141178530e+03
1.475079662982459240e+03
1.476174484526809465e+03
1.467386690469709720e+03
1.467085717463807214e+03
1.471319625598773428e+03
1.483827299830616766e+03
1.476648187143540781e+03
1.488095370699753857e+03
1.483920740580246729e+03
1.492341033031058714e+03
1.474980793248623741e+03
1.493469907666033578e+03
1.468969413160741396e+03
1.491639040231255649e+03
1.483742614259688025e+03
1.479579260152821462e+03
1.512473378224365206e+03
1.502331267703739741e+03
1.487439992643637879e+03
1.490310590659179525e+03
1.483577632228829998e+03
1.488046603547775248e+03
1.487600692946215759e+03
1.495521730554122541e+03
1.495810311761528510e+03
1.495922589156919685e+03
1.478747881515866538e+03
1.512394581983114676e+03
1.490780236536619896e+03
1.495103554597836137e+03
1.507556463454145387e+03
1.499377472369745419e+03
1.493900086616076123e+03
1.499928527146289980e+03
1.480506814828790993e+03
1.508855024234941311e+03
1.498711550872742691e+03
1.503174550475235947e+03
1.511602331233229279e+03
1.510683580102008591e+03
1.505013481190758284e+03
1.499914391528829583e+03
1.511056024154639090e+03
1.526325090311934218e+03
1.516706707427758602e+03
1.509190592146495192e+03
1.513871307124168652e+03
1.506595388436634494e+03
1.505697821319594595e+03
1.502356740339593898e+03
1.508044712223462966e+03
1.515199044160956191e+03
1.529530183725019924e+03
1.530855502299461023e+03
1.525858123222482163e+03
1.530729384201498988e+03
1.530507013453036507e+03
1.528619252510635988e+03
1.524376938090657859e+03
1.510386591119599871e+03
1.525385393696296887e+03
1.522709380723620143e+03
1.548567093765607069e+03
1.524156852341450076e+03
1.539249630432331060e+03
1.518290067136478683e+03
1.536598912535128193e+03
1.538473112533221865e+03
1.515152244265870195e+03
1.525518993344195223e+03
1.536390521074189792e+03
1.526932299504011553e+03
1.545354408638087307e+03
1.527924963927841191e+03
1.525803764783809129e+03
1.540710355111895979e+03
1.532437614913019388e+03
1.522602107615240129e+03
1.547494344010091254e+03
1.535745899659944143e+03
1.543946530108397837e+03
1.536568038424946053e+03
1.542622048539385105e+03
1.540829765280332140e+03
1.534697758171918395e+03
1.542944198668779791e+03
1.543424400536501480e+03
1.550173575129857909e+03
1.531097417743130336e+03
1.536929986397872653e+03
1.557763401886873226e+03
1.540039235374423470e+03
1.544679495974017300e+03
1.560715330121530997e+03
1.562813388849660214e+03
1.556943836130041745e+03
1.557221171226241268e+03
1.564161386578738075e+03
1.559664213879976160e+03
1.557453597949762298e+03
1.571335421310751599e+03
1.563777540222187554e+03
1.540368360601506993e+03
1.550255911354108775e+03
1.549545635023429440e+03
1.546173017725583122e+03
1.556604779331121790e+03
1.573618349422177744e+03
1.567952978591590181e+03
1.572960284927475641e+03
1.558283149187172739e+03
1.567308691460269529e+03
1.563460013083810054e+03
1.557102494073370053e+03
1.577442243609327079e+03
1.560267032777768236e+03
1.584140087292727230e+03
1.566349693600300498e+03
1.578163635443160047e+03
1.574432546865162521e+03
1.564026685642330676e+03
1.561042915575840652e+03
1.583899453556966819e+03
1.577988894146220900e+03
1.566276610699884031e+03
1.566759713516248212e+03
1.566920161244075871e+03
1.579646314176610531e+03
1.580756718838136067e+03
1.574163986068917211e+03
1.573390154804549411e+03
1.585037247471851970e+03
1.589586827876315510e+03
1.568960455691707466e+03
1.565857229043297821e+03
1.580924273739836053e+03
1.592146503396797698e+03
1.584657122226061347e+03
1.583345396150482884e+03
1.593753127142024368e+03
1.578879954304659805e+03
1.573744342791581630e+03
1.587614746608614269e+03
1.588282801128007122e+03
1.584845149243870992e+03
1.604812538980538420e+03
1.604981903478392951e+03
1.600312189089406274e+03
1.597830466907692653e+03
1.588347890721570820e+03
1.580465883651000695e+03
1.586012883146392369e+03
1.596676931263129973e+03
1.601386714753863544e+03
1.610973979941639072e+03
1.602828859370664077e+03
1.605902057152541829e+03
1.604430292790464364e+03
1.619285286428820427e+03
1.606339465444787038e+03
1.614217452151631051e+03
1.608543158109404203e+03
1.598464925987139850e+03
1.604938524943764151e+03
1.600575518860108332e+03
1.606821960786157888e+03
1.608379129464508196e+03
1.597473727976705504e+03
1.612975880497865546e+03
1.619460077684897897e+03
1.605077821151566013e+03
1.612650697353454916e+03
1.618459618295152495e+03
1.622016512025313887e+03
1.613600539458624553e+03
1.614831708857087733e+03
1.617481643883697643e+03
1.631119694252096906e+03
1.629881009317892449e+03
1.641766703744763618e+03
1.637244440687844644e+03
1.624392131285057985e+03
1.625240297462251647e+03
1.623269946981637531e+03
1.633230084989807438e+03
1.635036006480467449e+03
1.632585840476871908e+03
1.627400673018478756e+03
1.626299328132159872e+03
1.646539435833778725e+03
1.636316944575252137e+03
1.640931252512949413e+03
1.630718399330569355e+03
1.621357733867052502e+03
1.634210495673862624e+03
1.633833968800685170e+03
1.647957719328529492e+03
1.652193296809436106e+03
1.625134646343277836e+03
1.635178769087150386e+03
1.634731717881480336e+03
1.635590703694964986e+03
1.633930423226282755e+03
1.651513736411860464e+03
1.644730831729657893e+03
1.644683528175290121e+03
1.657863113618257330e+03
1.654674311251970494e+03
1.655485102078483578e+03
1.648686973836350944e+03
1.648868098922926038e+03
1.648690269254113900e+03
1.655769284128427216e+03
1.657913592681123873e+03
1.675222463887506365e+03
1.655198777492111958e+03
1.642741245133544908e+03
1.642337365908620768e+03
1.653946137358686883e+03
1.663783123582966709e+03
1.649776105723042974e+03
1.665867705483183727e+03
1.681541133279488349e+03
1.680610834465208427e+03
1.673257116161474187e+03
1.677899593254828915e+03
1.665096311214687375e+03
1.667095309299779501e+03
1.667494919549093311e+03
1.673783036089322650e+03
1.662816962864302241e+03
1.678665704575148538e+03
1.691429828481600680e+03
1.660078290480054193e+03
1.679535139461662538e+03
1.669089319816987427e+03
1.665220885871185146e+03
1.678740286025637715e+03
1.682207149005813790e+03
1.680338748857988321e+03
1.673128924372511392e+03
1.664544564784370323e+03
1.682821341851441275e+03
1.688623933699421059e+03
1.681343989782619019e+03
1.680144755188523732e+03
1.692569052749871389e+03
1.681140384829728418e+03
1.689648476181397882e+03
1.690220717259711819e+03
1.687137905942886619e+03
1.682908769331885424e+03
1.674073370094272377e+03
1.704684791502729922e+03
1.694957614827649422e+03
1.697729240587366121e+03
1.695199017634482743e+03
1.697744540533521786e+03
1.712255761368814092e+03
1.701256079748582351e+03
1.703879400651145943e+03
1.702437863946166090e+03
1.700224560171236590e+03
1.704958159619615572e+03
1.708914214758560320e+03
1.705859010357482020e+03
1.718630247479781701e+03
1.705993064378585586e+03
1.708069050705118798e+03
1.704190642599523017e+03
1.706250121040646263e+03
1.722537219101619485e+03
1.718574953223343300e+03
1.713908648566497732e+03
1.706476954679581922e+03
1.712695647151341745e+03
1.705526252090968001e+03
1.717853575754141502e+03
1.717859281351890786e+03
1.710637940079320515e+03
1.719275743575176421e+03
1.714100437103077638e+03
1.718234703788296883e+03
1.732033422625405819e+03
1.725824620118302164e+03
1.737259575756309459e+03
1.724809881697259925e+03
1.733949001753232324e+03
1.728024702975048740e+03
1.742752798202331633e+03
1.739881591910227371e+03
1.723555362605612800e+03
1.737073261316152411e+03
1.719152292190801745e+03
1.735011314225597971e+03
1.743402790892798293e+03
1.718835183039173444e+03
1.728990273976467506e+03
1.724619193294549632e+03
1.739631552611581810e+03
1.734032543548582908e+03
1.740654560000557694e+03
1.737832893383852024e+03
1.743418126099208393e+03
1.743041425680871498e+03
1.752109300622351384e+03
1.734796845029110045e+03
1.737796208045662070e+03
1.737257333609188890e+03
1.745479151265385326e+03
1.743353363401573233e+03
1.770498400172288939e+03
1.755789588521515952e+03
1.757486167750402274e+03
1.758262608081388180e+03
1.761343374049355816e+03
1.761021596809850280e+03
1.751818963070615155e+03
1.749733656776307271e+03
1.758907237090008948e+03
1.767969683969003881e+03
1.741232675487932511e+03
1.751569807389013476e+03
1.756974441937586334e+03
1.766377170671960130e+03
1.772784522857687080e+03
1.772255678366225084e+03
1.769537489728757919e+03
1.770989635992458716e+03
1.767029456336026669e+03
1.754090066552903863e+03
1.776323678594569401e+03
1.773298479400348242e+03
1.771383715452042452e+03
1.769494823693466060e+03
1.781787378440162911e+03
1.768831584230249064e+03
1.774893739192678822e+03
1.773029499926919016e+03
1.789659045972891136e+03
1.776192572262145177e+03
1.777649753345943964e+03
1.789016033976238759e+03
1.794954132525130490e+03
1.798943231157921446e+03
1.800338090750581841e+03
1.773638813405558267e+03
1.781094292605001783e+03
1.783595434724560619e+03
1.786911359223683803e+03
1.778009731807018625e+03
1.798243442413554021e+03
1.792559713299630175e+03
1.810263810865554660e+03
1.810647631112568433e+03
1.803407426184345695e+03
1.804587751130052766e+03
1.794117114089651977e+03
1.801591891970207598e+03
1.805270842234088832e+03
1.798865543998958401e+03
1.813847289416728017e+03
1.801203581614667655e+03
1.801899651127053176e+03
1.816346097689222688e+03
1.812806961109923577e+03
1.804424234420440371e+03
1.803482419745087327e+03
1.811664413870362068e+03
1.814626457226367847e+03
1.814998942306789104e+03
1.814964409551572317e+03
1.827645159111466000e+03
1.831629359403676517e+03
1.820639881778980907e+03
1.827132336576613625e+03
1.829904302238108130e+03
1.826887780071171846e+03
1.811720315744075606e+03
1.820432030282778896e+03
1.816106670050769253e+03
1.824755445022750337e+03
1.839941408972323870e+03
1.841583598102596852e+03
1.829680092250946245e+03
1.850384708274422792e+03
1.835647073001396848e+03
1.831452882340656288e+03
1.834509469143117713e+03
1.833939688255760757e+03
1.837029787402935426e+03
1.835639354544736761e+03
1.847707684231100075e+03
1.838847159010303358e+03
1.837882789613027853e+03
1.837256129305674222e+03
1.854861249623340200e+03
1.859483630868264981e+03
1.863994820536681345e+03
1.848947248223281804e+03
1.838510521956729690e+03
1.840427312878338626e+03
1.854943771580147086e+03
1.855950812677278691e+03
1.854887986746319257e+03
1.859679193449247350e+03
1.861060816407540187e+03
1.851791831720363689e+03
1.866854511403818151e+03
1.841511664627911387e+03
1.844650682415274559e+03
1.866842552760261924e+03
1.857285423235180360e+03
1.853042645354240676e+03
1.863287090227038334e+03
1.866599386187768005e+03
1.876601899479081112e+03
1.877210928593067138e+03
1.859322452895035440e+03
1.863239898058162680e+03
1.872853636112408367e+03
1.870196356854390160e+03
1.879512359201383561e+03
1.874933212546829282e+03
1.883916044838281550e+03
1.882532611091439549e+03
1.880324030342314245e+03
1.887992457068941349e+03
1.873923632513618031e+03
1.876988994199354465e+03
1.887454181063255191e+03
1.885108849444920907e+03
1.896167101515819695e+03
1.886822716919253025e+03
1.897965170803755882e+03
1.904525999673603565e+03
1.910925975986924414e+03
1.899956285955461226e+03
1.901270933321909524e+03
1.896495429246928552e+03
1.901578527232842362e+03
1.889752290224981152e+03
1.892924664998956814e+03
1.898973421004187230e+03
1.911093757738031854e+03
1.889245501992689924e+03
1.916269200940382007e+03
1.907735832458297182e+03
1.916413592275701603e+03
1.914346370862500180e+03
1.900014635524699315e+03
1.926142667429889343e+03
1.909853577589252382e+03
1.900291893641248635e+03
1.919805681957395336e+03
1.915103878816800261e+03
1.915691400188441548e+03
1.919645993889727833e+03
1.931982080934675650e+03
1.907385767537091624e+03
1.930237956775708426e+03
1.919000848604825933e+03
1.921584232430324391e+03
1.934934849337168771e+03
1.925267402939865860e+03
1.927355810004513160e+03
1.935721252498160084e+03
1.917120548606862712e+03
1.942753745826539443e+03
1.941556756837208013e+03
1.927321641892946445e+03
1.930517224472968337e+03
1.940676814980341305e+03
1.947646537059895991e+03
1.931501841938476900e+03
1.958942232742520901e+03
1.949318665243533133e+03
1.937756273359649413e+03
1.931303564146778172e+03
1.955115150744947869e+03
1.946649764334856627e+03
1.946054983405380653e+03
1.951178251473574846e+03
1.958344070652058463e+03
1.953553278040963050e+03
1.944131419771675155e+03
1.959904778257822045e+03
1.967594862225509814e+03
1.943677906731893472e+03
1.969826522285255578e+03
1.965263163496458674e+03
1.971365920742272465e+03
1.955284126664129417e+03
1.967970200914695624e+03
1.969369539886217808e+03
1.986809404858920288e+03
1.962250279422289850e+03
1.968880469873510265e+03
1.960655972472113262e+03
1.973535653799335932e+03
1.983954822457116506e+03
1.984141298352377817e+03
1.974989126697859547e+03
1.982861412924053411e+03
2.000034858350378045e+03
1.966905325962929965e+03
1.982262298571290103e+03
1.992407138274581484e+03
1.976115920769492050e+03
1.995495311187640482e+03
1.977524877531068569e+03
1.991662483716030010e+03
1.966651715391593598e+03
2.004101072371646069e+03
1.992217842853866159e+03
2.007050170707957250e+03
2.016207543993127047e+03
1.979972247402490893e+03
2.011470189971400714e+03
2.000581943492608161e+03
1.998725278776560344e+03
2.006915112235844845e+03
2.018556526331309215e+03
2.006695658514835941e+03
1.999602910915029952e+03
2.018821480573717508e+03
2.014314405878610842e+03
2.015355060776030996e+03
1.995759764409035597e+03
2.003031422431108922e+03
2.036899899398074240e+03
2.018588129286457388e+03
2.021051655612105833e+03
2.030144331444849513e+03
2.011969364924798583e+03
2.022647418468679462e+03
2.014626232962305266e+03
2.022308561527818938e+03
2.033255602421897720e+03
2.014463796438560166e+03
2.032267209348512552e+03
2.039472713417800605e+03
2.050417249150619682e+03
2.019370568235663995e+03
2.047283135842730417e+03
2.051591762430379731e+03
2.031035396750778546e+03
2.036017534845794671e+03
2.046359901362345227e+03
2.032469147793612819e+03
2.044092003612535791e+03
2.041534890498636059e+03
2.057634384389757088e+03
2.060459165194444267e+03
2.053870996451353676e+03
2.069888359714014314e+03
2.053142287663958996e+03
2.046554010367630099e+03
2.060398704226924565e+03
2.066676438593637158e+03
2.061233516787580811e+03
2.068953629094299231e+03
2.061674963953325459e+03
2.059475909699606746e+03
2.073342718688757031e+03
2.062916281261632776e+03
2.066209760330427798e+03
2.064060590112292630e+03
2.094164079474635855e+03
2.057962339409982633e+03
2.066857861406102074e+03
2.079888579999001649e+03
2.078765772934486904e+03
2.060619124475988883e+03
2.069069511546609192e+03
2.075607528765725874e+03
2.087326829922140860e+03
2.096748817513862832e+03
2.072642003101027058e+03
2.078628170382682129e+03
2.076871098400177289e+03
2.095601379785345216e+03
2.098252250589343930e+03
2.100588686899012828e+03
2.083244136406597590e+03
2.085978361152702746e+03
2.070622955050460860e+03
2.107187488436096828e+03
2.104593761095309674e+03
2.100510213902773103e+03
2.114764825921806278e+03
2.101995566017063993e+03
2.105624422547408358e+03
2.113995457882379014e+03
2.115125976373364210e+03
2.110903659920367772e+03
2.099477641889068309e+03
2.121219780570629155e+03
2.102583726899188605e+03
2.130242951633089888e+03
2.106663282201077891e+03
2.113040374840353707e+03
2.119279402898836452e+03
2.106925668193639012e+03
2.132852778591378410e+03
2.122640956423289936e+03
2.140165610390059101e+03
2.132516840375527408e+03
2.131417495961049553e+03
2.125245694447899041e+03
2.143345151335892297e+03
2.137615296552661675e+03
2.124467897440470551e+03
2.138179480597718339e+03
2.133587554880944481e+03
2.125332362548794208e+03
2.135278660028067407e+03
2.142652220608419611e+03
2.142917348705759650e+03
2.143608022538786372e+03
2.149877539704370065e+03
2.148553214540378121e+03
2.137348733953736883e+03
2.164107398389753143e+03
2.160234788206556004e+03
2.144254167121267528e+03
2.153807969614770627e+03
2.151600776065924038e+03
2.169572393289609863e+03
2.153032809537871344e+03
2.170864179347742265e+03
2.151131894484035001e+03
2.181609210819724012e+03
2.189117305094234325e+03
2.184073129027771756e+03
2.161007390566038339e+03
2.186886906292711501e+03
2.159154366882810336e+03
2.175994600681329302e+03
2.178557040792188673e+03
2.183602244345494455e+03
2.176691112590088323e+03
2.184205772310839166e+03
2.176267474500024036e+03
2.176452413033297034e+03
2.196976561435312760e+03
2.199083658658866625e+03
2.185051640115834743e+03
2.184385816804735896e+03
2.184971490078469742e+03
2.195009002724269521e+03
2.193984070731506108e+03
2.193554571302960994e+03
2.209666115945226011e+03
2.201629755240941449e+03
2.209982025874634019e+03
2.211397662361710900e+03
2.211928573367661556e+03
2.201644241965585024e+03
2.211025217776563750e+03
2.221241614570295042e+03
2.223939979541428784e+03
2.215707208487282060e+03
2.230637107427094179e+03
2.219813216559205102e+03
2.212826092544952644e+03
2.217090882078689901e+03
2.223353556744049911e+03
2.224719450056245933e+03
2.217599082122836535e+03
2.215033742964405974e+03
2.235415179598846862e+03
2.242656819104919578e+03
2.218021316722818938e+03
2.241066706602947306e+03
2.247227447433946963e+03
2.221648997598106689e+03
2.242606743723472846e+03
2.248682429882575434e+03
2.249047726653710470e+03
2.235089466235673171e+03
2.260140679092497976e+03
2.255709499795178999e+03
2.256413132910040531e+03
2.241263183775133257e+03
2.259001803286717859e+03
2.237831956533272205e+03
2.255053897309397598e+03
2.249648466155158530e+03
2.260215236019952044e+03
2.253403328504098226e+03
2.274371203332233108e+03
2.267071427772447350e+03
2.274285578071616328e+03
2.270515498023514283e+03
2.277455691091873177e+03
2.274256987754911279e+03
2.264862644092104802e+03
2.279376452575065287e+03
2.293586903422028172e+03
2.280635217516974080e+03
2.290926755039241925e+03
2.279857219714571329e+03
2.279991505677226542e+03
2.296787175816041781e+03
2.287395942053758517e+03
2.290751219265905547e+03
2.289507319974636630e+03
2.282630860097035111e+03
2.312673731348136698e+03
2.309768208048700217e+03
2.300754365155007690e+03
2.313949506724634375e+03
2.307243513099670508e+03
2.311925494113193963e+03
2.302489843327758990e+03
2.297196626477536029e+03
2.310473289425419352e+03
2.302422216791338997e+03
2.298967253463449197e+03
2.317238464059567832e+03
2.319658997236065716e+03
2.331707047316248918e+03
2.315467903331676553e+03
2.325669147808361686e+03
2.317554698180139440e+03
2.339958696458730174e+03
2.337937309987155913e+03
2.341032441455333810e+03
2.333225644787205965e+03
2.325035444631462269e+03
2.353868417837244579e+03
2.335380728149794322e+03
2.339166838838645162e+03
2.352802484363458007e+03
2.343800763210299010e+03
2.347939211424615223e+03
2.346764789204952649e+03
2.351317433894761507e+03
2.369132728883920663e+03
2.355837052421063618e+03
2.366942419041663015e+03
2.357812041345211583e+03
2.365756198716164363e+03
2.372058170920117846e+03
2.361495395757509868e+03
2.373420722834154276e+03
2.368364905385582915e+03
2.350425273965365704e+03
2.373988650612933270e+03
2.355866948609089832e+03
2.370355655458722140e+03
2.375862898561855673e+03
2.379377437499029384e+03
2.390075559387922112e+03
2.387071877027995924e+03
2.370649832757768763e+03
2.374061042068502502e+03
2.375041689054217386e+03
2.387356313865917855e+03
2.391550010185694646e+03
2.393937020547987231e+03
2.397623413228883692e+03
2.397722150859152862e+03
2.396279212550959073e+03
2.411292048235196944e+03
2.406666972471568897e+03
2.413375724559496120e+03
2.399161244397691462e+03
2.413898298899861857e+03
2.408188973163641549e+03
2.398874957547367558e+03
2.417266621773662337e+03
2.415981668341549721e+03
2.422375345663773260e+03
2.425553104295806406e+03
2.408401052420471842e+03
2.414396652176453244e+03
2.428409589413487993e+03
2.431342396143653787e+03
2.419744049228015228e+03
2.443212401773731472e+03
2.432803986944285043e+03
2.420853817468057514e+03
2.425685104774852334e+03
2.456225629818732159e+03
2.421525958785136481e+03
2.445410901043865124e+03
2.454725231877011083e+03
2.465261809015998551e+03
2.441685337956645071e+03
2.453439246359559547e+03
2.455860875966468029e+03
2.466164568454526034e+03
2.467744029540590418e+03
2.469636143970920330e+03
2.459703870795569401e+03
2.467366468217703186e+03
2.469629508052585152e+03
2.450989142060382619e+03
2.467867250373361912e+03
2.455724256595448423e+03
2.477951722409505692e+03
2.475030678147667913e+03
2.463404693652978949e+03
2.464229972737918160e+03
2.485161850781115390e+03
2.481457063847770769e+03
2.491025959909592530e+03
2.489565421153636635e+03
2.491032352278089093e+03
2.480229402294245119e+03
2.493893927417715531e+03
2.483847979386740462e+03
2.504131474658890966e+03
2.498165520419810946e+03
2.509590037912032585e+03
2.503089162421590572e+03
2.497854115919318247e+03
2.508752198392715400e+03
2.512415581685072993e+03
2.514551721356717735e+03
2.508392533442324748e+03
2.517217885180537905e+03
2.509777559206919705e+03
2.525928284012439690e+03
2.512310085808679560e+03
2.522697505532248215e+03
2.532745059862610560e+03
2.534732378448499276e+03
2.528726935231888547e+03
2.539644734097650598e+03
2.531112916983769537e+03
2.531385151642916753e+03
2.544509690029554804e+03
2.548657555018416588e+03
2.545196970686171881e+03
2.536679589423351899e+03
2.567382454807267095e+03
2.561069272859699140e+03
2.565777436936161394e+03
2.555021844944737950e+03
2.551297177010511405e+03
2.561430579279923222e+03
2.547232868215885901e+03
2.564101433711900427e+03
2.576143954678805585e+03
2.548628574158497486e+03
2.559735710942837159e+03
2.580956157286723737e+03
2.574032744485061812e+03
2.557750050447677495e+03
2.591874766100837405e+03
2.582404696056741159e+03
2.580422754265580352e+03
2.588806294578972938e+03
2.586227444705993548e+03
2.575149220619730841e+03
2.603590973066012793e+03
2.604495819751283307e+03
2.586282664994851530e+03
2.586472743872170213e+03
2.598293902690685627e+03
2.601455574957587487e+03
2.602715181784234119e+03
2.619625415848168814e+03
2.605000787917255821e+03
2.603341749025034005e+03
2.605087630823382369e+03
2.620523170603704784e+03
2.618534132612764552e+03
2.619950067235005918e+03
2.602938633015883624e+03
2.620753337887034377e+03
2.614614392699444124e+03
2.603121658118937830e+03
2.633136242941780893e+03
2.642402267414213838e+03
2.647809465020219704e+03
2.636178827652349355e+03
2.646766285841724766e+03
2.629804756844889198e+03
2.642819156956305505e+03
2.627354824438322794e+03
2.654687175044204650e+03
2.641751129534699430e+03
2.648307018396426429e+03
2.652700839169066057e+03
2.651246584399275434e+03
2.674198026186940751e+03
2.677793462368478686e+03
2.648977765373623697e+03
2.679765298574879580e+03
2.653780612190095781e+03
2.669998872170335289e+03
2.684382967097274559e+03
2.689452818938390919e+03
2.660982631802195556e+03
2.682469520649492097e+03
2.696306235209679471e+03
2.685101338770848997e+03
2.700066077198448966e+03
2.691121713189057573e+03
2.694160646477741466e+03
2.704445488612770532e+03
2.705489566225036924e+03
2.692015580537778987e+03
2.705338174657204945e+03
2.712805191665105212e+03
2.705353983500761842e+03
2.722017957645171919e+03
2.720301747214966781e+03
2.725313015505108524e+03
2.702208174980145941e+03
2.736900332729089314e+03
2.723813258215181122e+03
2.727264744553489436e+03
2.729696521352163927e+03
2.730448030686407037e+03
2.730898977016728622e+03
2.724669703803665925e+03
2.739253660062989638e+03
2.726680370819481595e+03
2.741122323168046933e+03
2.756583352184622527e+03
2.740993965448787094e+03
2.748754620491533842e+03
2.754005424068396223e+03
2.751084382767694933e+03
2.763622438914323993e+03
2.762242290046194739e+03
2.763078902602893777e+03
2.766001358491616884e+03
2.744430883388143229e+03
2.756694378195099034e+03
2.782991647861214460e+03
2.783344077029594246e+03
2.767966191274567336e+03
2.776743317882897372e+03
2.782788160410760611e+03
2.793891549066870084e+03
2.776293456865662847e+03
2.777457653005938937e+03
2.808830506349303505e+03
2.786956006768625684e+03
2.797651081880638230e+03
2.792823541206147183e+03
2.788085309172820871e+03
2.798319769412924416e+03
2.803599438950537660e+03
2.821678142033431413e+03
2.818784030563560464e+03
2.816692707111149502e+03
2.820148740322912090e+03
2.803539474562225223e+03
2.811172049750596670e+03
2.824644414883069658e+03
2.834091326284669321e+03
2.824873997710556068e+03
2.836766486050783897e+03
2.825780214399903798e+03
2.829454745037155590e+03
2.827569128716454088e+03
2.835060140241243516e+03
2.847848107393970167e+03
2.847458738463694772e+03
2.830852844178099531e+03
2.836129618609108093e+03
2.852068321360813570e+03
2.844453390189908532e+03
2.861682188881185994e+03
2.863995979934498791e+03
2.865112925330761300e+03
2.859468279677927512e+03
2.869505561375126945e+03
2.873781531074976556e+03
2.877303389206775137e+03
2.881488713804403687e+03
2.870686927276264669e+03
2.898270252017742678e+03
2.872746747529920412e+03
2.902743946942744515e+03
2.887090900015306488e+03
2.895056509882713726e+03
2.887409236965292621e+03
2.897699519009996038e+03
2.890894265341416485e+03
2.901002075568125747e+03
2.901575520713926380e+03
2.912270715204608678e+03
2.915322473632245874e+03
2.904183958745825294e+03
2.918190860144097314e+03
2.924868726652122859e+03
2.914605032493335329e+03
2.935759286252330639e+03
2.936910947622683125e+03
2.933329091227075423e+03
2.937496990510542673e+03
2.940256998395833762e+03
2.923057944727025642e+03
2.933303788532061390e+03
2.946493032573082473e+03
2.950724970645076610e+03
2.954146813954763275e+03
2.958853533319501366e+03
2.955892875805291169e+03
2.970769049886175253e+03
2.958321009576412052e+03
2.963938400277284927e+03
2.981966776124031639e+03
2.970283410718709092e+03
2.972292169297390501e+03
2.960119079449047604e+03
2.979686177187144949e+03
2.980865547692648306e+03
2.987978512732265244e+03
2.983247345731890164e+03
3.000459260907945463e+03
2.980710286981162426e+03
2.982160241416473582e+03
2.991769365553654552e+03
2.991833002917514932e+03
3.017740473755723542e+03
3.023469671016619941e+03
2.994335445586950300e+03
3.018352170729356658e+03
3.023201089468916962e+03
3.012363802437513641e+03
3.014946099684973433e+03
3.007480840988645014e+03
3.021920452945926172e+03
3.047743687866290657e+03
3.020540745588277787e+03
3.022691334615080450e+03
3.045972957058836073e+03
3.053438207277326001e+03
3.048257994357826647e+03
3.037045187793431523e+03
3.055592692171722319e+03
3.048944305305145463e+03
3.068941839184305081e+03
3.054497700655404515e+03
3.072907904139440689e+03
3.054845969207660801e+03
3.054077169094012334e+03
3.076938623744998040e+03
3.072019727725832581e+03
3.085072696433351666e+03
3.071862470998363733e+03
3.079065999145577734e+03
3.088539156601543709e+03
3.087276365612013706e+03
3.097292820876079077e+03
3.103091223494535825e+03
3.104712588962723203e+03
3.090591076056569818e+03
3.095791840091348149e+03
3.102068806612364369e+03
3.118190255165523013e+03
3.110552221233811451e+03
3.116903332587412024e+03
3.114408059594811220e+03
3.127092226519233009e+03
3.132546852607208621e+03
3.132580064028265042e+03
3.123630164847607375e+03
3.121116798447773363e+03
3.138146443768640438e+03
3.130731420519477979e+03
3.138218307571456535e+03
3.148921544867909233e+03
3.144350039243549872e+03
3.151696352773240960e+03
3.150688773965013752e+03
3.154616613068380502e+03
3.179462783820807545e+03
3.169915037344952907e+03
3.182913830723990486e+03
3.178255109153437843e+03
3.154143172927688283e+03
3.174277309129986406e+03
3.167014640661639532e+03
3.180259821658269175e+03
3.202687170737820907e+03
3.197644499416399412e+03
3.192793793660160645e+03
3.191855306061725969e+03
3.200998136279115442e+03
3.205275621103241065e+03
3.194461390571231277e+03
3.200794989726502536e+03
3.211611063522469522e+03
3.211167101237775114e+03
3.209290286914354510e+03
3.219844845502707813e+03
3.235230901531447216e+03
3.241939313477751966e+03
3.236129464956035918e+03
3.243069142211856160e+03
3.246423469963052412e+03
3.239034000263954567e+03
3.230718160468485621e+03
3.244295726206143627e+03
3.242057590030448864e+03
3.258414405955267739e+03
3.278151035751806376e+03
3.241461610322816796e+03
3.268251280276651414e+03
3.257600233430305252e+03
3.277298378893281097e+03
3.282513353173022551e+03
3.278459692217324573e+03
3.281305532704626330e+03
3.277234725018377048e+03
3.278092956640219199e+03
3.298313667082089978e+03
3.292939206451360860e+03
3.304344819018025191e+03
3.300199777081793854e+03
3.302109956149489790e+03
3.307343708318259360e+03
3.321487211015231424e+03
3.310568459276335034e+03
3.313032061423648884e+03
3.322807399736514526e+03
3.294156816460071695e+03
3.342721093889998428e+03
3.324213533077559077e+03
3.339600907497264416e+03
3.354615478364290539e+03
3.326907462328244492e+03
3.343178384024106435e+03
3.347650867200287394e+03
3.356288208543216570e+03
3.352521552464555953e+03
3.372643521938301546e+03
3.359799586813172937e+03
3.378848587044464239e+03
3.361813989436177508e+03
3.358729410582297078e+03
3.364398823928220736e+03
3.371057415463277721e+03
3.372639491286581688e+03
3.381653762557029495e+03
3.379067631101568622e+03
3.402484876751848333e+03
3.374090899590724348e+03
3.395209610737909316e+03
3.400297227940004177e+03
3.405407120589715305e+03
3.409158816295408087e+03
3.421613224179990539e+03
3.420565513061787897e+03
3.438097442738084283e+03
3.424771414562143036e+03
3.438091054440646985e+03
3.423309945723517103e+03
3.443184894391666148e+03
3.434061063487401043e+03
3.458975143953326096e+03
3.444470436100713414e+03
3.441741028328868651e+03
3.436478889939888631e+03
3.464703039866405106e+03
3.468209723489574571e+03
3.477769001258543540e+03
3.462687388066536641e+03
3.477825789357385020e+03
3.486886873425367867e+03
3.466487024311308687e+03
3.478336260822817167e+03
3.488118886554464552e+03
3.483318088907766651e+03
3.487997021879162276e+03
3.508902210032210860e+03
3.503330643522395349e+03
3.499279015536972111e+03
3.520474645130710996e+03
3.510090987420803685e+03
3.523363982832698639e+03
3.516174902433070201e+03
3.529492400252029256e+03
3.529015934699148147e+03
3.525815209676065024e+03
3.537713054151174674e+03
3.532568339521533744e+03
3.525189891880973391e+03
3.536295062017579767e+03
3.535739312814486766e+03
3.563303231438218063e+03
3.551810405135411202e+03
3.573767662362466126e+03
3.569421660341431561e+03
3.566573034507082411e+03
3.581891359581504275e+03
3.574432070513572853e+03
3.587963987419598197e+03
3.584507288082750620e+03
3.590373822784755703e+03
3.592985023318653930e+03
3.595551049210837846e+03
3.605618954659276824e+03
3.595282167205843052e+03
3.610985991237311737e+03
3.614315569949718338e+03
3.618744500595569207e+03
3.623913299816824747e+03
3.626426958098111754e+03
3.634795174543304256e+03
3.642733271126016007e+03
3.624297016969340802e+03
3.643034176200250840e+03
3.643982619379402422e+03
3.662685853355953896e+03
3.661674493415489451e+03
3.658897153145865104e+03
3.657646565569127688e+03
3.667591175838592790e+03
3.666619929050118571e+03
3.673392127782030002e+03
3.675874857627426536e+03
3.680146199338183578e+03
3.680302198176272213e+03
3.680964093911338296e+03
3.696033531157084326e+03
3.684453608309993797e+03
3.700398866787249062e+03
3.708986182145438761e+03
3.699701019419927434e+03
3.724219771396924443e+03
3.722862052604963537e+03
3.726851780823050831e+03
3.706588625234748179e+03
3.730974855901393312e+03
3.723582193474413543e+03
3.744039467072967000e+03
3.733883980939913272e+03
3.749855598086518967e+03
3.753049449410571015e+03
3.759218800826051393e+03
3.758449351616715830e+03
3.776261255307268129e+03
3.767331231094904524e+03
3.772204355849045896e+03
3.759062041361267802e+03
3.775281831850735671e+03
3.792732506120132257e+03
3.774424459880221093e+03
3.781299600295682922e+03
3.794397565541275981e+03
3.796552462877943526e+03
3.805309584160615032e+03
3.829740001013443361e+03
3.821267417223223674e+03
3.820082631338288138e+03
3.830205824093953197e+03
3.833049346936060829e+03
3.823766234219507169e+03
3.836349965958910161e+03
3.846706802568709463e+03
3.846442865029948734e+03
3.837158233649881822e+03
3.852424673716340294e+03
3.860000835520766941e+03
3.866305239534693101e+03
3.862329519149231601e+03
3.855978444361290258e+03
3.877408747786967979e+03
3.882493284667079024e+03
3.879577036960000441e+03
3.879457471265794538e+03
3.903719164754151279e+03
3.904976337779398364e+03
3.894109593248323563e+03
3.898116586751425530e+03
3.920113620886600984e+03
3.919973289899292467e+03
3.925600230731542979e+03
3.912284273194392881e+03
3.915493961984700945e+03
3.927189623268478499e+03
3.932685379840221685e+03
3.930791185273711562e+03
3.932363257874606006e+03
3.949993082519275958e+03
3.964133714685276573e+03
3.960058637346375690e+03
3.960733797817291361e+03
3.957046913039320771e+03
3.979030787496837547e+03
3.978556950136766318e+03
3.995791041286051950e+03
3.989493776527962837e+03
3.981177858857129195e+03
3.980690494626423060e+03
4.021573748456889916e+03
3.999536572603341483e+03
4.012390248994466674e+03
4.023412773628992454e+03
4.014938425052856928e+03
4.012871639096516446e+03
4.053829224647293358e+03
4.038927414340090309e+03
4.038248042807020283e+03
4.033796797209058241e+03
4.042504335766742315e+03
4.043268367566736742e+03
4.063791529712555075e+03
4.065058121395641137e+03
4.059413650452249385e+03
4.081177027079066193e+03
4.072876953098091690e+03
4.083095220995381169e+03
4.101675363668274258e+03
4.098736396085388151e+03
4.082270130965698627e+03
4.082271770672737148e+03
4.110230475621964615e+03
4.115212662688732962e+03
4.124804580665312642e+03
4.114296671438411977e+03
4.125017288938872298e+03
4.130748960425605219e+03
4.151647394545376301e+03
4.135416889522727615e+03
4.127209889002714590e+03
4.152509243997421436e+03
4.137739568617344958e+03
4.161213291684698561e+03
4.168106908980284970e+03
4.170455695678483607e+03
4.177070211078664215e+03
4.167327658620760303e+03
4.178710252336002668e+03
4.185398225450541759e+03
4.189647471145356576e+03
4.198613139433896322e+03
4.203855941716542475e+03
4.196714763774453786e+03
4.213101383312675352e+03
4.223692052418557068e+03
4.219407776056439616e+03
4.223688182921937369e+03
4.236701251033193330e+03
4.252148170702697826e+03
4.242592302428599396e+03
4.263872876336510672e+03
4.259630291469117765e+03
4.243598110754354821e+03
4.289643406292335385e+03
4.258927032325452274e+03
4.258824437380078962e+03
4.270969743362986264e+03
4.273529189240372034e+03
4.296627776071007247e+03
4.279332258308043492e+03
4.305272524328857799e+03
4.307027845636520397e+03
4.301987402109209143e+03
4.309123891751110932e+03
4.334050075336584086e+03
4.322372189827496186e+03
4.333841819655433028e+03
4.329778798119165003e+03
4.338579229154617678e+03
4.322927598473455873e+03
4.329075071306432619e+03
4.354675087053903553e+03
4.360408118256857051e+03
4.356054795263646156e+03
4.372407468830327161e+03
4.356511028216279556e+03
4.392936801701802324e+03
4.388704377773106899e+03
4.394938013789378601e+03
4.378784833591696042e+03
4.404767518847576866e+03
4.419968924990464984e+03
4.428581364508807383e+03
4.417319035463851833e+03
4.431551835515995663e+03
4.439577176582194625e+03
4.431879018939709567e+03
4.454614369858269129e+03
4.450372265038527985e+03
4.449717644866385854e+03
4.470077684553482868e+03
4.483628671505493003e+03
4.465571206655317837e+03
4.479658138093417620e+03
4.475392940993354387e+03
4.483624105020183379e+03
4.492497262075189610e+03
4.506157271026493618e+03
4.512936574096989716e+03
4.516331778213261714e+03
4.516022205866922377e+03
4.520819964209727004e+03
4.517613940078503219e+03
4.527280024740304725e+03
4.552544951518956623e+03
4.547859158393110192e+03
4.550764737835789674e+03
4.570764204167940989e+03
4.567364592448551775e+03
4.563377412559842014e+03
4.569669189095152433e+03
4.572358254719939396e+03
4.589534917537928777e+03
4.587772323431711811e+03
4.593464863296587282e+03
4.599384271619689571e+03
4.589984719777663486e+03
4.618796369238383704e+03
4.632514662244123429e+03
4.626137914233776428e+03
4.631920106398801181e+03
4.632877239822277261e+03
4.623836057648284623e+03
4.658893784293837598e+03
4.646131808622020799e+03
4.653638768203315522e+03
4.679840095306179137e+03
4.671156647986722419e+03
4.671357184219948977e+03
4.679677481363657535e+03
4.682616499635711079e+03
4.707618505150260717e+03
4.710637211556816510e+03
4.721740112358549595e+03
4.715738791775598656e+03
4.726913465902537610e+03
4.730999544885641626e+03
4.728445659495577274e+03
4.746254382372899272e+03
4.745715587355421121e+03
4.754911913905365509e+03
4.754213726263118588e+03
4.755673063741308397e+03
4.765570845068785275e+03
4.762190298444528707e+03
4.791309413025385766e+03
4.804300216915741657e+03
4.790842921938488871e+03
4.800702419352473044e+03
4.796287785563364196e+03
4.827535523868268683e+03
4.817756524561672450e+03
4.834158358543779286e+03
4.830484467404532552e+03
4.835568342047787155e+03
4.846721299080091740e+03
4.849014808499910032e+03
4.854786446984822760e+03
4.856283799729444581e+03
4.855343884899985824e+03
4.887867139358118948e+03
4.899328067255699352e+03
4.877976955259890929e+03
4.912621690744108491e+03
4.911018431476341902e+03
4.922977226622920170e+03
4.916282994265900925e+03
4.917811731539638458e+03
4.927976042491788576e+03
4.933771326807303012e+03
4.936907069736784251e+03
4.954516698676327906e+03
4.957348215159694519e+03
4.965283478225735962e+03
4.960238710470968726e+03
4.973788039117219341e+03
4.994317272852742462e+03
4.976608538465886340e+03
4.999407416046355138e+03
5.000986108574663376e+03
5.014659339985593761e+03
5.028021868145433473e+03
5.013198914147864343e+03
5.046917622860868505e+03
5.028071053617533835e+03
5.038890252056062309e+03
5.061518290306340532e+03
5.063368594859772202e+03
5.074326139378836160e+03
5.071884363997666696e+03
5.071614507284535648e+03
5.093401613835104399e+03
5.100655785345997174e+03
5.095990397753524121e+03
5.101282124762680724e+03
5.106645955817350114e+03
5.114501273612590921e+03
5.146247968719672826e+03
5.112993079736586878e+03
5.130785533074383238e+03
5.149289783250092114e+03
5.147603593849327808e+03
5.178299953956460740e+03
5.161624204284124062e+03
5.167051364139246289e+03
5.181110628958600500e+03
5.182091016204797597e+03
5.167232769204611941e+03
5.208275701812317493e+03
5.210946456742121882e+03
5.223014527257431837e+03
5.212183047042293765e+03
5.223467962338451798e+03
5.250849157305759945e+03
5.248067186688175752e+03
5.254088779800002158e+03
5.251158531421807311e+03
5.280587441164650954e+03
5.263784244822418259e+03
5.266552402166157663e+03
5.275330552449576317e+03
5.279754996178414331e+03
5.333293158026630408e+03
5.313843456449540099e+03
5.301976571005089681e+03
5.314852240747272845e+03
5.333531403795101141e+03
5.349757243507780913e+03
5.340051577827945039e+03
5.369015765587521855e+03
5.346606948136551182e+03
5.361898421140519531e+03
5.381814698252358539e+03
5.385275741189102519e+03
5.389515869998612288e+03
5.397844863712483857e+03
5.410097957632786347e+03
5.416611885504733436e+03
5.425988613882363097e+03
5.440816814855460507e+03
5.414164337498444183e+03
5.443514074436984629e+03
5.452838114599568144e+03
5.447331272518234073e+03
5.481752992137387992e+03
5.466206797905155327e+03
5.467156888808613076e+03
5.487304695097998774e+03
5.489632269444176018e+03
5.514216421645767696e+03
5.509661014717193211e+03
5.527144252285991570e+03
5.544351101876481152e+03
5.542385082562860589e+03
5.547318127850619931e+03
5.549272643702431196e+03
5.567679515833988262e+03
5.566744198285516177e+03
5.573806792950490490e+03
5.586350299155807079e+03
5.604235838268676162e+03
5.598338886112202090e+03
5.596154970985387990e+03
5.608368557057308863e+03
5.620998459873490901e+03
5.637574585814311831e+03
5.647168294785186845e+03
5.639925900914207887e+03
5.669819500732997767e+03
5.671037011886511209e+03
5.668282964473209177e+03
5.684686240916803399e+03
5.677827462195979933e+03
5.695217318604950378e+03
5.694388664809439433e+03
5.720917468884125810e+03
5.710646012393169258e+03
5.718684862243537282e+03
5.732341406756258039e+03
5.754426454185802868e+03
5.759915381129248090e+03
5.776596846753440332e+03
5.765996967177832630e+03
5.793066982251283662e+03
5.788259434981869163e+03
5.787954545375710040e+03
5.818785010133736250e+03
5.827747326905120644e+03
5.819186054734582285e+03
5.836784658644226511e+03
5.845202908612859574e+03
5.836458868810932472e+03
5.866707977985431171e+03
5.850296554047993595e+03
5.885114675655160681e+03
5.880391363043088859e+03
5.900649021529661695e+03
5.925658559630827767e+03
5.909073275808380458e+03
5.909718072870083233e+03
5.938535096287615488e+03
5.927571899149223100e+03
5.935330112734863178e+03
5.961713299451454986e+03
5.949677489326251816e+03
5.970279922407028607e+03
5.973086184334038990e+03
5.993442325941326999e+03
6.007436114626227209e+03
6.011498369615225783e+03
6.016298865087269405e+03
6.032308653822995439e+03
6.017812272062382362e+03
6.041443558935795409e+03
6.052954978668825788e+03
6.054537566400442302e+03
6.068028456934624955e+03
6.081990509678802482e+03
6.076254952956949637e+03
6.099134907490961268e+03
6.095607958370494998e+03
6.123128068276380873e+03
6.135818742879981983e+03
6.121405715427777068e+03
6.136089103886042722e+03
6.163450850526705835e+03
6.150222761627010186e+03
6.177416750838689040e+03
6.186317475857094905e+03
6.188264265150823121e+03
6.197043432456184746e+03
6.208651101036270120e+03
6.207355527951462136e+03
6.215076610400149548e+03
6.231830066393976267e+03
6.235863976923976224e+03
6.236991387910372396e+03
6.261266020611895328e+03
6.281636256470162152e+03
6.275222070587378767e+03
6.276107976007546313e+03
6.307184392375862444e+03
6.313669207527829712e+03
6.325057838225608066e+03
6.339848068541266002e+03
6.338029639966590366e+03
6.348367006524471435e+03
6.362943471180051347e+03
6.367936377213741252e+03
6.390873064502026864e+03
6.389845099390220639e+03
6.398228108346236695e+03
6.403765677578753639e+03
6.416833183971806648e+03
6.429219733429172265e+03
6.435587088491634859e+03
6.449878543139278918e+03
6.461297357117609863e+03
6.461179448001984383e+03
6.485773623763432624e+03
6.478422914774499986e+03
6.506078964702411213e+03
6.512261021376957615e+03
6.544945239485407910e+03
6.513332508100902487e+03
6.533940178640226804e+03
6.553489077422944320e+03
6.571220938002234107e+03
6.559909786890718351e+03
6.584563325614391943e+03
6.592826550345240321e+03
6.587767195585012814e+03
6.614951781424181718e+03
6.620250487376792989e+03
6.639163143188782669e+03
6.629179731229389290e+03
6.658456456438375426e+03
6.670273201696407341e+03
6.688742292303142676e+03
6.667564388935664283e+03
6.705071577808260372e+03
6.698908083223356698e+03
6.706414155460982329e+03
6.711045902728835244e+03
6.761000037907811020e+03
6.760391159607425834e+03
6.749337117292740004e+03
6.772229643446808950e+03
6.796208344046103775e+03
6.797132591109288114e+03
6.803366141049911676e+03
6.809252660768504938e+03
6.831545816535456652e+03
6.827127912434741120e+03
6.837603375151598811e+03
6.862819588117067724e+03
