8.019347904354796128e+02
8.076312494369351498e+02
7.851127391179578581e+02
8.048232712629496746e+02
7.948055335265169106e+02
8.063136220426914633e+02
8.195112531416444881e+02
7.890291038362779545e+02
8.108264873312414238e+02
8.046803432823818412e+02
8.151826444850206599e+02
8.012554631745363167e+02
8.078274063235470521e+02
8.032505286629570946e+02
7.952192421363635049e+02
7.875162143090681184e+02
7.904561619148169029e+02
8.066510624318639202e+02
8.063421819091379348e+02
7.884136763086130486e+02
7.937203206689265471e+02
7.989859365657476928e+02
7.998956302882971841e+02
7.944617340320362473e+02
7.880925990837291693e+02
7.930683708317050105e+02
8.035787230126949225e+02
8.123219518223320392e+02
8.104076175277319862e+02
7.965389824973150326e+02
8.013483322742926021e+02
8.014936457153050924e+02
8.034861011392993078e+02
8.072928477978828141e+02
8.246364406878356021e+02
8.135973530343010225e+02
8.023134902437425353e+02
7.929495015954920518e+02
8.163612809820249367e+02
8.094256149218310838e+02
8.125896374401640969e+02
8.097131564990493189e+02
8.092368162459038103e+02
8.174731645448171093e+02
7.956297399646512076e+02
8.032040179388877732e+02
8.073951455742969756e+02
8.078462426252457362e+02
8.016662357608855700e+02
8.001818451334692099e+02
8.105557778936321256e+02
8.079474204033247133e+02
7.993744936404485770e+02
7.889965246096662668e+02
8.049401177649871215e+02
8.031098538863587919e+02
8.110310007443199538e+02
8.100820010745251238e+02
8.100607560524340442e+02
8.129333503104943475e+02
8.096067898279867450e+02
8.070673776729097426e+02
8.077802747404405181e+02
8.005521516141566281e+02
8.254232502571394434e+02
8.127577914192969502e+02
7.985200851736648247e+02
8.068471501280552047e+02
8.260292247864886122e+02
8.078396522751914972e+02
8.228512328510962561e+02
8.166418422400319059e+02
8.143387982647759600e+02
8.106556472430429494e+02
8.200167421590017511e+02
8.175828996019129136e+02
8.066578195720843496e+02
8.105635850535510372e+02
8.003810717863291302e+02
8.061263082939068454e+02
8.229000605197281857e+02
8.269530165580698622e+02
8.115582488038238580e+02
8.134416133231583217e+02
8.114312446911694678e+02
8.195275800897073850e+02
8.046997480015947986e+02
8.061571402204076549e+02
8.049919962748667785e+02
8.188175259243133723e+02
8.098890295826288366e+02
8.254320251199860650e+02
8.024979624516398644e+02
8.206801786243285051e+02
8.154259805543188122e+02
8.299518667225660238e+02
8.198758917990336386e+02
8.054839951650238845e+02
8.096329759603196408e+02
8.080577387814846588e+02
8.115314395929086686e+02
8.051184615069455504e+02
8.136528332576673392e+02
8.182689331246801885e+02
8.159371412141426845e+02
8.013084719075563953e+02
8.006315744676957138e+02
8.144028704085268373e+02
8.305861549502947128e+02
7.979309441782637577e+02
8.250192368652437835e+02
8.147047143475316489e+02
8.256069978631979893e+02
8.311747772102960425e+02
8.284809593652690864e+02
8.098474943400349275e+02
8.136941007163618451e+02
8.067804504937863612e+02
8.196514835148358316e+02
8.226207386622030526e+02
8.242398614265988499e+02
8.167997108322516624e+02
8.147192724424593280e+02
8.199745258812441762e+02
8.159968542624187648e+02
8.067098726819755257e+02
8.258926206755928661e+02
8.094513288800650344e+02
8.257866005945124925e+02
8.069411039328620063e+02
8.189679042958615582e+02
8.121945169990597151e+02
8.212258326070615340e+02
8.059038140743512031e+02
8.244697254089477383e+02
8.309486707209418910e+02
8.271850304846946074e+02
8.174623803589211093e+02
8.265427336254994088e+02
8.316746619713622977e+02
8.293567524770321597e+02
8.252023286840451419e+02
8.407886418213593060e+02
8.279498554286625449e+02
8.174385065230791270e+02
8.321583546743690931e+02
8.204607176576205347e+02
8.240201429514343090e+02
8.151106218516946456e+02
8.127456894966160235e+02
8.273133463223290391e+02
8.239065448689001414e+02
8.325485751133097665e+02
8.165587789655381812e+02
8.239220862753309120e+02
8.217977363851463224e+02
8.148865112424399513e+02
8.255521898934288174e+02
8.245543102480064590e+02
8.125964450224587381e+02
8.274638208991905231e+02
8.225862200484106097e+02
8.241501594701700242e+02
8.074529289583475702e+02
8.213923470833033207e+02
8.139697287603950144e+02
8.312783705462317130e+02
8.340218023480854299e+02
8.197735863836222734e+02
8.206546741894079560e+02
8.368367442908394196e+02
8.418826073575893361e+02
8.212347897323408006e+02
8.141924307386610735e+02
8.265551326321922261e+02
8.193740906345854000e+02
8.263041675838376250e+02
8.421577015409527576e+02
8.345721241645560440e+02
8.364928340827989359e+02
8.345351599509352809e+02
8.373831479168775331e+02
8.210251488435113743e+02
8.445067444382693793e+02
8.278568306968172692e+02
8.316881783229569010e+02
8.396275690957783127e+02
8.232354359775002877e+02
8.241983837593072622e+02
8.415464900712104281e+02
8.110547253690151592e+02
8.308688513258169905e+02
8.290271247336075930e+02
8.313277911423851947e+02
8.309985488301797432e+02
8.401018710384930728e+02
8.428387982120034394e+02
8.259614570907826874e+02
8.319856474136727229e+02
8.346075770240100837e+02
8.440982720721573287e+02
8.205208349315439591e+02
8.465349121116234983e+02
8.401970235119628114e+02
8.233133516390001887e+02
8.503246643759273411e+02
8.292397109385875638e+02
8.184040804114202956e+02
8.367749953180665443e+02
8.292245502047895798e+02
8.310465976950973754e+02
8.430348433056128670e+02
8.408365950862096270e+02
8.346012818893547092e+02
8.285970380732569538e+02
8.329800492621179728e+02
8.423849853531984309e+02
8.374886370211643225e+02
8.395657324440312550e+02
8.402264532607238152e+02
8.191599541544997010e+02
8.191648777835084729e+02
8.313336802126799512e+02
8.500691887224443235e+02
8.504113229208915072e+02
8.494488385743911749e+02
8.360613095120081653e+02
8.448861090682809163e+02
8.381407515384152020e+02
8.260744208553403496e+02
8.241604974414028675e+02
8.300970214136543746e+02
8.412976006480012074e+02
8.258071000433618565e+02
8.321959763191417778e+02
8.314587082597083736e+02
8.249582893007416260e+02
8.599097685816477679e+02
8.300376449183720524e+02
8.388176725155758504e+02
8.442636614163450304e+02
8.454006625541086350e+02
8.378042630513057247e+02
8.306150100008063646e+02
8.584201810663028027e+02
8.310974945925494239e+02
8.423478109457072378e+02
8.348291350148510901e+02
8.508784717387520686e+02
8.348804423395503136e+02
8.470518734724386150e+02
8.562470203965566498e+02
8.361182920300059322e+02
8.498877395053019654e+02
8.490590729707694209e+02
8.439003095205722502e+02
8.371403363923999450e+02
8.379676101942652622e+02
8.482030071683562937e+02
8.520766339391956308e+02
8.428705914168758682e+02
8.610523343104470086e+02
8.468299064393917206e+02
8.549298759270270693e+02
8.492678048352214546e+02
8.609603762288218149e+02
8.296917615373213266e+02
8.477569552290418642e+02
8.362052566685430293e+02
8.424635025369171899e+02
8.534707591999848546e+02
8.432410899536918123e+02
8.387864247345551121e+02
8.640124898222218235e+02
8.645113477233886670e+02
8.520830719107985942e+02
8.312627124089702875e+02
8.527327589628991973e+02
8.546205063933382462e+02
8.479879375507332497e+02
8.452506543509446146e+02
8.450845526077467866e+02
8.521586377211385752e+02
8.379569687656718315e+02
8.539768379079116585e+02
8.499759635977763992e+02
8.440431757129549624e+02
8.601897625003809935e+02
8.626777319245526314e+02
8.643561537198324913e+02
8.567224892636064624e+02
8.554164561626272416e+02
8.522811546990577654e+02
8.408337820834715330e+02
8.364836786334110457e+02
8.634376159859488098e+02
8.526142141680302302e+02
8.601060024927330687e+02
8.473816569127008052e+02
8.472944508799340610e+02
8.422145576153000093e+02
8.572903844537179339e+02
8.713363735927026710e+02
8.461397929393274353e+02
8.488528085484948633e+02
8.434415536768257198e+02
8.583763089336708845e+02
8.629732237640025687e+02
8.564188881444682693e+02
8.495313579385718867e+02
8.556136936533137032e+02
8.351288786473667187e+02
8.400571459422935732e+02
8.407330682876784067e+02
8.514520629040738413e+02
8.507725485794504721e+02
8.489131536248063412e+02
8.613804266687751579e+02
8.562881364688519170e+02
8.556982056932238265e+02
8.613442742201239071e+02
8.598521352657071475e+02
8.431211340691663736e+02
8.722424551069276504e+02
8.445991637886857006e+02
8.614260177246380863e+02
8.552704596436954034e+02
8.532037897920785099e+02
8.657811407778324337e+02
8.453659420511991129e+02
8.454037575259525283e+02
8.542997626613725970e+02
8.563817970944980971e+02
8.717495491360715505e+02
8.534881946350649287e+02
8.706860284355292379e+02
8.676208786852464527e+02
8.628431193278634055e+02
8.597991388678751719e+02
8.666199051426240203e+02
8.675529814030785474e+02
8.672335933733161255e+02
8.518079556140063460e+02
8.809112464735160302e+02
8.647935965172653141e+02
8.493714039206433881e+02
8.586734530759764539e+02
8.726173123696190714e+02
8.615402845008958366e+02
8.618667169004512516e+02
8.546113843305678301e+02
8.667215234835309730e+02
8.590754871089660583e+02
8.585961822561648660e+02
8.728403572141540963e+02
8.668047943281942480e+02
8.688152672791489977e+02
8.691738757952022070e+02
8.536045824456901983e+02
8.711272709657677069e+02
8.530787616779537075e+02
8.702420372008868981e+02
8.837625378853883831e+02
8.620649563501722241e+02
8.663977415833354598e+02
8.653587252843739179e+02
8.630436998688915082e+02
8.654049923418489243e+02
8.734074123647595798e+02
8.698263657758042200e+02
8.581531953525504832e+02
8.649912700396188256e+02
8.568359674048429042e+02
8.687648292517328628e+02
8.602775660697653848e+02
8.765762341949373422e+02
8.676502184283019687e+02
8.697501866420371925e+02
8.576668660014175884e+02
8.745511693200572836e+02
8.716469203770385548e+02
8.657055262940035618e+02
8.753198545991556330e+02
8.705710887296266947e+02
8.616395268322590937e+02
8.573601194336972640e+02
8.659889322523158626e+02
8.773289532713507697e+02
8.641622236559113617e+02
8.626619757262578787e+02
8.600906002703861759e+02
8.720307521216931264e+02
8.685158745421402955e+02
8.619870228399166763e+02
8.647521523026204022e+02
8.848424551679963770e+02
8.683637521005962299e+02
8.647832519787484671e+02
8.726762083204646387e+02
8.655513426375177914e+02
8.723025079038067133e+02
8.749967043698675297e+02
8.707179194201868313e+02
8.909617251082761413e+02
8.672428915607071076e+02
8.681700534141394883e+02
8.801216145669826574e+02
8.767715409487565239e+02
8.878556345176994000e+02
8.739296411841229428e+02
8.659732015768258861e+02
8.770897572003968889e+02
8.723167349293058805e+02
8.616097453511910089e+02
8.735526342956220560e+02
8.927832172938598205e+02
8.820130764304132072e+02
8.759731285079584495e+02
8.716361679331348569e+02
8.801394701444927477e+02
8.918369662740924468e+02
8.863093659324183591e+02
8.655081956551708799e+02
8.862036883191341303e+02
8.925443366798346005e+02
8.950857349089885702e+02
8.867725761771466750e+02
8.784534438490624098e+02
8.749028180219061142e+02
8.738203660792914889e+02
8.742716890318371270e+02
8.875764390936109294e+02
8.894450627046888940e+02
8.940729135911304866e+02
8.868566630551061962e+02
8.966092121786616644e+02
8.736653759991095285e+02
8.751615365092631009e+02
8.827782078608159964e+02
8.830741682839432087e+02
8.853819760587260816e+02
8.761196266940069108e+02
8.744954498452111693e+02
8.933721981759354094e+02
8.690321434276122545e+02
8.830183339756168834e+02
8.704211017485811226e+02
8.959645947494394704e+02
8.981616999574902138e+02
8.858821698477383961e+02
8.814705259535353434e+02
8.784895158370954960e+02
8.927193185337380328e+02
8.686456350333571663e+02
8.794349927350656344e+02
8.920096172096961027e+02
8.854427497495266834e+02
8.806387197886941749e+02
8.827161340856662264e+02
8.791012160437215925e+02
8.836104071544282306e+02
8.834397348466039830e+02
8.708014917957897296e+02
9.021237468584342878e+02
8.747454131074467796e+02
8.985512163982616585e+02
8.837557340148399589e+02
8.743602945826527275e+02
8.920207032577908421e+02
8.909955277460572916e+02
8.846197843507369498e+02
8.908645867179093329e+02
8.965369468280443925e+02
8.906406691103328512e+02
8.735970187264773585e+02
8.888527168632344910e+02
8.943784497677100944e+02
8.982466440956698079e+02
8.945745283647380575e+02
8.845319794963556888e+02
8.708375208492823276e+02
9.071432752192096132e+02
8.971809963301615198e+02
8.809830873029069380e+02
9.002328367272658625e+02
8.975395680884844296e+02
9.009370629731654390e+02
8.912767918042443398e+02
9.028042221685805089e+02
8.722570541613903288e+02
8.955351596601316260e+02
8.934725231793859166e+02
8.880232598248151135e+02
8.921461910169130078e+02
8.974044586055421178e+02
9.084495627763546963e+02
8.914396164180675441e+02
8.921513410123443464e+02
8.824417458270415864e+02
9.013641606406645224e+02
9.048468538784530892e+02
8.891485747400784021e+02
8.879319057285426879e+02
8.824215140442075835e+02
9.168143490116601697e+02
8.976703578001097412e+02
9.016678080042170222e+02
8.961112498272433413e+02
8.861832215653939784e+02
9.103854558227706093e+02
9.119640647700572345e+02
8.951223192915413165e+02
8.985023590375202502e+02
8.898087713187990175e+02
9.047741434196867658e+02
9.141763651649955591e+02
8.982690365007362061e+02
8.987464261797508698e+02
8.904758375607694916e+02
8.887458972238880506e+02
9.003163318324368447e+02
9.103507630684432570e+02
9.097233277821491129e+02
9.201421083035006632e+02
9.007546932293703321e+02
8.963268098762168847e+02
9.155293727544525382e+02
9.045439540247449486e+02
9.074954364031506202e+02
9.122495648442996981e+02
9.111681231551696101e+02
9.106866123725878879e+02
9.026312049685026295e+02
9.007098126348803362e+02
9.109708628357923317e+02
9.220750848864512363e+02
8.984883913038902392e+02
9.071604799508356791e+02
9.047652499883113251e+02
9.180339045173520844e+02
9.015198699613961253e+02
9.042858734918218033e+02
9.101251464056938403e+02
9.074155199133305132e+02
9.093974673537641138e+02
9.054152169490638471e+02
9.106337658751384652e+02
9.008153694190774559e+02
9.053699474986123050e+02
9.147017897894705811e+02
9.183033737906263241e+02
8.957848868419952169e+02
8.984512295003038389e+02
9.180039192239228214e+02
9.025056095030391816e+02
9.165084411672997931e+02
9.019072257547726394e+02
9.078419998776769262e+02
9.112455579624976281e+02
9.011137386768018587e+02
9.022016545809020727e+02
9.104494329057673667e+02
9.037810166198935349e+02
9.154906697859310043e+02
8.929395782291860542e+02
9.272572812132078752e+02
9.146509667252163354e+02
9.154983320206350754e+02
9.069847752084825743e+02
9.137456834453969350e+02
9.168498538486505822e+02
9.205977175760253886e+02
9.144851294975404699e+02
9.286538778597514465e+02
9.111399623682189031e+02
8.965221797147179359e+02
9.209556149092321675e+02
9.257224369714881504e+02
9.178720330678404480e+02
9.206382177907232744e+02
9.220001168016050315e+02
9.173503759265528288e+02
9.117333941593493591e+02
9.180498076969087151e+02
9.099798758556192979e+02
9.196521647247578812e+02
9.314357801590319923e+02
9.109521035578014789e+02
9.208272212392025722e+02
9.013203529639315548e+02
9.306151788587934561e+02
9.094409267210263579e+02
9.237778725923691354e+02
9.102208294624823566e+02
9.157097281307975436e+02
9.238206161603553710e+02
9.099582103780621765e+02
9.168161425346863780e+02
9.255501273737289694e+02
9.215942299251686336e+02
9.199943591038792192e+02
9.315604170647510500e+02
9.231239481251271854e+02
9.020836901937182120e+02
9.087564332196144505e+02
9.091504568329213498e+02
9.107768187584573525e+02
9.163559899407018747e+02
9.191692710132283537e+02
9.133652077797682978e+02
9.062632389877051082e+02
9.158966994378525897e+02
9.234434533894641390e+02
9.194691062057256659e+02
9.093782564699563409e+02
9.127553589037740949e+02
9.236595333763041253e+02
9.097354294131315555e+02
9.229830701799402277e+02
9.365765266496530330e+02
9.115842899014214709e+02
9.229946099363407939e+02
9.085424999457542299e+02
9.194039086001884016e+02
9.181743465962264281e+02
9.172568132962447862e+02
9.427199143030831010e+02
9.100663562079973872e+02
9.285274808022733168e+02
9.276671679471257903e+02
9.251628071713834061e+02
9.297884226869006170e+02
9.405113917610032104e+02
9.278886451731764282e+02
9.282474721675018827e+02
9.260387866518245801e+02
9.372144755203858040e+02
9.240303102584085764e+02
9.158491300978242862e+02
9.148080123237517682e+02
9.314318857525652220e+02
9.297272283779587951e+02
9.262402910353931702e+02
9.287411504356622345e+02
9.305775310350553582e+02
9.288187887115446983e+02
9.239105482875889948e+02
9.322993763060881065e+02
9.213290445309213510e+02
9.436470990691011593e+02
9.330034949284978438e+02
9.328582121658204187e+02
9.363531296761001386e+02
9.399160224057824280e+02
9.274622903004994896e+02
9.343593459384489961e+02
9.289611496544773672e+02
9.240253846461864669e+02
9.389752665499072464e+02
9.401169964950656777e+02
9.319280288919733266e+02
9.262058720870585375e+02
9.486485040518973619e+02
9.406874854408875990e+02
9.399971026431131804e+02
9.243345400077032537e+02
9.291124902556789493e+02
9.340118322867132292e+02
9.320924267401010184e+02
9.425641046595700345e+02
9.359948761864083053e+02
9.420241538074328673e+02
9.386278764673159003e+02
9.339748793009413248e+02
9.353361995977353445e+02
9.538247907843244775e+02
9.482682658887398475e+02
9.349775492973795963e+02
9.265512647165124918e+02
9.330153933811322986e+02
9.378795210309083359e+02
9.548084190450254027e+02
9.296950287288481150e+02
9.441160063382494627e+02
9.370263929370109963e+02
9.404363885911205898e+02
9.431761024679633465e+02
9.473849001765581761e+02
9.351409952662588694e+02
9.352782870872794092e+02
9.387307430412547546e+02
9.562459355199146103e+02
9.401608086431680249e+02
9.354259451561932792e+02
9.534872482451630731e+02
9.533914592672573463e+02
9.484508384061799688e+02
9.494585225207688381e+02
9.347336203448770675e+02
9.510711054332696222e+02
9.334848933868593122e+02
9.447080197035818401e+02
9.438620606587561497e+02
9.420772202661711390e+02
9.463282081015358926e+02
9.436553460038078356e+02
9.653846563103832068e+02
9.369674104764033018e+02
9.513325190785805034e+02
9.557396973870648935e+02
9.551014487585186998e+02
9.452414884505611781e+02
9.487567156512483280e+02
9.371647195265906021e+02
9.460508318437573507e+02
9.467290418770976430e+02
9.289397407977771763e+02
9.444221154309306030e+02
9.556755346447058628e+02
9.564629954582649134e+02
9.427005492867272096e+02
9.658330606536329697e+02
9.558826963219415802e+02
9.514981710175065928e+02
9.320389156929003320e+02
9.618818382004566274e+02
9.511928947717207166e+02
9.431357532800939225e+02
9.504690542937929649e+02
9.554644074435450420e+02
9.521460583132142119e+02
9.567042814645020599e+02
9.463996730575129277e+02
9.533469642191172397e+02
9.529182357599894431e+02
9.584954374010744687e+02
9.518165773023778229e+02
9.427036609779532910e+02
9.598130798334634619e+02
9.588782082321836242e+02
9.501859883982749579e+02
9.446875162283191685e+02
9.466486915908515130e+02
9.584733096418193554e+02
9.708290590637950572e+02
9.589564690329118548e+02
9.610537140872530699e+02
9.505123648881304916e+02
9.491020399928368079e+02
9.617892333129049121e+02
9.502098105407521871e+02
9.562609206947344092e+02
9.539052674089472248e+02
9.433794703835554856e+02
9.610388351916856209e+02
9.605003019257256938e+02
9.790053938409375860e+02
9.543454589352405719e+02
9.541408171029797813e+02
9.748120399529902897e+02
9.642713715947339779e+02
9.516651329875328429e+02
9.638087775635988237e+02
9.489023177893278671e+02
9.637551482234712239e+02
9.602496846105595978e+02
9.565057188547056057e+02
9.748044141836169274e+02
9.676154041685347238e+02
9.650494796400560062e+02
9.728739034716076048e+02
9.634172266934303934e+02
9.607176924136200569e+02
9.583853393685509445e+02
9.661140581434602836e+02
9.566265899427501154e+02
9.580781905666040075e+02
9.658730514423880322e+02
9.636408820447037442e+02
9.455507547314899739e+02
9.668558076745923699e+02
9.720338379188222007e+02
9.583029650765657834e+02
9.610041232523631152e+02
9.673189203372133989e+02
9.704217818005906793e+02
9.570720922680203557e+02
9.715369285185612398e+02
9.672710083240806398e+02
9.786193302191227303e+02
9.643673563141368277e+02
9.791460431215662084e+02
9.644339075645311823e+02
9.658197172243676505e+02
9.679908307264855694e+02
9.643970566326513563e+02
9.837978437409446997e+02
9.612206043952245409e+02
9.740750579076643589e+02
9.724567993763280356e+02
9.688912033543784901e+02
9.668957116944156951e+02
9.572776634996226903e+02
9.831930518065705655e+02
9.495786793627037241e+02
9.766904916142711954e+02
9.842580685249689623e+02
9.780033647030878683e+02
9.923051805207131792e+02
9.859930696630208331e+02
9.709604218729523382e+02
9.718188361528326595e+02
9.763141333183768893e+02
9.786516019775623363e+02
9.762718895454731864e+02
9.743499364099110380e+02
9.812634875967008838e+02
9.873666823069221437e+02
9.829543216586731660e+02
9.763930479515041725e+02
9.835368267043204469e+02
9.808419367168323788e+02
9.755815664440555111e+02
9.682834858478009892e+02
9.851629188907667185e+02
9.644778899069624458e+02
9.810409248594045266e+02
9.880578994451361723e+02
9.711997119994852028e+02
9.868425042174760620e+02
9.780563710291206689e+02
9.643705354041936744e+02
9.680856752869322008e+02
9.705232347049554846e+02
9.806898795622264515e+02
9.833237803224208164e+02
9.774710342388856361e+02
9.716910494330335268e+02
9.855717153763210945e+02
9.744675076123066901e+02
9.764799119566321224e+02
9.763067241207691040e+02
9.815539179905724723e+02
9.604588400478244239e+02
9.832931088930110946e+02
9.783472438539366749e+02
9.748211651035704790e+02
9.821300198706015863e+02
9.849153487712596871e+02
9.752738138049337522e+02
9.972151426922904420e+02
9.738016498830437513e+02
9.894463617924498067e+02
9.994682793544970991e+02
9.938870160735901891e+02
9.827219870158091908e+02
9.742803195470696664e+02
9.796314729222829101e+02
9.895918121751078615e+02
9.882310166026643401e+02
9.994416847234788293e+02
9.922145462283260713e+02
9.958231589410679589e+02
9.881868123332437790e+02
1.002052542969510000e+03
9.859664338682489415e+02
9.880188226343583437e+02
9.855477242749047946e+02
9.879344846314426150e+02
1.001307899775974875e+03
9.923569066205607214e+02
1.001076141612159518e+03
9.898202809235771156e+02
9.900417257365635351e+02
9.745430970702039986e+02
9.777256207595290789e+02
9.957786625335795634e+02
9.886541663571329082e+02
9.859722589341444063e+02
9.937889810585612622e+02
9.886966106310929945e+02
9.953591865944663368e+02
9.935322325957837393e+02
9.947623412062771422e+02
9.869647950205212510e+02
9.891289492818243616e+02
9.941307519528661487e+02
9.933898462123673880e+02
9.982149843934062119e+02
1.003036590179299992e+03
1.004207029878972321e+03
9.977385660710307320e+02
9.984837119840447031e+02
1.005598865981698964e+03
1.004605569107727888e+03
9.877145751353392598e+02
9.968326727332043902e+02
9.956642580398697646e+02
1.004986342822781012e+03
1.003237334859613384e+03
1.002563331637695455e+03
9.937091034252038071e+02
9.983960398370893472e+02
9.980684895834120880e+02
1.009053951411044864e+03
1.015693333727695631e+03
9.945612510149074978e+02
1.005190762841161813e+03
9.958961911458144414e+02
1.005380092343688716e+03
1.001263803966149567e+03
9.961703872825471535e+02
1.004978495055648523e+03
1.001619392179291481e+03
1.006038582816839039e+03
9.987867952352902421e+02
9.888212509937112600e+02
1.017730067225749963e+03
9.792974896110355303e+02
9.967321851517513096e+02
1.024613372933956725e+03
9.915881739799881416e+02
9.923821829744433671e+02
1.022175268371827428e+03
9.938139760764356652e+02
1.005053869427583663e+03
1.011639087661411622e+03
9.945569801008419972e+02
1.005521399389859084e+03
1.010045065109126313e+03
1.006118160992189473e+03
1.018033453289531053e+03
1.004953063586554322e+03
1.003467652618205761e+03
1.017673043519369685e+03
1.003308592021355025e+03
1.032985599174863182e+03
1.012375758774015253e+03
1.018077546621177703e+03
1.010581163137297722e+03
1.014091462949271545e+03
1.011260462880654927e+03
1.019181847163789257e+03
1.019307930740446182e+03
1.020098130979515872e+03
1.012124251994611200e+03
9.957317333023338506e+02
1.019321131615703962e+03
1.008851962088038931e+03
1.019398915930735598e+03
1.016724012980981911e+03
1.014149049465452322e+03
1.020635658207359597e+03
1.013065237908700965e+03
1.019499987168215625e+03
1.012356754488330807e+03
1.014831885645725379e+03
1.013024694431799730e+03
1.027201202921705089e+03
1.026068983606879101e+03
1.020463907908924398e+03
1.019393909592674845e+03
1.026480219021333369e+03
1.021000055137994309e+03
1.021877726020176738e+03
1.019215965941109175e+03
1.024804046982532782e+03
1.021262628220694069e+03
1.019538869242135092e+03
1.032935370105496759e+03
1.000815182211900265e+03
1.035673071898556600e+03
1.011821682417857915e+03
1.029049600636980131e+03
1.018879444293737038e+03
1.020665597203381708e+03
1.009984080886809238e+03
1.025706647235251694e+03
1.023887726585484756e+03
1.018981362250245638e+03
1.020908896066279453e+03
1.019710403951429498e+03
1.035012747420718597e+03
1.025280762719930181e+03
1.015392747450361639e+03
1.008883273606551825e+03
1.024296858051635809e+03
1.022639352655422499e+03
1.036616111907125514e+03
1.016916218862651249e+03
1.017720746875660097e+03
1.029977405440057055e+03
1.034161508388180437e+03
1.038247290943233793e+03
1.020858485036852130e+03
1.040934004739476450e+03
1.037225347124823656e+03
1.027715659588025574e+03
1.023445130967218688e+03
1.045115880370085961e+03
1.037673409215359470e+03
1.034370059782672570e+03
1.024998113434541438e+03
1.018674178640339278e+03
1.038894026377316095e+03
1.042190069804918267e+03
1.038050056510439390e+03
1.029699110604925409e+03
1.029929092368040074e+03
1.029644503943800146e+03
1.043158531527856212e+03
1.039242971974018701e+03
1.030467536720158932e+03
1.033144037687065975e+03
1.025042510189788572e+03
1.031492483535840165e+03
1.035493092364094082e+03
1.025348397739237043e+03
1.032026033707936449e+03
1.044489668036324247e+03
1.037188690940308788e+03
1.029117962891958314e+03
1.035071258111470570e+03
1.041973060578476861e+03
1.049852105795343732e+03
1.053042592019360654e+03
1.044783358130350734e+03
1.045548139272985509e+03
1.040200585751406834e+03
1.038162729045444848e+03
1.045269671979336408e+03
1.028234346997204284e+03
1.057298612445114713e+03
1.044856039407789922e+03
1.044755697749360252e+03
1.052059869090677239e+03
1.036913152005873599e+03
1.030802650242718300e+03
1.035244914567566184e+03
1.048807951142179718e+03
1.029369750710637845e+03
1.057981985583737014e+03
1.027311630999661702e+03
1.049019805107440106e+03
1.050526246891648270e+03
1.035708909829496406e+03
1.032414509155410087e+03
1.048941942078080046e+03
1.040125787475066318e+03
1.046566990877900480e+03
1.047492899995504786e+03
1.049574342579525592e+03
1.055688467460113316e+03
1.039520118779738141e+03
1.049780167648729275e+03
1.051852006420699581e+03
1.060628858794785629e+03
1.038421780762696926e+03
1.024720636116448532e+03
1.056953434936702024e+03
1.042243611836942137e+03
1.056223228689763118e+03
1.046242103853980780e+03
1.062203454561403532e+03
1.063030346639151048e+03
1.039234682580199205e+03
1.052036085594830183e+03
1.042005030178733705e+03
1.075572570484438984e+03
1.052834354593121816e+03
1.055614468377474168e+03
1.051594996475491143e+03
1.054805947655863065e+03
1.058093757893370821e+03
1.060045421009340544e+03
1.053759351379630516e+03
1.052901176581816117e+03
1.040595116627035850e+03
1.071197021887717938e+03
1.058704109372542916e+03
1.061883306168531135e+03
1.054655039916395481e+03
1.043711789595989330e+03
1.050774641917373174e+03
1.052051810989904425e+03
1.065779279740211450e+03
1.060326508511833708e+03
1.069786585950241260e+03
1.045937783656054762e+03
1.064422366407503205e+03
1.072338559856325901e+03
1.049435956903499573e+03
1.058342356098886512e+03
1.063473512056347317e+03
1.048758988171187866e+03
1.052038585912783901e+03
1.062687361521717094e+03
1.081929614324962358e+03
1.068077574906408245e+03
1.058993222900181308e+03
1.081176229764219897e+03
1.052723927996396924e+03
1.061623067525897113e+03
1.063967843452502166e+03
1.057875214683788499e+03
1.057004570356258455e+03
1.056844475944876194e+03
1.081222327322940828e+03
1.078828001711028719e+03
1.079681944446619354e+03
1.090460267838528353e+03
1.071199661377766461e+03
1.054149337040447108e+03
1.065811108154291787e+03
1.064369852338621740e+03
1.070597314455793594e+03
1.076739245278743283e+03
1.051728292102069190e+03
1.080595012671193899e+03
1.065095438058255922e+03
1.066501364328029467e+03
1.068893134589538931e+03
1.065365588206259417e+03
1.084572947602031036e+03
1.085637689345574017e+03
1.077039428807000377e+03
1.069765811941057109e+03
1.076992235589338861e+03
1.060497135645886601e+03
1.084489609054253606e+03
1.062200974134077342e+03
1.072345966516699946e+03
1.077628888352852300e+03
1.079899258454853907e+03
1.064498088675642521e+03
1.067879067568389246e+03
1.085024786542435322e+03
1.093785921011003666e+03
1.072541808254051602e+03
1.072755441507503519e+03
1.091651914896283188e+03
1.081297069746841316e+03
1.065067915825645741e+03
1.084037568500313228e+03
1.069124385767183185e+03
1.073041913508830248e+03
1.080076011988772279e+03
1.076190704892438816e+03
1.077245560649089157e+03
1.088430473881542184e+03
1.083752454223800214e+03
1.096666811040443008e+03
1.078477824737935180e+03
1.091031287457249391e+03
1.081931409643235384e+03
1.103572830826001109e+03
1.082375284303263015e+03
1.070395336945165127e+03
1.078248601247526040e+03
1.096234990588870915e+03
1.081506668896480960e+03
1.084099224575818880e+03
1.076931725677019358e+03
1.077732400088702207e+03
1.099184830636631887e+03
1.085354436821359286e+03
1.094272522446969106e+03
1.083512955585509872e+03
1.097331644340796629e+03
1.102157373307873513e+03
1.101036337989007961e+03
1.071860482957609065e+03
1.089665253393033481e+03
1.085638046358058318e+03
1.082666010940618662e+03
1.098254541465952798e+03
1.093862618550703928e+03
1.093501417975628328e+03
1.087303652689551882e+03
1.087965473366239848e+03
1.086237371418760858e+03
1.075427044992714400e+03
1.101577226309791058e+03
1.089243673881257791e+03
1.088668358800360693e+03
1.091159531891407369e+03
1.081971602830964230e+03
1.099965921990748711e+03
1.113936918464086830e+03
1.114502315492625257e+03
1.092072935611585535e+03
1.097780336861292881e+03
1.105783028131050514e+03
1.086736707296139457e+03
1.110967554156716687e+03
1.091328899390059632e+03
1.103135953586227743e+03
1.102876638750120946e+03
1.110486524064685682e+03
1.099142791303806007e+03
1.094928943613265574e+03
1.081889564198914513e+03
1.103657573216738683e+03
1.094590205864116115e+03
1.099134448242164353e+03
1.110931291586136695e+03
1.100013732679823988e+03
1.088226139960494720e+03
1.110892015641655007e+03
1.106206527356669994e+03
1.108610806583992826e+03
1.116718691819165542e+03
1.112663280624554091e+03
1.105665397029431688e+03
1.096033785470533530e+03
1.105906309634260879e+03
1.102917697785338760e+03
1.108402532043372503e+03
1.111705894053687189e+03
1.118114774352627592e+03
1.106301468493808215e+03
1.105011990482535339e+03
1.112173580458340894e+03
1.108126608383501434e+03
1.113406350923833088e+03
1.111814156408231156e+03
1.118345088165168136e+03
1.118485859050301542e+03
1.095129845651702226e+03
1.125614620289110007e+03
1.115120747762509836e+03
1.109082356389249298e+03
1.116358985360244787e+03
1.095148653929906686e+03
1.112914639745937166e+03
1.097401559798788867e+03
1.105904419090715464e+03
1.107360702212302840e+03
1.096857463864616648e+03
1.110210821945175667e+03
1.115004904433114916e+03
1.103335249973861664e+03
1.120901103863470325e+03
1.102691316202965709e+03
1.118616147565840947e+03
1.118942686761555024e+03
1.115477204134162776e+03
1.110663228179925682e+03
1.125140583665816393e+03
1.115431905053373612e+03
1.127726038079876844e+03
1.127851908521718087e+03
1.119974640873577982e+03
1.115802777983306441e+03
1.120655018424419268e+03
1.118614829044552380e+03
1.132956094683111132e+03
1.124280196372670389e+03
1.122463960055149300e+03
1.134278427964687580e+03
1.131585424666767949e+03
1.122465815222462197e+03
1.116692353883647229e+03
1.128446507099505652e+03
1.116124033304018212e+03
1.119271039133909426e+03
1.123849671308196548e+03
1.127782798297861291e+03
1.115058991742340140e+03
1.126912473924122878e+03
1.116306768716015085e+03
1.128649419058361673e+03
1.134025202434798757e+03
1.121953317505914356e+03
1.131382081181923013e+03
1.119618566185828286e+03
1.128524755262036479e+03
1.141036530718421773e+03
1.143058742094013951e+03
1.140225761624981033e+03
1.138504995030746841e+03
1.112873888181658458e+03
1.123572894787165978e+03
1.133057251150829416e+03
1.132939434127115419e+03
1.135486384437257357e+03
1.138001293636496257e+03
1.146393578611058274e+03
1.120980084627820361e+03
1.155680931921559932e+03
1.148852640328052303e+03
1.136520814161036242e+03
1.122471166778979523e+03
1.140770727993742184e+03
1.136480210687566114e+03
1.142327765153976998e+03
1.135938601773251548e+03
1.127577932301042893e+03
1.127879874874270399e+03
1.129323216804644289e+03
1.138995140479892825e+03
1.136052382464846914e+03
1.133872778952995304e+03
1.144024855639228008e+03
1.131004275446559404e+03
1.147616971600874649e+03
1.137649276914148231e+03
1.131143734357343192e+03
1.144157151472393480e+03
1.140298536228840248e+03
1.154234346240261402e+03
1.142690277533268045e+03
1.142369763326628799e+03
1.128361621666608926e+03
1.156599882949864650e+03
1.149730499525341429e+03
1.153454611049354980e+03
1.142163453566618273e+03
1.149342391784921801e+03
1.141837432877108768e+03
1.144116338538040054e+03
1.157851102165378279e+03
1.136280613071472544e+03
1.145313422788572552e+03
1.138519791827084873e+03
1.160979292798616370e+03
1.146022507730907364e+03
1.160110519345064176e+03
1.149240040426233463e+03
1.157757416584736120e+03
1.148998448857906396e+03
1.151949872606223835e+03
1.165132973342521609e+03
1.169216300846582726e+03
1.151757807364367181e+03
1.163304257777848306e+03
1.167392358134942242e+03
1.148066615625925579e+03
1.147802729904592070e+03
1.162417282486237809e+03
1.151258752994533097e+03
1.153865747570249368e+03
1.172818614319782228e+03
1.147427345550140444e+03
1.167389552942406226e+03
1.151695621383601292e+03
1.153617292875980183e+03
1.166613862559365771e+03
1.174310258405180321e+03
1.171528649460204861e+03
1.148580944185424414e+03
1.159155193266551805e+03
1.147325101704468580e+03
1.163457061975038187e+03
1.161806176754509352e+03
1.163175730654187191e+03
1.161195872747290423e+03
1.167384986911351916e+03
1.146104898692198731e+03
1.175656122335451300e+03
1.150060151431149279e+03
1.167689342915901079e+03
1.163172887803674939e+03
1.158917257637018793e+03
1.169251913993736025e+03
1.179161416344535155e+03
1.163906875420581855e+03
1.192636738247172616e+03
1.174700071834973869e+03
1.165824960546119200e+03
1.166315468921932506e+03
1.172917057265123958e+03
1.172870182820907075e+03
1.183508842052930504e+03
1.160803147895982192e+03
1.165058860622610155e+03
1.160534712254904889e+03
1.177044137422704580e+03
1.160698520351678553e+03
1.182499222303315264e+03
1.180460962709745218e+03
1.166579381469351802e+03
1.167730969520411463e+03
1.160130532881068575e+03
1.172259595905674587e+03
1.150152605315931623e+03
1.180014063319655634e+03
1.174443168921066444e+03
1.179554298035645161e+03
1.169773839226742666e+03
1.185579757657301116e+03
1.182822533757600468e+03
1.184349919004632511e+03
1.179330599190810517e+03
1.192015295471870331e+03
1.170601007028138838e+03
1.158623368097382127e+03
1.183217445583357176e+03
1.183139274466909910e+03
1.183330311491050679e+03
1.188093879636751126e+03
1.172910460185431702e+03
1.177319400810672505e+03
1.202263740848405178e+03
1.173670034193384936e+03
1.197112108013198622e+03
1.185666873138809024e+03
1.184049680302194020e+03
1.197826117531296859e+03
1.184133388063656412e+03
1.175804683981437165e+03
1.190938317992916609e+03
1.179678969705247027e+03
1.182636538661812438e+03
1.175097330420701155e+03
1.195573509436273753e+03
1.202010935268609728e+03
1.188881123629681497e+03
1.197499900536347468e+03
1.181318648580501304e+03
1.189787244620179308e+03
1.179209963896283853e+03
1.185048287810771853e+03
1.194171088675698684e+03
1.212409832278490285e+03
1.198550564538677236e+03
1.184567480242670626e+03
1.183968234872330186e+03
1.199182867303618877e+03
1.169715174982862209e+03
1.180089875862172448e+03
1.194306575020683795e+03
1.196450741554354408e+03
1.204687719016540768e+03
1.209948629650704333e+03
1.200288940844195167e+03
1.195560277736507487e+03
1.216747935542769028e+03
1.213717473719543023e+03
1.191565063492985928e+03
1.211899627164155618e+03
1.211434850223437934e+03
1.213050014205882917e+03
1.186327998226273621e+03
1.198753670440240285e+03
1.196782771262351616e+03
1.207844296004730950e+03
1.188459899074699024e+03
1.217050221587003989e+03
1.221197947619167735e+03
1.207332396040615777e+03
1.212156874118600399e+03
1.194690799240239812e+03
1.199168246880813285e+03
1.210548177317875115e+03
1.210228683000830188e+03
1.209731994056959593e+03
1.206512110878807562e+03
1.228308788859632614e+03
1.219105786540428880e+03
1.215552853377746487e+03
1.199134637112257906e+03
1.208678416038720570e+03
1.209117814691776857e+03
1.220189983428857659e+03
1.212292809141275939e+03
1.211954230982531726e+03
1.225044530266223319e+03
1.216879955524296975e+03
1.218876686232724524e+03
1.198581668588993352e+03
1.227420649699813112e+03
1.206534562616499898e+03
1.216430118676815482e+03
1.210003949747694605e+03
1.225857431403333521e+03
1.208537141870610185e+03
1.236164916032179008e+03
1.217521351130456651e+03
1.210530552877190530e+03
1.210117151436969380e+03
1.228114638764289339e+03
1.218106072310501759e+03
1.232403967367381711e+03
1.225268195147970800e+03
1.227908897360357287e+03
1.216640353157519939e+03
1.231103912205663391e+03
1.231277036682833341e+03
1.224524877324695353e+03
1.228281080926260302e+03
1.226594699674569711e+03
1.215643497415073625e+03
1.221877679608993503e+03
1.235534862163899561e+03
1.235488193823983693e+03
1.231833152409272088e+03
1.230894729980394914e+03
1.224457039822045999e+03
1.225353033455708328e+03
1.232978185177525575e+03
1.241580930360116099e+03
1.212004257125572849e+03
1.221304355533366788e+03
1.251578406739739194e+03
1.241329237134287723e+03
1.245712445271860133e+03
1.232761298429753879e+03
1.219361607070566151e+03
1.227510854634014549e+03
1.248201193367390488e+03
1.244072591465069308e+03
1.247437019886789358e+03
1.244083565922995604e+03
1.227495146619411344e+03
1.249767315344495728e+03
1.226223425465586388e+03
1.244911173355317032e+03
1.234037641351158754e+03
1.247778097551287146e+03
1.234354416072952517e+03
1.250314595726068319e+03
1.237881075388903582e+03
1.248709682508023889e+03
1.231070673076420007e+03
1.254691510980448129e+03
1.241466482582515710e+03
1.241943179942549023e+03
1.238585667995081394e+03
1.237330133485188298e+03
1.242434055331222908e+03
1.252846396473992627e+03
1.233078662230547707e+03
1.242333336762227646e+03
1.250535195487964074e+03
1.240896562418781059e+03
1.236298038110517382e+03
1.254384629079131855e+03
1.266157570212114251e+03
1.249441242742419263e+03
1.251993349676302842e+03
1.236138082935863167e+03
1.242444101872736155e+03
1.253484508972441517e+03
1.253844268716482475e+03
1.255241382261152921e+03
1.243409562866968599e+03
1.255101912556950310e+03
1.257854284529636743e+03
1.262694400785955168e+03
1.254879862098278636e+03
1.274586579654967636e+03
1.249711914158491254e+03
1.252501534953161581e+03
1.239337567829763884e+03
1.249635101753264962e+03
1.238299781349405521e+03
1.238551015671954929e+03
1.264995089189859982e+03
1.257071385645960618e+03
1.266150066192280974e+03
1.264571064429533408e+03
1.250134926400574159e+03
1.278038739409796108e+03
1.256857373105830675e+03
1.260636271026160784e+03
1.252829590437085244e+03
1.257726211328244062e+03
1.256485354771522452e+03
1.257894494102805311e+03
1.261674041808728816e+03
1.275986926711604156e+03
1.271449895135192492e+03
1.270068321949758001e+03
1.255531993109347013e+03
1.278186496193867015e+03
1.248881173050219559e+03
1.271588306560271121e+03
1.264718239606420639e+03
1.286757564022116185e+03
1.276939973471099165e+03
1.269453318323991198e+03
1.271607570536862568e+03
1.270276146409679541e+03
1.270762214914023389e+03
1.264637808867384365e+03
1.272136239729836689e+03
1.273204933913291370e+03
1.277508529675514183e+03
1.276595251305746388e+03
1.289169936890957388e+03
1.270811124318770680e+03
1.270176765738029417e+03
1.272923656571207630e+03
1.270788698777108493e+03
1.271678616743410657e+03
1.299157713911362407e+03
1.282956678043914735e+03
1.272350158002030412e+03
1.275503960701606275e+03
1.271826090517728289e+03
1.284153272826832563e+03
1.283835586772006991e+03
1.282671717096189468e+03
1.288947895608036333e+03
1.290642980485175258e+03
1.290817664399517753e+03
1.282088719838521001e+03
1.278878387090324395e+03
1.290039960140516541e+03
1.290485330571507802e+03
1.274730817623430312e+03
1.290210903984729612e+03
1.281765224306191612e+03
1.276903749109456157e+03
1.286924594070519333e+03
1.286347819563968187e+03
1.281689034096598562e+03
1.286143039118571551e+03
1.289426698935636068e+03
1.302932156170424832e+03
1.298443173299356204e+03
1.301175675831616900e+03
1.297692784776775852e+03
1.283048368304644328e+03
1.288375769260856714e+03
1.304267587857616036e+03
1.296249412425737773e+03
1.301741853590440542e+03
1.287776573983286653e+03
1.301374279766874224e+03
1.294041659026942625e+03
1.301183198130232313e+03
1.305030017837661035e+03
1.303971356037365695e+03
1.312544996479910424e+03
1.309464957540507612e+03
1.303351210870166824e+03
1.304025419633085676e+03
1.313767697129658927e+03
1.306910946997186784e+03
1.311397571197404886e+03
1.305185821807486263e+03
1.300168873706416889e+03
1.308146805516704489e+03
1.298919201695775882e+03
1.293322842854717010e+03
1.319630591533638153e+03
1.313504226968925650e+03
1.310831282964099955e+03
1.302431434458541617e+03
1.312696215199638345e+03
1.313499533516771635e+03
1.318435147936573230e+03
1.301845423909403507e+03
1.306738452927861772e+03
1.311838926659256003e+03
1.303540238392087076e+03
1.332012083002258123e+03
1.298700729881710686e+03
1.324380851661304860e+03
1.306646480350266984e+03
1.331789013317327317e+03
1.316543283797332151e+03
1.322447883408425696e+03
1.304691584511031124e+03
1.318259324503355401e+03
1.306190243014637190e+03
1.329159482023678265e+03
1.320199107027800210e+03
1.341906523350977068e+03
1.315830206648344756e+03
1.338221566244480300e+03
1.334647962018178760e+03
1.303558092606448781e+03
1.332592541774626170e+03
1.323748083567784761e+03
1.330824002163297109e+03
1.322823339174270131e+03
1.323608344700538510e+03
1.315363624307821055e+03
1.312375119585350376e+03
1.326417686576803590e+03
1.309274127083878511e+03
1.340895919294758187e+03
1.336351764293238375e+03
1.327483244230068749e+03
1.326191847651656190e+03
1.337252617768181381e+03
1.331720561642529219e+03
1.324530492112771071e+03
1.333204043059170317e+03
1.346470630758861489e+03
1.337501881533760752e+03
1.335004715352585208e+03
1.331881506289302934e+03
1.340686860075499908e+03
1.334506395469279596e+03
1.321069026679775334e+03
1.336215330951209353e+03
1.348002556716497111e+03
1.333555394050380301e+03
1.341256494277383126e+03
1.341867129494063875e+03
1.338847216641235718e+03
1.343032421933807882e+03
1.328406160355253860e+03
1.338565895151328959e+03
1.353736976167003604e+03
1.342635431777418034e+03
1.352189417090551387e+03
1.346454429681329202e+03
1.337806294535550023e+03
1.358200430517660152e+03
1.340340426158782975e+03
1.342108011651070910e+03
1.352578279030582962e+03
1.349716775283332936e+03
1.358526896911896756e+03
1.330416324543496330e+03
1.328854629702350849e+03
1.360569770032140013e+03
1.344365822951707742e+03
1.362452653681750235e+03
1.348779352442435084e+03
1.348638406715362862e+03
1.347115781952260704e+03
1.355788964682625192e+03
1.342088783385024726e+03
1.356262921411884008e+03
1.361430834423943907e+03
1.357877663134350087e+03
1.367712361385434406e+03
1.353081583969438725e+03
1.348080073410895920e+03
1.350801241478550764e+03
1.360996016248790283e+03
1.364476498187007792e+03
1.351700581785093391e+03
1.355968041370360424e+03
1.366370072917517518e+03
1.371221665256276992e+03
1.352590454462265370e+03
1.360551809499597539e+03
1.340923583892537408e+03
1.367413113080667699e+03
1.371861390664205601e+03
1.379876188921569792e+03
1.372670500742163540e+03
1.385310444980564171e+03
1.375635595317140542e+03
1.366165747119787738e+03
1.380612660161731583e+03
1.364906099749683108e+03
1.379937866659294514e+03
1.377304695675358971e+03
1.367881825982012970e+03
1.379808350803600206e+03
1.368367147618039553e+03
1.372465484771114234e+03
1.380586892456968144e+03
1.379037058505760797e+03
1.376559950930159630e+03
1.378030424407478677e+03
1.370778938953753141e+03
1.375815034385462923e+03
1.375207674419869136e+03
1.378070290492165896e+03
1.376958724549711860e+03
1.377268782384924862e+03
1.379968321881892052e+03
1.380096514995047983e+03
1.385342328294318577e+03
1.377108416065120309e+03
1.377807667872113825e+03
1.388940110376050598e+03
1.385649670455762589e+03
1.379679887454935852e+03
1.400502615749976030e+03
1.385324180595859389e+03
1.398580524401354523e+03
1.386795946727310366e+03
1.405271115782273000e+03
1.388153308801633784e+03
1.383393724152573895e+03
1.379949189153088810e+03
1.391035864035097347e+03
1.383621811214505897e+03
1.387217871341552154e+03
1.389614041795540288e+03
1.392974848080378933e+03
1.384433085427867354e+03
1.395497963778377425e+03
1.398650071738922861e+03
1.400541755780644507e+03
1.394044099735929422e+03
1.400017394955419832e+03
1.398007776529193507e+03
1.383864853867679813e+03
1.398478702401420151e+03
1.421414129858100750e+03
1.399656689842249534e+03
1.393567589010140409e+03
1.398490278390887397e+03
1.406404817452407542e+03
1.427934059701979550e+03
1.401136452780791387e+03
1.401276830043969085e+03
1.406246856064886970e+03
1.400896319224731997e+03
1.402111743578437654e+03
1.413941718336708618e+03
1.427728642713490899e+03
1.414394094748857469e+03
1.428116887934894294e+03
1.396107183929720577e+03
1.418599523126760914e+03
1.407384596253830296e+03
1.407977347684371580e+03
1.405359643123561682e+03
1.428026159716725942e+03
1.415447404892227951e+03
1.425905315497383754e+03
1.415984455006061353e+03
1.420387599338464270e+03
1.415333117333226483e+03
1.413794995936754276e+03
1.428555823891284263e+03
1.419214924858441464e+03
1.412690141696026330e+03
1.435781300703481747e+03
1.423501630571856822e+03
1.419610117331463698e+03
1.411460615515582049e+03
1.423497745128192491e+03
1.422512635013503996e+03
1.418917860037248602e+03
1.430037380760799351e+03
1.424133139043467054e+03
1.412842508756848247e+03
1.440342266926985758e+03
1.427739675782851464e+03
1.436956027130765278e+03
1.437989527181114454e+03
1.439151544240996373e+03
1.430361349886105927e+03
1.428422010996781864e+03
1.423396006671835494e+03
1.433947027122928830e+03
1.430469496154198396e+03
1.444550713284388394e+03
1.450978063231801116e+03
1.440070104906938695e+03
1.444313418122601206e+03
1.425410642585202140e+03
1.453831423110338164e+03
1.436395104909819793e+03
1.433479775997049956e+03
1.426665625779720585e+03
1.445054178949258812e+03
1.451661803685404493e+03
1.439650311609124401e+03
1.452605352827619754e+03
1.449459452304069373e+03
1.445159770505694496e+03
1.440053063610858544e+03
1.446832905856668731e+03
1.457553947674497749e+03
1.434310964650897404e+03
1.465067466750548419e+03
1.465106444013735199e+03
1.466110569831769681e+03
1.451227132739194531e+03
1.449374239495036136e+03
1.470631118170111222e+03
1.448828808295435920e+03
1.446641004345125566e+03
1.454730038189688457e+03
1.450944418853460547e+03
1.462825084492982569e+03
1.466882784041932837e+03
1.457253692270836382e+03
1.460091872863593153e+03
1.477529546621707368e+03
1.457005160951172456e+03
1.463974353974157339e+03
1.460109693157259926e+03
1.464393891858412417e+03
1.481352549534232367e+03
1.470269151826935058e+03
1.453473861725312418e+03
1.465278980204239133e+03
1.457933265423429475e+03
1.466123654178917832e+03
1.462240361059988800e+03
1.461974563453329893e+03
1.459863423722072184e+03
1.476156072250535317e+03
1.454416726870648517e+03
1.463094709116043532e+03
1.467351057327970466e+03
1.469619506845637943e+03
1.464506936582368098e+03
1.458233950108129193e+03
1.460741394006194014e+03
1.482337334777088927e+03
1.483349947046829584e+03
1.472552824703467877e+03
1.470365635158396799e+03
1.475435759614902736e+03
1.480534449511525281e+03
1.462741826641352873e+03
1.488070321615862895e+03
1.485274123049998252e+03
1.471178891064611435e+03
1.486036861001020043e+03
1.485904293070429048e+03
1.466807858173484647e+03
1.487444269089421141e+03
1.484794323641697702e+03
1.485415366829045524e+03
1.495910100323944334e+03
1.484617605418183302e+03
1.487779159004301391e+03
1.494279285647678989e+03
1.505591370862193799e+03
1.500156408485470138e+03
1.493364959900198528e+03
1.503294064328643799e+03
1.488900237515461640e+03
1.509612217019943500e+03
1.485592176536461693e+03
1.498554223779434551e+03
1.483637026625895487e+03
1.485658623643397277e+03
1.497849973161995194e+03
1.492449116750429312e+03
1.513999026605949666e+03
1.493851754574620372e+03
1.501693948075898334e+03
1.514560750698042966e+03
1.503768853731353374e+03
1.492766229882786092e+03
1.504917164632812955e+03
1.503916558081373296e+03
1.501744720803708788e+03
1.502042233392172875e+03
1.510616901406808893e+03
1.512794400548274325e+03
1.510445066196512926e+03
1.493786256489575635e+03
1.507422364836723091e+03
1.508616057393349365e+03
1.528899618591179205e+03
1.513593942578455199e+03
1.525200817770429239e+03
1.518671396157547406e+03
1.503957258086232514e+03
1.510457235628111903e+03
1.518634986018495283e+03
1.522574730711129860e+03
1.510768448508835718e+03
1.520270479490412072e+03
1.512466070393861628e+03
1.530005745467326733e+03
1.525414506432970484e+03
1.526944642207912011e+03
1.508848785677439309e+03
1.525039447818311828e+03
1.519667206468058339e+03
1.514003712531651900e+03
1.522641124377737697e+03
1.527857262857462047e+03
1.520028975909923474e+03
1.524590587218203837e+03
1.524713091927524374e+03
1.532832882823613545e+03
1.518289519784362483e+03
1.540252770814014411e+03
1.541219237486905058e+03
1.538463288624115421e+03
1.530804671523912930e+03
1.536268124454765257e+03
1.547261809627668754e+03
1.533479644904098450e+03
1.527188233305596441e+03
1.527389029829744459e+03
1.549867936568966343e+03
1.538101420236785316e+03
1.544591038397131570e+03
1.537504835396595809e+03
1.530202648796936501e+03
1.556451016354854346e+03
1.559941970022668329e+03
1.557047584033166004e+03
1.551031508865624346e+03
1.540536544733261053e+03
1.554344559353565501e+03
1.564847237903693440e+03
1.553459682439167636e+03
1.544800509748535205e+03
1.536593789286341689e+03
1.553024172170027214e+03
1.561033457490016417e+03
1.547827901119850139e+03
1.548475388717938131e+03
1.577754529094365125e+03
1.546791239118975454e+03
1.547819545248657732e+03
1.555299023921199023e+03
1.540177601374453616e+03
1.562244246893219270e+03
1.549012736861952590e+03
1.555291590354721620e+03
1.559385253965189349e+03
1.558812865757997770e+03
1.554074336819139717e+03
1.558878453507962604e+03
1.564662746256473838e+03
1.561597281253320944e+03
1.563449776252318770e+03
1.559761116999351316e+03
1.569704832118131662e+03
1.554504205142454111e+03
1.576278471281120574e+03
1.580533530623502429e+03
1.581975025884424213e+03
1.571744808168596592e+03
1.569436510130004081e+03
1.569542588087607555e+03
1.572990173017505640e+03
1.577312540826056420e+03
1.568562596425868378e+03
1.584575986073052718e+03
1.584608989027442021e+03
1.579377028709868227e+03
1.587534828674397886e+03
1.573064622530401266e+03
1.572762199528232486e+03
1.579241147966949029e+03
1.571761863531188283e+03
1.570373792407126302e+03
1.578140414324547010e+03
1.579344609810558950e+03
1.576226780916974576e+03
1.584920813845962357e+03
1.591959107924970567e+03
1.586646542527105112e+03
1.594545245367376538e+03
1.573647401162054393e+03
1.585217635012843630e+03
1.587032586589159564e+03
1.589450393792792056e+03
1.587310660576470127e+03
1.584778189365283652e+03
1.613430186759665048e+03
1.583325390807384565e+03
1.577159780437908921e+03
1.606743840033766446e+03
1.587599853668804826e+03
1.584984972024980607e+03
1.599491079574422884e+03
1.612728625360855403e+03
1.603695454029070788e+03
1.592682228626855704e+03
1.593333247760286895e+03
1.606795505218676453e+03
1.606468593793690843e+03
1.612442200139296574e+03
1.594641921070635817e+03
1.604711221753580958e+03
1.618509402042730244e+03
1.611020884855275199e+03
1.608595119319676542e+03
1.615464522383953863e+03
1.622492601245189007e+03
1.619534084131406189e+03
1.619218757488639085e+03
1.602748788758327237e+03
1.625461993443981555e+03
1.622144742732678878e+03
1.614607296873518635e+03
1.628238822460711162e+03
1.598326227333792076e+03
1.619087788179773725e+03
1.613959573980389450e+03
1.622064767186513336e+03
1.630600270980166442e+03
1.630444076133358067e+03
1.629691548057372756e+03
1.629625025367624630e+03
1.619106693102096642e+03
1.627491058610403570e+03
1.635438321906531883e+03
1.637864175439956853e+03
1.615447220277393626e+03
1.628749150536905063e+03
1.634999663654793721e+03
1.643746515202535420e+03
1.628631807412287117e+03
1.639308390237433059e+03
1.626611698964393327e+03
1.624887681243235420e+03
1.637907133400304929e+03
1.628939233956599537e+03
1.644562903273462553e+03
1.636942166581655101e+03
1.659716175866542926e+03
1.635085164012038831e+03
1.660460312169115468e+03
1.652238129773875471e+03
1.640870612948267762e+03
1.648829283051147058e+03
1.669510832999671038e+03
1.652698205963502915e+03
1.659858118144755508e+03
1.651708892707179984e+03
1.649506393932981382e+03
1.646530264774182797e+03
1.660833192857410495e+03
1.624580064029148161e+03
1.648646557183124287e+03
1.639135363513209768e+03
1.654203232833415541e+03
1.654863948785084176e+03
1.656144554584480829e+03
1.656244513551549517e+03
1.645132225534774534e+03
1.666062396057130627e+03
1.665252192877580455e+03
1.670022947708819856e+03
1.658068307411023852e+03
1.667147483949585421e+03
1.649407072847077643e+03
1.662698272156597113e+03
1.665394953007689082e+03
1.658494864832923668e+03
1.671403523256547714e+03
1.676212713936890395e+03
1.671317768570671660e+03
1.671040737120175436e+03
1.660645971156324549e+03
1.677570224586914719e+03
1.673323207110594922e+03
1.663863804820029600e+03
1.681399903132836471e+03
1.698132413450620561e+03
1.674456417002567377e+03
1.676339668401747758e+03
1.672826069829854760e+03
1.666984849803686529e+03
1.670619572804860354e+03
1.672123110166461174e+03
1.689966983899865681e+03
1.674363502718128075e+03
1.689504885309091833e+03
1.684307510660035405e+03
1.675318086789808603e+03
1.679065060765568433e+03
1.694242845351064034e+03
1.686885227380277456e+03
1.681825913960929483e+03
1.701328470531080939e+03
1.681698587823749222e+03
1.686433354009604500e+03
1.684686353861043244e+03
1.697671415220969266e+03
1.689009485015125620e+03
1.682602618964214798e+03
1.719000688651113251e+03
1.703184414241604827e+03
1.693232412858276348e+03
1.718687024681253888e+03
1.711142699659350683e+03
1.691888422447955008e+03
1.706307929658439662e+03
1.699425846302900709e+03
1.703533285378143773e+03
1.721465574052489274e+03
1.716327662618721433e+03
1.701827943255867240e+03
1.716296511913121776e+03
1.702749925071469761e+03
1.718272357677087030e+03
1.724290028025110360e+03
1.711056539489031593e+03
1.712367459377066098e+03
1.718641304452530903e+03
1.725143831581476434e+03
1.719338399217260076e+03
1.719047668957218320e+03
1.719394298521913015e+03
1.727908814136627370e+03
1.715245579340931499e+03
1.729803095886999699e+03
1.726320869466691420e+03
1.730745983655474674e+03
1.724169971265460390e+03
1.727901083784323873e+03
1.734378999518420187e+03
1.752033155213551254e+03
1.714671624239132598e+03
1.716170979326723909e+03
1.733666033243891661e+03
1.730365944936898131e+03
1.748698756109211445e+03
1.751479228880337814e+03
1.733241036684102710e+03
1.741609339451480309e+03
1.740021029698280245e+03
1.734752744811462662e+03
1.746150451473368548e+03
1.747258678466210085e+03
1.756128499984639575e+03
1.736981331861869194e+03
1.747464712585310281e+03
1.754736334201433920e+03
1.744085532459319211e+03
1.760105538665693757e+03
1.750846202928359162e+03
1.747474858641853871e+03
1.764177322995843724e+03
1.755335197161115275e+03
1.747900567345679519e+03
1.741647667484086924e+03
1.763582821224704730e+03
1.773463360840246878e+03
1.763484621178575026e+03
1.764437146496338300e+03
1.763357122015828963e+03
1.772897069299259556e+03
1.780701333336303378e+03
1.763025563925478082e+03
1.765608686984623773e+03
1.758800474786718951e+03
1.766616692689903630e+03
1.777552089465231347e+03
1.747955471001815340e+03
1.786237136850696515e+03
1.786890216554506424e+03
1.771216564054246646e+03
1.784652838825254321e+03
1.776650051805437215e+03
1.775993640280469435e+03
1.799070982173438551e+03
1.769536329312348698e+03
1.774480639022478954e+03
1.777117015962305459e+03
1.782398428895208781e+03
1.785976933627407107e+03
1.786495037481769259e+03
1.786351406226347763e+03
1.786198390855470961e+03
1.801016845704803700e+03
1.792892298369036780e+03
1.800191070890685751e+03
1.806116225669971755e+03
1.791710049208726787e+03
1.791664306525771053e+03
1.812894584877630678e+03
1.788730312728855779e+03
1.799444641036311396e+03
1.796878738852567949e+03
1.803203123770457978e+03
1.787554985076768162e+03
1.803358928284453441e+03
1.797886887675111211e+03
1.818114670627546730e+03
1.801224018781551194e+03
1.811737306737636800e+03
1.821566952767298517e+03
1.801592432150404420e+03
1.810583070407455807e+03
1.798997088814179051e+03
1.813619756007167553e+03
1.819093465011158969e+03
1.798070912996707875e+03
1.817812841536778251e+03
1.820264891927990448e+03
1.821034313370661948e+03
1.810198990049995245e+03
1.819786324076565052e+03
1.806490722915817059e+03
1.827569940884879088e+03
1.816603521356170631e+03
1.840069541585658953e+03
1.821243876782421012e+03
1.828586507545458062e+03
1.829748090714151203e+03
1.837154225886244603e+03
1.838332541314610353e+03
1.833965854592468531e+03
1.821499327078403667e+03
1.834017980177219897e+03
1.835652220853339941e+03
1.832815443664859686e+03
1.844198081349307131e+03
1.825216628709956240e+03
1.827737979684996617e+03
1.825886070894772047e+03
1.834208712087964841e+03
1.853616440998135431e+03
1.856125831420218219e+03
1.844167739032353893e+03
1.843082889104307242e+03
1.852987752602185083e+03
1.854928307555847141e+03
1.839076923941948735e+03
1.843089190777557178e+03
1.861384692741892650e+03
1.835460020806284547e+03
1.849614007665406689e+03
1.859536394561536554e+03
1.871624925999436073e+03
1.856900311371372709e+03
1.853678205092491680e+03
1.861068472888018050e+03
1.856461693894386144e+03
1.869656759775314185e+03
1.853953689143432030e+03
1.857067989026775649e+03
1.868109431953697140e+03
1.856936587717042357e+03
1.874857963431422377e+03
1.862113438661825512e+03
1.876622635461503251e+03
1.877383621144024119e+03
1.877193852870350156e+03
1.876255459491737838e+03
1.884326306805291551e+03
1.893612280285553197e+03
1.868134497302869249e+03
1.888359441297786134e+03
1.885841123095046214e+03
1.899288624767378906e+03
1.885117063284592405e+03
1.883491213916589686e+03
1.889040892681175819e+03
1.896144113476179200e+03
1.884843739510430851e+03
1.900724339159009332e+03
1.887085081930665865e+03
1.887555405522895398e+03
1.907153752430333725e+03
1.884371919049874350e+03
1.886191254549304176e+03
1.904312078853037519e+03
1.889961999363399855e+03
1.888531969886420711e+03
1.916355445921430601e+03
1.888397878962622826e+03
1.918037418559460320e+03
1.908745214780637980e+03
1.911457997076200400e+03
1.899934236592768457e+03
1.917853831316331707e+03
1.913400520388657014e+03
1.910119325615586149e+03
1.902315333113409451e+03
1.915921495776616439e+03
1.912183287580918886e+03
1.915471989322307763e+03
1.919217809591519426e+03
1.922324658532115791e+03
1.921610776377679713e+03
1.935919046743043737e+03
1.918540900501768419e+03
1.931040447072089137e+03
1.927304533705453196e+03
1.923765178363215000e+03
1.935668747886736128e+03
1.920514516944252136e+03
1.919599226624408402e+03
1.945093740279528220e+03
1.929111424721389540e+03
1.931118724051757226e+03
1.937571718057054795e+03
1.938685293892188611e+03
1.953312121520979645e+03
1.936921768969533105e+03
1.939881427882479329e+03
1.960972450991599089e+03
1.959548553228568380e+03
1.944177413415133060e+03
1.930182090090748034e+03
1.955905005301505071e+03
1.942860964157447370e+03
1.940759645343427565e+03
1.946197362983372159e+03
1.951177074528242429e+03
1.953804337155295798e+03
1.957116826436568999e+03
1.938031881682290077e+03
1.961337411884865105e+03
1.965865677954057901e+03
1.954159657474535607e+03
1.958031428375888026e+03
1.963801874074996022e+03
1.969839636357276277e+03
1.970418075051684809e+03
1.960883470522412154e+03
1.973027835896060651e+03
1.973996406633703600e+03
1.972236054046665913e+03
1.976950618001381599e+03
1.967087685292881133e+03
1.977063997274242411e+03
1.978947228057235179e+03
1.961468730638693160e+03
1.979922788219079166e+03
1.988028093335606172e+03
1.972733788015720393e+03
1.973875400452316626e+03
1.969770674112369534e+03
1.992176951334056866e+03
1.978491315129783516e+03
1.982932443407205255e+03
1.980250830580524962e+03
1.985113012692432903e+03
1.992119064333605365e+03
1.983900849953598936e+03
1.990603810853022878e+03
2.010703415720579642e+03
1.990035729906879169e+03
1.991937458908201052e+03
2.018511156850178395e+03
2.002674126557656336e+03
2.010577326483001343e+03
2.011010088699695416e+03
2.013780992889459412e+03
1.999134650234165292e+03
2.003673293435098913e+03
2.008852859962128832e+03
2.016658024638021061e+03
2.019556211708325009e+03
2.020909393024194969e+03
2.010900247291059713e+03
2.024858000044271648e+03
2.013902901735854130e+03
2.012365932937542993e+03
2.026046022416462620e+03
2.030301518920993431e+03
2.034587208154631526e+03
2.017869529901943451e+03
2.029287157134327799e+03
2.015323171751993414e+03
2.033740233638976406e+03
2.022808412068776079e+03
2.026921803633807485e+03
2.027242147448324658e+03
2.037101038993058410e+03
2.059703794081661727e+03
2.037140290914981733e+03
2.032549273790273901e+03
2.054725758498309915e+03
2.045821975978099317e+03
2.042064917070574438e+03
2.029359767955071447e+03
2.044411628176687827e+03
2.036249628061815429e+03
2.040685899309633214e+03
2.053118749987486353e+03
2.068449866951242257e+03
2.053086543662582244e+03
2.054604341914314773e+03
2.041384730694170912e+03
2.034507620122050184e+03
2.045077125102408218e+03
2.047633183269987057e+03
2.064745755969924176e+03
2.068606006053430519e+03
2.080679476500381043e+03
2.047846907284038707e+03
2.063492066647572301e+03
2.069627117038811775e+03
2.074044867555542623e+03
2.077513965843639653e+03
2.084694740110207931e+03
2.076525505779366995e+03
2.070637482318303682e+03
2.075367260291021012e+03
2.077024778214316029e+03
2.077604198374407588e+03
2.083800191424873447e+03
2.076145073959953152e+03
2.067446611915938774e+03
2.076412905813756424e+03
2.096256316887046523e+03
2.090860275701560568e+03
2.093046982604392269e+03
2.093368977284864741e+03
2.106961762039871701e+03
2.091040696202442632e+03
2.086953346467091251e+03
2.097533421194047605e+03
2.096072278073862890e+03
2.085989062329219450e+03
2.095721911880640619e+03
2.096593885535956360e+03
2.095272459412948137e+03
2.099093163990812627e+03
2.100727340090963480e+03
2.123661086423654069e+03
2.109196397620732569e+03
2.104927807488104918e+03
2.132790156681543067e+03
2.124054710749448986e+03
2.118284482640398437e+03
2.119195114681329869e+03
2.110198090679329198e+03
2.116488686625091304e+03
2.112681357470352850e+03
2.125288247544725891e+03
2.125799464716139482e+03
2.116334728678371448e+03
2.131234343114783769e+03
2.126343396597607352e+03
2.135849458133912322e+03
2.143024335022052128e+03
2.143798773169817196e+03
2.146540989135236941e+03
2.143661166535269786e+03
2.138163272624195542e+03
2.124318056325477755e+03
2.149319989928558243e+03
2.133273213375384785e+03
2.131610363563658211e+03
2.158385343502290652e+03
2.159894896801260074e+03
2.163380542262791550e+03
2.136361487632071203e+03
2.155083573194182918e+03
2.160323335088294243e+03
2.164792224219821492e+03
2.152437368626707666e+03
2.176896937237343991e+03
2.143534712174340257e+03
2.164791818316014997e+03
2.164002537531557209e+03
2.169401914275157651e+03
2.154482684841750142e+03
2.160864205187853713e+03
2.183511891169146111e+03
2.170504907551137421e+03
2.164277117192840251e+03
2.182858955162806978e+03
2.188441288017292209e+03
2.186205942308805334e+03
2.180416151041545618e+03
2.181105914767845206e+03
2.176136227293935463e+03
2.177685259269313519e+03
2.199256177335298162e+03
2.179137996516959447e+03
2.201183059052410499e+03
2.192824996424933488e+03
2.200247056860352586e+03
2.179423211037563760e+03
2.179167690755557487e+03
2.199119438180361612e+03
2.216175200537466480e+03
2.204969263632067396e+03
2.211470265702409051e+03
2.198449265468735575e+03
2.209917559553226056e+03
2.221573568690854700e+03
2.218781863292867001e+03
2.207213898938279272e+03
2.210941536089435431e+03
2.227002053526248346e+03
2.231445887947611936e+03
2.216143210223929145e+03
2.225821291402149654e+03
2.223511899424536750e+03
2.239646578192363449e+03
2.221362988164602939e+03
2.209941695099762455e+03
2.247441182315750211e+03
2.220029449119570472e+03
2.231203549853900768e+03
2.236604061580880170e+03
2.235185438312206770e+03
2.233774082557557904e+03
2.253388405713057182e+03
2.248093832959405972e+03
2.237069651116619752e+03
2.233785577793323682e+03
2.241125772419316036e+03
2.255060822413208825e+03
2.245713332205350980e+03
2.250260738322734596e+03
2.237564263649926033e+03
2.250082114985941189e+03
2.243092677530151832e+03
2.257806871304962897e+03
2.257281550734706798e+03
2.266620425955395604e+03
2.266013235331538453e+03
2.273135441337256452e+03
2.265582922277069883e+03
2.266934666208283033e+03
2.255528742569135829e+03
2.258753586709538013e+03
2.268824512778580356e+03
2.280081622841170429e+03
2.264445610026855775e+03
2.283160987603665490e+03
2.271741299113566583e+03
2.287467227159523645e+03
2.275728004541320388e+03
2.286559371414707584e+03
2.274070677529435216e+03
2.314779220072077806e+03
2.280142960801324534e+03
2.291559832053771515e+03
2.296350135405356014e+03
2.308792598192701917e+03
2.297242811796745173e+03
2.304337114037778520e+03
2.294049133329752294e+03
2.301730981025494657e+03
2.301819333596714841e+03
2.301046432403768904e+03
2.301226779341111978e+03
2.303946824723508144e+03
2.312398256261139068e+03
2.317449158814989914e+03
2.332512388398511575e+03
2.311984154402287913e+03
2.329707239974495678e+03
2.322891652900693316e+03
2.305063267656437802e+03
2.326860009305849871e+03
2.331327559834594467e+03
2.310858870080057386e+03
2.322118198484706227e+03
2.326283785333452670e+03
2.346018959685375194e+03
2.335694449076133878e+03
2.337352789063524142e+03
2.338402963987880867e+03
2.342205339104672930e+03
2.353225937362611148e+03
2.349009490518858911e+03
2.350618098121856292e+03
2.346093656335904143e+03
2.353340668249647024e+03
2.361406716458418941e+03
2.343919388098576292e+03
2.351619351966804970e+03
2.363913002311363016e+03
2.359143641928726083e+03
2.362812986015038405e+03
2.365005974695860914e+03
2.370473315234576148e+03
2.374796631279209123e+03
2.349773311543111504e+03
2.374670433765096732e+03
2.363467046417265465e+03
2.368056106853675828e+03
2.385547227991197815e+03
2.367759518147739072e+03
2.371268094192156695e+03
2.372069068776061613e+03
2.381852635258389000e+03
2.391677053165062262e+03
2.384851730405729541e+03
2.394306789441951878e+03
2.387354623197828460e+03
2.402580470523158056e+03
2.396310723962136763e+03
2.388839878304594095e+03
2.416723683055573929e+03
2.404648337124669979e+03
2.408112448093226249e+03
2.413867816022886018e+03
2.421115248086817701e+03
2.409801468589721480e+03
2.408482424145846380e+03
2.420212837764752749e+03
2.405006035946805241e+03
2.414087763949134569e+03
2.427457246335071432e+03
2.412603871601587798e+03
2.411883401946102367e+03
2.426228117587480938e+03
2.427541516037008478e+03
2.439830516257456111e+03
2.452075733168101124e+03
2.429764296160230515e+03
2.430623975095673359e+03
2.430124661762126379e+03
2.441850681972697657e+03
2.443840836323302028e+03
2.440132938588607885e+03
2.443658675693639452e+03
2.456457030478477918e+03
2.446171110779873288e+03
2.450151450109904545e+03
2.471972569838018899e+03
2.456731473015699066e+03
2.429324320130439446e+03
2.445941103524943173e+03
2.457678844534690597e+03
2.460661958068652893e+03
2.472593047926421605e+03
2.460464183416044307e+03
2.464181971408420850e+03
2.465274939726015873e+03
2.462658580674553832e+03
2.486895153251572083e+03
2.483852827332175821e+03
2.473686061597620665e+03
2.488171238753651778e+03
2.466166466500601473e+03
2.491710870711177449e+03
2.501114622692067769e+03
2.488267236183001842e+03
2.497585985622873523e+03
2.495406195057015793e+03
2.491533516574497753e+03
2.481883823430061966e+03
2.505542720529650069e+03
2.497141233598589679e+03
2.508168238345960617e+03
2.494240417329005595e+03
2.501354247468998892e+03
2.505644546897418422e+03
2.513990048696899976e+03
2.508928526541184510e+03
2.519643668508843348e+03
2.523249663569560653e+03
2.527363016224942839e+03
2.512585952290404748e+03
2.523916353753058047e+03
2.518269165919343777e+03
2.509792424930504694e+03
2.516413838793939703e+03
2.540965698888919633e+03
2.523568166822377862e+03
2.550090385551526651e+03
2.544187705974614346e+03
2.526264155549944917e+03
2.548916671825894809e+03
2.552041189020408183e+03
2.557590081422051298e+03
2.549772788547032178e+03
2.555466376395549105e+03
2.562959717235023618e+03
2.571206945512043603e+03
2.557310995874296168e+03
2.557881546370525939e+03
2.553614666238502650e+03
2.561316871251439807e+03
2.572439985257959961e+03
2.560281100216425784e+03
2.592493040040787037e+03
2.587869028822293785e+03
2.570028791220606308e+03
2.582817509139837966e+03
2.572873522690882965e+03
2.577584692545450253e+03
2.591705730081407182e+03
2.590059258024905375e+03
2.594086850125924229e+03
2.588388751412860074e+03
2.579259160624752440e+03
2.600818880193749919e+03
2.599337181853929906e+03
2.582311342116285232e+03
2.610995691372750571e+03
2.595577319158158843e+03
2.592044031959465883e+03
2.614841483005781811e+03
2.605958302039649880e+03
2.611521842527460649e+03
2.612453100097980496e+03
2.622624373706199094e+03
2.640028869196438336e+03
2.624076310610546898e+03
2.619915702503546072e+03
2.620212673410131629e+03
2.611420862050215874e+03
2.628814042406488170e+03
2.614650233804637992e+03
2.649249214860340089e+03
2.621106375766311430e+03
2.637337536087405169e+03
2.650800719794233828e+03
2.641099553856618513e+03
2.650662973208829499e+03
2.646657031099775850e+03
2.646332779006959299e+03
2.645421291583390939e+03
2.650550386474768857e+03
2.665040442993966735e+03
2.673689602474693856e+03
2.661106225053185881e+03
2.656437229903610842e+03
2.668134437836183224e+03
2.665871813544999895e+03
2.668980266985181970e+03
2.658579490814198834e+03
2.676802549522594745e+03
2.688678437707048033e+03
2.676460471641016738e+03
2.681913593795884026e+03
2.696660643329164486e+03
2.678994350155408483e+03
2.687256073404602375e+03
2.695019153857826950e+03
2.683333567930257232e+03
2.699492941127062295e+03
2.706683184883146168e+03
2.699637786945173502e+03
2.695272471196963124e+03
2.709480223952279175e+03
2.704189882874496561e+03
2.719022385947374005e+03
2.720845411690883338e+03
2.730671041153339047e+03
2.722226461284739798e+03
2.722507796723686624e+03
2.708330974074181540e+03
2.730806461233204118e+03
2.733993934142585204e+03
2.737965211445842215e+03
2.729274247062407539e+03
2.725208942775837841e+03
2.733218612166739604e+03
2.736938470416881046e+03
2.746650649004911429e+03
2.742431260869125708e+03
2.765187551086663916e+03
2.755182439080334916e+03
2.752728417811801137e+03
2.759989173297753496e+03
2.747814999638957943e+03
2.742200572940316306e+03
2.763169891178372382e+03
2.762425117862010666e+03
2.765842528197558750e+03
2.771638278642111345e+03
2.775287833919712739e+03
2.773727788057882663e+03
2.792598621850491782e+03
2.789183118827830640e+03
2.761303770856667143e+03
2.798309569108106643e+03
2.793570133826599431e+03
2.799941306404661191e+03
2.791907204354291480e+03
2.781721405547054474e+03
2.810158165567184369e+03
2.796596762024158124e+03
2.788459668361714648e+03
2.795605902247725226e+03
2.806585604042228169e+03
2.807070706140149923e+03
2.816436528150661616e+03
2.820754191933685888e+03
2.796985848989945680e+03
2.822070780698060389e+03
2.829302656485902389e+03
2.820466113999033496e+03
2.828595099395246052e+03
2.808542504477903549e+03
2.816432305087826535e+03
2.839196349349220327e+03
2.844114218196187267e+03
2.841280363490457148e+03
2.835933340560003217e+03
2.849637269684376861e+03
2.830915697939333313e+03
2.860461553792428731e+03
2.847230432888020914e+03
2.860709422851874024e+03
2.842821409878696159e+03
2.864254655673265006e+03
2.873817343883557442e+03
2.879923713897454945e+03
2.870592942186247456e+03
2.870622490894042585e+03
2.863213762963649515e+03
2.871408544768194588e+03
2.892621126640662169e+03
2.888355825921426913e+03
2.885755890244915463e+03
2.896923498802306312e+03
2.889551923395105860e+03
2.904218739431552876e+03
2.882418628850147343e+03
2.904275272337530623e+03
2.900842406784676314e+03
2.903435984694686340e+03
2.899239657551705022e+03
2.896105234257366192e+03
2.915085386648459462e+03
2.905971300797954882e+03
2.924730597080912503e+03
2.910240314335709627e+03
2.912173591461054002e+03
2.933310278577448116e+03
2.917419090522470924e+03
2.920741103818183092e+03
2.931854305175912941e+03
2.942412653035192307e+03
2.934426186818507631e+03
2.958058285118536332e+03
2.934441233796805136e+03
2.947781101996041343e+03
2.941885785817043597e+03
2.940433574961957675e+03
2.951967369208815853e+03
2.974741321312563741e+03
2.952912094228870501e+03
2.969797036426518389e+03
2.963552510502431232e+03
2.962279885488277614e+03
2.974405379146984615e+03
2.981831557390653415e+03
2.995750989837868474e+03
2.975060284079163011e+03
2.991035857160671185e+03
2.980547489036976458e+03
2.988716389973412788e+03
2.989872311618841650e+03
2.980590597388130846e+03
2.997116053185621695e+03
3.011203774341686312e+03
3.006082090639218677e+03
3.006066732435796894e+03
3.008245945698322885e+03
3.007752496418285773e+03
3.031925999712595967e+03
3.027207018175960002e+03
3.031860409741821513e+03
3.017629386323426843e+03
3.036412444107909778e+03
3.018149299227660322e+03
3.039101894638104113e+03
3.036453886629313729e+03
3.045979965278769669e+03
3.044243243719719885e+03
3.028070524473057958e+03
3.057329399200421904e+03
3.045779270790468672e+03
3.048164613071060103e+03
3.067012631958065867e+03
3.058485415769754127e+03
3.050217350654397706e+03
3.060825987604961028e+03
3.075103818905447042e+03
3.066639170239417126e+03
3.084784189035857707e+03
3.064026773956140460e+03
3.085041548150522431e+03
3.099269225658446885e+03
3.097531821585648231e+03
3.095083954151640228e+03
3.087425335754625394e+03
3.102399476188785229e+03
3.095955993870531529e+03
3.098443179691555997e+03
3.115734563767349755e+03
3.122981267277919414e+03
3.102618247681056801e+03
3.107048065743653297e+03
3.113878568643551716e+03
3.113057604934632764e+03
3.105858696991282159e+03
3.129328748814346909e+03
3.132602554459901967e+03
3.118698357010843210e+03
3.137904647931445197e+03
3.143488602120209634e+03
3.129539810683362703e+03
3.148662906552295681e+03
3.165346174483112918e+03
3.139108380268383371e+03
3.152643958068153552e+03
3.165172395994241015e+03
3.160790851532437955e+03
3.170013253917813017e+03
3.157856311535197165e+03
3.173949796857418733e+03
3.167524217116816544e+03
3.155570189601343372e+03
3.182314639747439742e+03
3.183881283557563620e+03
3.176875001764316494e+03
3.186268476458924397e+03
3.179050494972616889e+03
3.184536793217524064e+03
3.206848616585974469e+03
3.214675036782383813e+03
3.200904825127951881e+03
3.208987155467282264e+03
3.207755768252490270e+03
3.217269007847758985e+03
3.228153093669570808e+03
3.233429296712278756e+03
3.231588778416482455e+03
3.236787778441475439e+03
3.239627932339592462e+03
3.218289770267187578e+03
3.244289220369315899e+03
3.234729845647304501e+03
3.246948085032213839e+03
3.229016230209004789e+03
3.259142513148469789e+03
3.260033304434165530e+03
3.252275050860233478e+03
3.248694285611520172e+03
3.263079663777174119e+03
3.276333906379170458e+03
3.271044218358544640e+03
3.275276300783381885e+03
3.281033636611277416e+03
3.269295198326438822e+03
3.297668498599261056e+03
3.290500187520030977e+03
3.302774054649109985e+03
3.284371183468517302e+03
3.292875847027401051e+03
3.299065219165923281e+03
3.293603602851003870e+03
3.315239639340152735e+03
3.314911104838156461e+03
3.300303405381575885e+03
3.320171823526871776e+03
3.324379267965987765e+03
3.329438107464408404e+03
3.319505552685115163e+03
3.337440024576813812e+03
3.326810525457613949e+03
3.333673312398658709e+03
3.324777077981921593e+03
3.344732626407250336e+03
3.345884074926374979e+03
3.339726458965610618e+03
3.341856849882271035e+03
3.366241042081981050e+03
3.364720503089301928e+03
3.376899032735314904e+03
3.346489146446278028e+03
3.375025882227256716e+03
3.369948658731648266e+03
3.367777648838203731e+03
3.367104016839746691e+03
3.391117024988067897e+03
3.386711280754325799e+03
3.373649648392327890e+03
3.403161753432189471e+03
3.388745404089143449e+03
3.403561200512762753e+03
3.415961459888036643e+03
3.405319705859414171e+03
3.413782148703717212e+03
3.416893344140457884e+03
3.427841978515818028e+03
3.420620123109893939e+03
3.422958779118076109e+03
3.446815194650517242e+03
3.422507075583719143e+03
3.429205433331919721e+03
3.428970856070696755e+03
3.455894712935690677e+03
3.434087198849452761e+03
3.443351863102598145e+03
3.444958161308542913e+03
3.453242009984187007e+03
3.466510914024432168e+03
3.462222937085884496e+03
3.476302057145300751e+03
3.463139146628456729e+03
3.473137092623909211e+03
3.490763782066354906e+03
3.489675590751619438e+03
3.477688322221204999e+03
3.490081969586452033e+03
3.495766763218923643e+03
3.479315985752316010e+03
3.517225397145830811e+03
3.514611101684630285e+03
3.498217063276427780e+03
3.496054801741297979e+03
3.516653475529245497e+03
3.527406758491814344e+03
3.534488368770711531e+03
3.525059424139230487e+03
3.539115403884451098e+03
3.515539082188385692e+03
3.556745409294508136e+03
3.535174819803330593e+03
3.561063969293240916e+03
3.559523468646193578e+03
3.534945950732108940e+03
3.557144034138544612e+03
3.569529199143842561e+03
3.563462029341699690e+03
3.577181299526462226e+03
3.572771559914418503e+03
3.585108220607333806e+03
3.588193304146154333e+03
3.597616155104011796e+03
3.587188483455714049e+03
3.587362400021645044e+03
3.600965969808033606e+03
3.592704519469363277e+03
3.611763218969816990e+03
3.626512717673446787e+03
3.600302239187800296e+03
3.615432674294886510e+03
3.618718319952363345e+03
3.639159005807360245e+03
3.645496881643898632e+03
3.636740058987106295e+03
3.624318919190931410e+03
3.633858296793167938e+03
3.647018739573087259e+03
3.640830388646042138e+03
3.645251697557484022e+03
3.663322922193157865e+03
3.651600947427481969e+03
3.649691096353160901e+03
3.656943134904152430e+03
3.655287523759138821e+03
3.687340496231925044e+03
3.675125096342464985e+03
3.671973466551635283e+03
3.701232467906618240e+03
3.686773026945832953e+03
3.707792963787197550e+03
3.684762553540802401e+03
3.708248800435324938e+03
3.709674469346002752e+03
3.718292300212043756e+03
3.728534998264189653e+03
3.726035110015628561e+03
3.716363674062312384e+03
3.718489759499261709e+03
3.720639762436479032e+03
3.735651241317962103e+03
3.743083098364487341e+03
3.721855557748604042e+03
3.754833765562627832e+03
3.764478343808520549e+03
3.765623821470056100e+03
3.762642669442692750e+03
3.766520194087901473e+03
3.771256796078177103e+03
3.772422961756415134e+03
3.784715686099512823e+03
3.773489488433684073e+03
3.792116312735631709e+03
3.790455011378226573e+03
3.788814779948325850e+03
3.799506423983364130e+03
3.814448580438995577e+03
3.813527207121359879e+03
3.816029427239909182e+03
3.829747843763329911e+03
3.824104084518208310e+03
3.828822850924059821e+03
3.818366787414672217e+03
3.839163961372263657e+03
3.839622659146481965e+03
3.838902840696643580e+03
3.844962351646148363e+03
3.850476484862015241e+03
3.872394855002502027e+03
3.865489608822559148e+03
3.851891204542499054e+03
3.858001816970498112e+03
3.882951308859111123e+03
3.860743979515858882e+03
3.891393685400500544e+03
3.884761295304756004e+03
3.893640105848651729e+03
3.903692420451877751e+03
3.909295844878186927e+03
3.904568101397558166e+03
3.908852932187451188e+03
3.898848400122016756e+03
3.917130335589068181e+03
3.920144991335898794e+03
3.923343679099871224e+03
3.931791355778063462e+03
3.933253661759155420e+03
3.956171440714364962e+03
3.940657521410772006e+03
3.957340570720044525e+03
3.966511480823671263e+03
3.961894215463536057e+03
3.969974348372223176e+03
3.943911486221255927e+03
3.965162449978245604e+03
3.984032029729674832e+03
3.985828574212088370e+03
3.989713356218421723e+03
3.986479799788718537e+03
4.016858271358885759e+03
3.996543887148903195e+03
3.986625833868124118e+03
4.020224333899303019e+03
4.019308918787091898e+03
4.014720161842333255e+03
4.023779182202235006e+03
4.027312019397455970e+03
4.046601935448380118e+03
4.052530193913996300e+03
4.036652897588696760e+03
4.056437891742011743e+03
4.053487062541248179e+03
4.047489694663107457e+03
4.057623979429929022e+03
4.068715419896765070e+03
4.056256107190764851e+03
4.079127731747844791e+03
4.089006601292587675e+03
4.086638355054321892e+03
4.094202391701442593e+03
4.111008760472538597e+03
4.096740921252797307e+03
4.104322693960116339e+03
4.132564868466860389e+03
4.104110289175831895e+03
4.140959531284263903e+03
4.123523368376399958e+03
4.127391684743392943e+03
4.125248236323654965e+03
4.137719791803725457e+03
4.154552701168690874e+03
4.138286519768455037e+03
4.166287947121681100e+03
4.150450783062213304e+03
4.168827776175269719e+03
4.171166610150510678e+03
4.172396017129818574e+03
4.189727823762225853e+03
4.190541061994255870e+03
4.206882338656501815e+03
4.189671762340239184e+03
4.197431542896660176e+03
4.208407191492636230e+03
4.208778936572423845e+03
4.218714717632990869e+03
4.216289310164765084e+03
4.242482224285650773e+03
4.211853358871209821e+03
4.245059229523538306e+03
4.256975303254860592e+03
4.252906952659081981e+03
4.258058898021911773e+03
4.247758541548115318e+03
4.249611188857732486e+03
4.277355383992015049e+03
4.278688239393028198e+03
4.271963976918285880e+03
4.272392255746101000e+03
4.292054390525449890e+03
4.289687207142605985e+03
4.283275768653364139e+03
4.297380760593971900e+03
4.304533590588412153e+03
4.311938555922435626e+03
4.312108525278014895e+03
4.334576190058105567e+03
4.321900248269346775e+03
4.317733137600960617e+03
4.333108568946148807e+03
4.332734419813615204e+03
4.348209328096781064e+03
4.342780013011483788e+03
4.351141647840130645e+03
4.375825909878466518e+03
4.367778191780445013e+03
4.356980135516644623e+03
4.387819195263839902e+03
4.382495903452370840e+03
4.392022257833170443e+03
4.389643534233275204e+03
4.395920139081348680e+03
4.414216579117899528e+03
4.404616435018993798e+03
4.424000172426407516e+03
4.420476094093792199e+03
4.429554887188774956e+03
4.439316049439430572e+03
4.448433228153977325e+03
4.441688972089061281e+03
4.453041986338271272e+03
4.464220165303140675e+03
4.449464609853841466e+03
4.460134462204746342e+03
4.470636002875349732e+03
4.493214956424571028e+03
4.479433920628369378e+03
4.488723210098479285e+03
4.489105207777785836e+03
4.495977656197650504e+03
4.514606265392470050e+03
4.507061384394646666e+03
4.524533199063193933e+03
4.523683389732634168e+03
4.521759864062517408e+03
4.535140544069368843e+03
4.535855029677479251e+03
4.532693819320823422e+03
4.542795130699241781e+03
4.552768031654809420e+03
4.556323194703231820e+03
4.583215598936893002e+03
4.592891622092304715e+03
4.570801484336931935e+03
4.575786003948936923e+03
4.598918597832982414e+03
4.597442716185550125e+03
4.600325369434464847e+03
4.612900335759818518e+03
4.617284391796143609e+03
4.610486076167226202e+03
4.638360363927720755e+03
4.632331694757182049e+03
4.633939370956230050e+03
4.649227998445439880e+03
4.651937125361028848e+03
4.649158368202386555e+03
4.670065967261421974e+03
4.662325169527437538e+03
4.674556644857997526e+03
4.682759501157456725e+03
4.674272359758376297e+03
4.666087863539153659e+03
4.706661383500657394e+03
4.697276670390728214e+03
4.710494949264682873e+03
4.716790914614531175e+03
4.718518256081863910e+03
4.728991859879499316e+03
4.729460573441993802e+03
4.750792532335208307e+03
4.738567767067028399e+03
4.756491007210579482e+03
4.768368474458179662e+03
4.769999719528295827e+03
4.778217746051841459e+03
4.779318956815443016e+03
4.790324418522833184e+03
4.787343728160833962e+03
4.807128635944148300e+03
4.797525719431496327e+03
4.796119453432600494e+03
4.804656514888107267e+03
4.823552861337973809e+03
4.813966849099861065e+03
4.817682834664757138e+03
4.836847385686883172e+03
4.849464929953977844e+03
4.857780376520870959e+03
4.874943379237703994e+03
4.874897126782654595e+03
4.872508872670266101e+03
4.853042494059505771e+03
4.867158126113114122e+03
4.886341808269080502e+03
4.896254135455385949e+03
4.902498690383048597e+03
4.895328679712321900e+03
4.920935786438883952e+03
4.926338048353411068e+03
4.914414618923879971e+03
4.935403489101751802e+03
4.943705103245250029e+03
4.927153009085744998e+03
4.956915136164057003e+03
4.946982873661928352e+03
4.985538462652320050e+03
4.973264657802461443e+03
4.987060611997870183e+03
4.980201058755468694e+03
5.009332140228682874e+03
4.994438550002884767e+03
5.000939316722387048e+03
5.006121185359275842e+03
5.010745176803726281e+03
5.023192250439342388e+03
5.028755569319056121e+03
5.047292055789625010e+03
5.066254146764684265e+03
5.054292867359768934e+03
5.066816580600789166e+03
5.067397805053165030e+03
5.074429193017303078e+03
5.076669140593515294e+03
5.096512050202311912e+03
5.090535232516832366e+03
5.109928439837839505e+03
5.108778587174894710e+03
5.115027832931376906e+03
5.143823332565210876e+03
5.136022767219327761e+03
5.143337948134738326e+03
5.150074498879605017e+03
5.135709678662861734e+03
5.164669789718089305e+03
5.158598889271876033e+03
5.181899566755097112e+03
5.172406751917583279e+03
5.189065997109122691e+03
5.186441180051761876e+03
5.197012805204039978e+03
5.203278376865350765e+03
5.220293461048809149e+03
5.233524581608134213e+03
5.226831293957525304e+03
5.237544955506537917e+03
5.234106809362135209e+03
5.263278378352522850e+03
5.261110938537432958e+03
5.262780421713329815e+03
5.259168958101485259e+03
5.270056536514492109e+03
5.287998803729280553e+03
5.276171893618219656e+03
5.287728081930808003e+03
5.302735553030819574e+03
5.315967885176704840e+03
5.332767025637201186e+03
5.325488449446923369e+03
5.341327786343626030e+03
5.344751277907615986e+03
5.344821201357721293e+03
5.349961388584187262e+03
5.382339076789626233e+03
5.371285178243718292e+03
5.379165207092769379e+03
5.387987207833511093e+03
5.380651395838729513e+03
5.414297801646431253e+03
5.413396859847236556e+03
5.420819232348959304e+03
5.433251766150140611e+03
5.428254001236354270e+03
5.448404517347555156e+03
5.441204258126513196e+03
5.467572769415299263e+03
5.462751811905943214e+03
5.472551860395457879e+03
5.478541148558644636e+03
5.486459274073936285e+03
5.511903561557619469e+03
5.494999533415879341e+03
5.503820937254176897e+03
5.513796093483133518e+03
5.527080045336131661e+03
5.556757344806463152e+03
5.539392966848435208e+03
5.584318890078593540e+03
5.568772493602046779e+03
5.578882189007811576e+03
5.579274559313880673e+03
5.589299227024885113e+03
5.593128129094622636e+03
5.617162831610111425e+03
5.609784976868708327e+03
5.621616081517566272e+03
5.629884088308152059e+03
5.619628091668859270e+03
5.640210458823403314e+03
5.640033510064610709e+03
5.655978874820317287e+03
5.650747787883843557e+03
5.679052143378310575e+03
5.680408413678306715e+03
5.693710766591237189e+03
5.691051155129966901e+03
5.725914127593404373e+03
5.711775555788171914e+03
5.727946405498514650e+03
5.750611513571113392e+03
5.745279748321325314e+03
5.745528675781694801e+03
5.759587644217800516e+03
5.783144638558525003e+03
5.782050166893362984e+03
5.777288084401648121e+03
5.772749508238565795e+03
5.804946830971416603e+03
5.802482713058016088e+03
5.809524728969434364e+03
5.817909114516691261e+03
5.826390593233290929e+03
5.837853964685393294e+03
5.853048608775759021e+03
5.843419064495305975e+03
5.884383504286908646e+03
5.866954074842341470e+03
5.898330871355881754e+03
5.888085915372466843e+03
5.894740381092864482e+03
5.906876962274091966e+03
5.931935867249778312e+03
5.938073312971866471e+03
5.937023134505440794e+03
5.941481133490962748e+03
5.957918051819669017e+03
5.975234382642946002e+03
5.964094080034854414e+03
5.983841906873809421e+03
5.980404105459230777e+03
5.994576838090380988e+03
5.999109248743909120e+03
6.013793215053289714e+03
6.032031961103179128e+03
6.015090144647167108e+03
6.043653408904722710e+03
6.057136418864326515e+03
6.054261858282095091e+03
6.069745756487413928e+03
6.078083229475813823e+03
6.105024727874001655e+03
6.084591883199495896e+03
6.100040067829362670e+03
6.117191927202622537e+03
6.127677649873978226e+03
6.132074227161603631e+03
6.146895436972854441e+03
6.140390650509932129e+03
6.168872623056544398e+03
6.159843756141964150e+03
6.188317814703754266e+03
6.191512857661502494e+03
6.208279911108048509e+03
6.203844921967001937e+03
6.222178524088424638e+03
6.231444330536702182e+03
6.237203926709034931e+03
6.260672752538590430e+03
6.244419745479467565e+03
6.262757676045324843e+03
6.264572918353106616e+03
6.284953626361785609e+03
6.290210181429451040e+03
6.295452101010166189e+03
6.308761998776729342e+03
6.317641551785070988e+03
6.325115111866025472e+03
6.331548656874270819e+03
6.350595361598804629e+03
6.346575962780077134e+03
6.376920155058339333e+03
6.379434289370777151e+03
6.393535625015009828e+03
6.391966176281972366e+03
6.410364093087599940e+03
6.423172934102055478e+03
6.437953382977362708e+03
6.442766895645152545e+03
6.441239914472879718e+03
6.444870185351475811e+03
6.474066741440553415e+03
6.479260651618671545e+03
6.495962947441258621e+03
6.508494325809116162e+03
6.516862078523960008e+03
6.513897323256770505e+03
6.538277739049207412e+03
6.530300608896263839e+03
6.555779125240821486e+03
6.564339668767835974e+03
6.571774153825898793e+03
6.591355445535956278e+03
6.597580451505610654e+03
6.601162368556110778e+03
6.618878283205077423e+03
6.612167622901382856e+03
6.641158400215349502e+03
6.631205881937494269e+03
6.656489496466542732e+03
6.652510542251126935e+03
6.668234833128434730e+03
6.697383925540486416e+03
6.702683826335828599e+03
6.691762511653429101e+03
6.710020749241412886e+03
6.727081849514820533e+03
6.746391752343693952e+03
6.751082308984434349e+03
6.771172207970795171e+03
6.772630685276387339e+03
6.763531868398187726e+03
6.793865097475361836e+03
6.792172638513564380e+03
6.819916074267457589e+03
6.844111194346766752e+03
6.853751078234393390e+03
6.848150729974187925e+03
6.845627398923638793e+03
