9.188001497821302337e+02
9.185884857801074759e+02
9.270689142548283144e+02
9.135141241308720055e+02
9.149501453287596178e+02
9.220998738122048053e+02
9.067779178567429881e+02
9.256626831242948583e+02
9.094432186388423816e+02
9.106950194672781436e+02
9.225293644164636362e+02
9.229197828479118471e+02
9.125371785239063911e+02
9.228570725848303482e+02
9.112776475450159523e+02
9.315975958657109004e+02
9.208171206238524746e+02
9.327244212617274570e+02
8.916120937703640266e+02
9.319137753000262592e+02
9.327359732051678520e+02
9.133646331050700837e+02
9.259490170870012662e+02
9.096156366528779245e+02
9.282252890202831850e+02
9.231685055923087475e+02
9.326646248808518749e+02
9.240215724605884589e+02
9.274680764066656593e+02
9.248787039129306322e+02
9.154075648152603435e+02
9.160163804716671621e+02
9.196756427072233464e+02
9.162170340796478740e+02
9.304152585797911570e+02
9.235558840268145104e+02
9.151404752980287185e+02
9.148093472197645042e+02
9.166684493065561128e+02
9.249231345099428836e+02
9.343915394670166279e+02
9.055914700577910708e+02
9.245761250831276357e+02
9.081206643034223589e+02
9.052057504832122277e+02
9.290183469038310022e+02
9.250989785702375912e+02
9.164039044234751827e+02
9.178517847473710844e+02
9.156707009466990712e+02
9.115407367083382724e+02
9.281860798283638587e+02
9.225249440547845552e+02
9.179182265524398190e+02
9.169018890636132255e+02
9.211451898143261587e+02
9.263279512884038240e+02
9.369881847597621345e+02
9.136252579532427944e+02
9.320256148021508125e+02
9.158790889285014600e+02
9.275070876072824149e+02
9.282777360554705410e+02
9.136371227545555485e+02
9.240752965210601815e+02
9.060981831667252209e+02
9.361944128215368437e+02
9.164367560155490082e+02
9.358769925250057895e+02
9.210217274523272408e+02
9.172137100954132620e+02
9.254916967709301616e+02
9.251715070276729875e+02
9.259222661308122042e+02
9.302839912428147500e+02
9.120732178758378268e+02
9.279489600803186704e+02
9.234706153474767234e+02
9.284639955995478431e+02
9.195727306335844560e+02
9.266366186789680341e+02
9.144148302442101794e+02
9.408522326635152240e+02
9.124659342088397125e+02
9.367062666858334978e+02
9.130927019103302200e+02
9.405183661756616402e+02
9.237205135912657852e+02
9.376495892502805418e+02
9.178355378698644245e+02
9.212972070998215486e+02
9.219316959132356715e+02
9.213796674190008389e+02
9.307000719734571703e+02
9.235943769434882142e+02
9.258478172514201106e+02
9.135650996461600926e+02
9.314687026434369272e+02
9.365942263026902310e+02
9.235655563133971100e+02
9.294303971271026512e+02
9.207764250877230552e+02
9.263551687226960212e+02
9.195701856711167466e+02
9.370121996892842162e+02
9.265502935521085419e+02
9.435551357133560941e+02
9.124671504242153333e+02
9.234726076936595973e+02
9.301922177539088352e+02
9.253658282390113072e+02
9.400913205122781164e+02
9.225370758263741209e+02
9.206871867661998294e+02
9.123606620915430767e+02
9.354735959685181115e+02
9.391227428078069579e+02
9.412480748885498087e+02
9.360014709836655129e+02
9.240892537159986659e+02
9.320854225745374606e+02
9.119866734612082837e+02
9.417199608650803384e+02
9.247210162257113097e+02
9.188244490015847532e+02
9.307130232729241470e+02
9.365982310186545874e+02
9.305380080811378321e+02
9.298170905518586551e+02
9.164349203589772515e+02
9.230591647992546314e+02
9.345814196726175851e+02
9.386174353030869497e+02
9.336970318196388234e+02
9.295915059197483288e+02
9.328960858662878763e+02
9.520173541569452027e+02
9.380046991248041195e+02
9.365392398605973767e+02
9.222966161520259902e+02
9.380119613329951562e+02
9.316695902745259446e+02
9.308828225452161860e+02
9.380897301629803451e+02
9.339449148461741288e+02
9.149800760375092068e+02
9.303759361920659785e+02
9.256410973499064312e+02
9.287227873375317131e+02
9.248615995836435104e+02
9.297448455808334984e+02
9.184060644080283282e+02
9.342053580903251486e+02
9.329082364285104632e+02
9.330479614573945355e+02
9.343498953911464469e+02
9.327324756845684988e+02
9.236342327125420297e+02
9.363125788684241115e+02
9.220977762161767259e+02
9.404444252372161372e+02
9.322288100531054624e+02
9.393151334529807173e+02
9.449168285711042472e+02
9.416552300140931493e+02
9.285470931190454849e+02
9.287771535809600891e+02
9.271009902486458714e+02
9.375039568498459630e+02
9.259959880435579862e+02
9.345606227793580274e+02
9.392370708894978861e+02
9.276775111792517237e+02
9.495457092214608110e+02
9.389251534138147690e+02
9.342549918860315756e+02
9.379676542096332241e+02
9.266219664314342026e+02
9.204729946044749340e+02
9.364550582827238259e+02
9.288005543748156470e+02
9.177173316614347414e+02
9.412841254867832959e+02
9.410123405706744961e+02
9.309533544555099525e+02
9.128409288003172151e+02
9.224245001488096705e+02
9.465101602495250290e+02
9.197286207708087886e+02
9.304975578266173670e+02
9.390281150693085692e+02
9.276938945345365255e+02
9.428502164424804732e+02
9.501326956010432241e+02
9.491064838548786611e+02
9.314471839114906970e+02
9.433999066078092710e+02
9.456634687621655075e+02
9.389078159482428418e+02
9.408929085899371785e+02
9.323813753777618558e+02
9.270562747061688924e+02
9.486564479780847705e+02
9.351194983958985176e+02
9.262460340482552965e+02
9.321606243947718440e+02
9.522408390888165286e+02
9.371741301416818715e+02
9.486403494652165591e+02
9.308572375236558401e+02
9.345833044959299514e+02
9.331793492691896290e+02
9.351741057418005312e+02
9.302386080420201324e+02
9.432176442944397650e+02
9.299264862472882669e+02
9.481581754923358858e+02
9.357763528996703144e+02
9.397130470692899280e+02
9.443307763382251778e+02
9.351905664620254583e+02
9.367121736226288249e+02
9.320013021109690499e+02
9.301167484210193379e+02
9.243979236591173958e+02
9.410160994592897623e+02
9.530153322919417178e+02
9.364535222948986757e+02
9.251876591826346612e+02
9.421218314085153906e+02
9.406257844849366165e+02
9.244817505886031768e+02
9.356073441666302415e+02
9.368110402276884088e+02
9.393912283244221726e+02
9.228477244520000795e+02
9.333995818904738826e+02
9.423490670801222677e+02
9.282713221606718434e+02
9.186863246171818673e+02
9.343836943528287975e+02
9.417773722888866814e+02
9.392214880341388152e+02
9.430927086661586145e+02
9.305672652646219376e+02
9.319015400253967982e+02
9.430655052669105771e+02
9.324434647468649473e+02
9.312001444756464252e+02
9.421001845956413945e+02
9.288915836108739086e+02
9.495469850706913348e+02
9.482372723645407859e+02
9.301774733448884263e+02
9.228225207922394020e+02
9.429622999016597760e+02
9.503244459391798955e+02
9.459566880119635925e+02
9.450180379060218456e+02
9.529145966249935782e+02
9.354803216103896375e+02
9.400162723952279293e+02
9.418761179034596580e+02
9.381297954801527794e+02
9.353689561768549083e+02
9.224317709123691884e+02
9.333897668392797868e+02
9.406209405619787276e+02
9.384088833087358807e+02
9.532028130199615816e+02
9.467224836677784197e+02
9.521007708974088928e+02
9.359590117868007155e+02
9.395740844737165389e+02
9.445566878577052421e+02
9.372248806439280315e+02
9.527109868627620699e+02
9.225181575723888727e+02
9.360151694894202592e+02
9.432087748206365632e+02
9.419658358071163775e+02
9.265631731187083915e+02
9.435970187591884724e+02
9.442263662281753795e+02
9.528164331836449037e+02
9.339554080369068743e+02
9.309526690206931789e+02
9.283551689249112542e+02
9.392984411357263070e+02
9.520242750646270906e+02
9.539527040045001058e+02
9.349096507333783848e+02
9.504053837504675357e+02
9.490421593287221640e+02
9.323408498748964348e+02
9.375782014087889138e+02
9.348874254899748166e+02
9.412899907034321814e+02
9.417943175261484612e+02
9.553776120841157535e+02
9.383879096794387351e+02
9.284403007125515614e+02
9.335241709772983540e+02
9.550071069098792123e+02
9.520145071792609315e+02
9.322160954347004918e+02
9.536720180157039977e+02
9.380906710002462887e+02
9.422940461889010066e+02
9.538796069241948317e+02
9.278011604809870505e+02
9.271616714905595700e+02
9.497837374966148900e+02
9.548132499485345761e+02
9.290772884908340075e+02
9.401550422156142304e+02
9.497842523158981294e+02
9.375008220005006478e+02
9.486545648932411723e+02
9.487002662200130771e+02
9.292504890806449112e+02
9.463849993744736366e+02
9.469529937069873995e+02
9.559457590708539101e+02
9.454307697091478531e+02
9.499771501892612378e+02
9.509740539418745584e+02
9.452782936064575097e+02
9.559214070135890324e+02
9.406198223002168106e+02
9.414685547693450189e+02
9.280577225871853670e+02
9.466692697402970680e+02
9.320623319552037174e+02
9.319871122139954878e+02
9.407486061787033123e+02
9.354620071707391844e+02
9.449730849967000950e+02
9.494999270609700943e+02
9.587321285379193796e+02
9.405394852920919675e+02
9.358761854243634843e+02
9.281192655497144415e+02
9.470753109545240704e+02
9.435482320526774629e+02
9.499386443308196704e+02
9.474848515885857978e+02
9.407803050842821904e+02
9.441922539818364157e+02
9.468659206701789799e+02
9.357811516159193843e+02
9.434383285679117535e+02
9.627509488481173321e+02
9.329413044964353503e+02
9.479851248362651859e+02
9.555998888418362185e+02
9.463673370602832620e+02
9.563769573836152631e+02
9.594802497007659667e+02
9.598906433318387599e+02
9.410086300800902563e+02
9.585894771288271841e+02
9.543549139131554284e+02
9.618756742014722931e+02
9.533539826645768471e+02
9.440335724940538284e+02
9.530547816580133258e+02
9.424034210275024179e+02
9.547115938435360931e+02
9.451867523458258802e+02
9.405772855893372935e+02
9.569739787461999185e+02
9.383176372357149830e+02
9.597926319065276175e+02
9.697680607943771065e+02
9.426601226851082629e+02
9.581140286705858671e+02
9.404599559370781208e+02
9.596298303851770015e+02
9.412401079204121288e+02
9.426205963598388280e+02
9.567330154885860338e+02
9.411860738370075978e+02
9.594388626250266725e+02
9.338197149460482933e+02
9.458096730696294117e+02
9.462650389924203864e+02
9.467760711589412495e+02
9.519281891089285637e+02
9.439337728845052879e+02
9.642339611884992792e+02
9.520743211143733333e+02
9.433317416922019447e+02
9.473524414104167590e+02
9.533809085402596111e+02
9.428944741645007070e+02
9.572251659390178702e+02
9.604906418652872162e+02
9.470014396057466683e+02
9.542838017883281054e+02
9.564882084314932627e+02
9.600224107077362987e+02
9.657962448000982931e+02
9.358731887294497938e+02
9.593868928337608395e+02
9.568538545479963204e+02
9.528076461569357889e+02
9.647036662574661250e+02
9.522291772847902394e+02
9.525228203840928245e+02
9.684324980246254881e+02
9.631195500623470025e+02
9.519806218649180209e+02
9.420783265982631747e+02
9.684708560323304027e+02
9.482426700113970810e+02
9.547567424364758608e+02
9.639863173144547090e+02
9.515854441523863443e+02
9.541428219820071490e+02
9.687219644229354572e+02
9.537797335866391677e+02
9.535249594058616367e+02
9.520080056277256517e+02
9.452101917775984248e+02
9.608798295408557806e+02
9.489759287794609008e+02
9.612547603763115376e+02
9.476327425341014532e+02
9.619071914106590384e+02
9.661350751934514847e+02
9.648969064575612720e+02
9.586943744437008945e+02
9.553145822314750149e+02
9.500545169967462016e+02
9.487912941991268099e+02
9.402265254031361792e+02
9.364278920196524041e+02
9.607513712972307758e+02
9.356274891486889373e+02
9.614034714676122348e+02
9.548252862729859771e+02
9.587675786461318239e+02
9.596205063789308269e+02
9.529051953468493821e+02
9.667786067304106155e+02
9.587462303122099456e+02
9.606629115089117477e+02
9.566589784999084713e+02
9.437929759961102718e+02
9.563577938063270949e+02
9.463440198234193304e+02
9.523443193702210010e+02
9.474350229510212102e+02
9.513103074772344598e+02
9.512247402055182874e+02
9.447694967408292541e+02
9.582932402491155699e+02
9.527874286490815621e+02
9.504579477259339910e+02
9.371590406749514841e+02
9.603280881387022418e+02
9.433835165998900720e+02
9.666867657509724268e+02
9.516615921140969476e+02
9.613750800219994517e+02
9.472394623583404609e+02
9.484254371212080059e+02
9.818615579626865610e+02
9.525513059955836752e+02
9.644807850596200751e+02
9.546526292692171864e+02
9.536980595533132146e+02
9.358336957820706630e+02
9.442802332394034011e+02
9.465768894274640388e+02
9.663501930037710963e+02
9.599796345241807103e+02
9.731300458178499184e+02
9.595328435948952119e+02
9.638731524066992051e+02
9.562016383744203267e+02
9.624460221594201812e+02
9.578712528825908521e+02
9.473489456536576654e+02
9.699918318676752733e+02
9.621396286756418021e+02
9.534096900377103339e+02
9.453751160386228776e+02
9.649485885224873982e+02
9.581000034656412936e+02
9.640180986431997781e+02
9.580148979091846968e+02
9.546527990272830948e+02
9.484984022983670684e+02
9.711985418890080837e+02
9.709425401868479639e+02
9.595634430696817390e+02
9.620349209704863824e+02
9.476369447893782763e+02
9.656437772652117246e+02
9.553278083105483347e+02
9.389268597481764118e+02
9.548311686737704349e+02
9.596438708516947145e+02
9.720254598984571430e+02
9.620133491053343278e+02
9.564244350222520552e+02
9.678281217478469216e+02
9.669573393132172896e+02
9.626426841238215957e+02
9.712828114717074186e+02
9.430603839598260265e+02
9.642830680481187073e+02
9.665627031058190823e+02
9.556083573384329384e+02
9.576990667967205582e+02
9.479492047924552480e+02
9.611668259074699563e+02
9.614553832049978155e+02
9.547790695563371628e+02
9.478395247765488421e+02
9.637465550488345798e+02
9.470047860259338677e+02
9.629939323664522135e+02
9.583786849253809805e+02
9.628267430255814361e+02
9.424364260068616659e+02
9.619016271736936687e+02
9.560170177275493870e+02
9.584566307471503706e+02
9.674087905694563005e+02
9.537346703662660730e+02
9.388392439619012748e+02
9.488443351839050592e+02
9.669636749253077141e+02
9.663166367348934500e+02
9.587373833711266116e+02
9.716651588401548452e+02
9.728873483763175045e+02
9.688333101010424571e+02
9.502905046676299889e+02
9.693686093125272691e+02
9.534078719283995724e+02
9.657806695700726323e+02
9.420766535918797899e+02
9.780845828956753394e+02
9.855271186441908640e+02
9.635988744438254798e+02
9.540675476145717084e+02
9.557124208209783092e+02
9.649684342975976961e+02
9.566462684480902681e+02
9.584264123781988474e+02
9.501758394173392617e+02
9.662526303515778636e+02
9.634272577503649018e+02
9.637367216309189644e+02
9.621172100501454452e+02
9.507375413439721115e+02
9.530793721298540504e+02
9.610844750005347805e+02
9.595543593551035428e+02
9.702921562790439793e+02
9.761726792851387700e+02
9.520376628812125546e+02
9.792486939617680264e+02
9.520063234383381996e+02
9.668686909390526125e+02
9.652511615465649584e+02
9.507106127149238546e+02
9.626726368176100550e+02
9.748675603051605094e+02
9.638265053274233196e+02
9.503927438793421061e+02
9.736888415691662431e+02
9.565324622159645287e+02
9.655926715654252348e+02
9.664252254346209838e+02
9.475980601491139623e+02
9.687953200151912370e+02
9.558038659383371396e+02
9.720644911645517823e+02
9.687006296904463625e+02
9.605260998602640257e+02
9.509876546611154708e+02
9.594729431271368867e+02
9.562213618311050141e+02
9.573593604150025840e+02
9.707840668924711736e+02
9.730974709105594229e+02
9.780020661777036821e+02
9.527243334737368059e+02
9.664074055596660173e+02
9.665248512090006443e+02
9.859939044663689174e+02
9.727040884002452685e+02
9.601903344719532925e+02
9.672543330980370229e+02
9.565104957904751473e+02
9.658434025121075592e+02
9.562635078440024472e+02
9.709954944609432914e+02
9.384956300539881795e+02
9.794078313429820355e+02
9.599488531178833455e+02
9.555605392922652754e+02
9.626591405460343367e+02
9.627393615347850755e+02
9.647912828525944633e+02
9.725595567425069703e+02
9.747289345628780666e+02
9.670671842916133301e+02
9.629663634838312873e+02
9.671844030727042991e+02
9.563355398718665583e+02
9.655249437053149677e+02
9.762999114081917469e+02
9.728576866698100503e+02
9.586447375085398335e+02
9.726909769835335737e+02
9.663961363005305429e+02
9.589197513653550686e+02
9.622058572788736228e+02
9.716059044566957255e+02
9.726801682960916651e+02
9.563868878326436516e+02
9.623537547032749444e+02
9.666506983615231547e+02
9.863849212071600050e+02
9.734782438498491501e+02
9.736128314718375805e+02
9.589734445565868555e+02
9.731700529750175974e+02
9.630385570332688303e+02
9.649086408501464120e+02
9.576840342415241594e+02
9.604008211260024837e+02
9.608029810594487117e+02
9.673455636571616196e+02
9.706414863305792551e+02
9.644958376765423509e+02
9.569742110900846228e+02
9.577344767904522769e+02
9.578065081828264056e+02
9.637699582046781188e+02
9.599955514410053183e+02
9.597875889173108135e+02
9.596659788826503927e+02
9.684199636534592628e+02
9.530483272853697372e+02
9.613040792052643155e+02
9.770969311521732834e+02
9.923549892900407485e+02
9.912677110469635409e+02
9.727641489877892127e+02
9.571416397967205967e+02
9.774958257888091566e+02
9.745450643931325203e+02
9.894554550204932184e+02
9.552684640271576200e+02
9.607370362033702804e+02
9.715896640192801215e+02
9.834929242671479415e+02
9.626282775544475498e+02
9.534017795956997361e+02
9.822891039564066205e+02
9.539387769969421242e+02
9.727321944723331626e+02
9.739775433156193003e+02
9.784359173596468509e+02
9.837506224570197446e+02
9.783111397074760589e+02
9.552471976122598107e+02
9.687237114918632415e+02
9.726018843974327410e+02
9.743318728962635760e+02
9.562884649065952090e+02
9.793773559887898728e+02
9.530358104702233959e+02
9.800100476323274279e+02
9.792658068294184659e+02
9.599756608864287273e+02
9.766478951669163280e+02
9.793826096680809314e+02
9.815865303262485213e+02
9.667476107236157077e+02
9.564191347565169963e+02
9.817102805299043666e+02
9.655124844974773168e+02
9.643913438776157818e+02
9.685080266585410982e+02
9.588627995151243795e+02
9.772291293462144495e+02
9.805900414149662083e+02
9.701207512282140897e+02
9.651891244108251158e+02
9.888487116718195011e+02
9.809239912945920423e+02
9.667919634032795102e+02
9.641935261494722909e+02
9.528860543751948171e+02
9.645615659716232813e+02
9.599941172736873796e+02
9.621921959056675178e+02
9.714662901487572526e+02
9.637427563653982361e+02
9.815625866625855451e+02
9.546391096258512334e+02
9.836132433288740913e+02
9.692166212345541680e+02
9.794689061973623438e+02
9.649841095126820392e+02
9.690587538540612513e+02
9.803231480421898141e+02
9.745872503401143376e+02
9.742509582015111391e+02
9.703934305335961881e+02
9.660994907137192058e+02
9.737607454049846183e+02
9.766985607825167790e+02
9.640130221240190167e+02
9.782720061707670993e+02
9.758039594162762569e+02
9.666401923783139409e+02
9.583350428955225198e+02
9.635077739650057538e+02
9.688865259652151281e+02
9.700611186329803104e+02
9.753066009149076763e+02
9.739826399317666983e+02
9.630922061320106877e+02
9.709287452751988212e+02
9.732115634625523626e+02
9.802028975318876292e+02
9.756930575712456175e+02
9.641222340839314029e+02
1.000356107920126988e+03
9.717311237406229338e+02
9.677567070908169171e+02
9.777396150987017336e+02
9.817347297261026142e+02
9.811594429192932694e+02
9.604547165896105980e+02
9.787900958772804643e+02
9.778078231182159925e+02
9.919379237779251071e+02
9.646248167079833138e+02
9.706816179712077428e+02
9.782990797966560876e+02
9.827175370465843116e+02
9.661968774776215696e+02
9.866787720723739312e+02
9.624804516174824585e+02
9.691399276246509089e+02
9.664892336400401973e+02
9.732261942944560360e+02
9.734207991419469863e+02
9.781588381085795163e+02
9.657503404950241475e+02
9.707423139011292506e+02
9.752279201452330426e+02
9.573573566197865148e+02
9.694333298474612093e+02
9.526749172087147599e+02
9.870749468304654783e+02
9.729571663402928152e+02
9.883903470511741034e+02
9.782399877486539026e+02
9.660033359621648970e+02
9.745328509624148410e+02
9.685919369068296874e+02
9.775374051030694318e+02
9.812852187311211765e+02
9.898383384209321321e+02
9.588301456908893670e+02
9.724757498128950601e+02
9.861029259476899824e+02
9.908540369124605149e+02
9.945481812138245914e+02
9.835068541089574410e+02
9.717113688756758165e+02
9.725490064922684041e+02
9.816962669801632728e+02
9.854632473513119066e+02
9.792040648620578622e+02
9.747957111808526633e+02
9.886718177073763627e+02
9.731530450597792878e+02
9.714811251181938587e+02
9.648300085576829588e+02
9.824615625655512758e+02
9.788187293678950027e+02
9.791102406623024308e+02
9.780204339444796915e+02
9.874460510965536741e+02
9.649649910700705959e+02
9.653061716781546693e+02
9.895536666052443024e+02
9.841373542202479712e+02
9.812699927412070338e+02
9.905249540760498803e+02
9.712831947971728823e+02
9.875721168297570784e+02
9.734080905537387025e+02
9.820969468576139434e+02
9.800898920958720737e+02
9.790653768676262416e+02
9.809781248523609065e+02
9.758953039966919505e+02
9.792583655144310342e+02
9.849718757218427072e+02
9.609458653813392175e+02
9.839993533620920516e+02
9.764497837933668052e+02
9.847830732346945979e+02
9.738200761277703350e+02
9.952542785120509734e+02
9.831451091007054401e+02
9.724359050621533243e+02
9.863223439169616995e+02
9.755809258780199116e+02
9.714016874710936236e+02
9.839157687071098053e+02
9.824583342569565048e+02
9.827323132139332529e+02
9.812610632882062873e+02
9.673732173183196892e+02
9.749976437177217576e+02
9.662051811142927136e+02
9.902817903118457252e+02
9.686300581840878294e+02
9.729500467554877332e+02
1.001454267768100863e+03
9.850139771599807545e+02
9.785329263650817211e+02
9.896533415284541206e+02
9.933469826423026916e+02
9.786772036974546154e+02
9.749717486941500511e+02
9.841606815819621943e+02
9.731850490293372786e+02
9.714568730066454236e+02
9.724524312430510236e+02
9.801298156119338501e+02
9.744406089281010281e+02
9.655554523187863651e+02
9.686267554796538661e+02
9.805101465975458268e+02
9.767353501642497804e+02
9.761077003006510040e+02
9.941131885003226216e+02
9.913424882034204302e+02
9.890150658663530976e+02
9.925162434923488490e+02
9.786061971323774742e+02
9.759046964565361577e+02
9.695622003497327341e+02
9.936705968883825335e+02
9.739537086489715421e+02
9.863860140984562577e+02
9.765545255553286097e+02
9.823881303867998440e+02
9.814013901904138493e+02
9.668733999590801886e+02
9.676131996454555519e+02
9.919387702015505965e+02
9.808610737314775179e+02
9.695447528696106474e+02
9.830920981748777194e+02
9.965023610744065081e+02
9.835962511774409904e+02
9.818173545879603807e+02
9.866266427659629699e+02
9.939123505032541743e+02
9.646757254253423071e+02
9.633271569617495516e+02
9.757268212640626643e+02
9.847711311411967472e+02
9.880824081918328829e+02
9.674059514172113268e+02
9.873116572524074854e+02
9.766049114044269572e+02
9.743898922366183797e+02
9.697876615563420728e+02
9.794225004348281800e+02
9.763507280340318175e+02
9.694596792721827114e+02
9.865819845714247549e+02
9.726351863195376382e+02
9.954315225758676888e+02
9.919875664944472646e+02
9.752772846775712878e+02
9.783478033815998742e+02
9.913780689643451751e+02
9.915240817445454695e+02
9.729926689666737047e+02
9.763821396679877580e+02
9.961634881487989333e+02
9.888878894475333254e+02
9.859127586078087688e+02
9.795016068965536533e+02
9.865116827600097622e+02
9.907641468842093673e+02
9.853040529188137953e+02
9.767382651575992440e+02
9.869959443709946072e+02
9.904383818508115382e+02
9.881243925592004871e+02
9.847220764759042595e+02
9.775916932541608730e+02
9.680620673163953143e+02
9.717589750317175685e+02
9.818258140550678945e+02
9.797578399546129049e+02
9.876973085481208727e+02
9.925718529784895736e+02
9.829685346052980321e+02
9.893437589919594757e+02
9.827271671051933026e+02
9.901615143519986759e+02
9.853939922615122669e+02
9.772428051215655387e+02
9.810897040528676598e+02
9.932529186222607223e+02
9.937702572498075142e+02
9.883201639578036293e+02
9.708699315553157021e+02
9.690149378813595149e+02
9.697844574564617233e+02
9.783552606065364898e+02
9.884098283519365395e+02
9.761362915104299418e+02
9.854503026301983937e+02
9.834803271697130640e+02
9.947082931995839772e+02
9.808898101994227545e+02
9.731188457258371045e+02
9.784919101664256686e+02
9.793475845976845449e+02
9.860298748765458186e+02
9.715901550075002433e+02
9.908143255869809991e+02
9.851861732941988521e+02
9.903618767568332260e+02
9.840736786136155843e+02
9.886219160934850834e+02
9.827551668029682332e+02
9.708196711921918904e+02
9.996711894787183610e+02
9.998990612950912009e+02
9.916437454574549974e+02
9.854311692265919191e+02
9.806385517503382516e+02
9.866347987105889388e+02
9.809446305568349089e+02
9.918465817438208205e+02
9.738755124648158699e+02
9.938643562614968232e+02
9.809039324022314759e+02
9.837850211472543833e+02
9.800695670617944870e+02
9.729529998892712683e+02
1.005323147464330077e+03
9.782697373942033892e+02
9.935969384403945242e+02
9.758056614312074544e+02
9.830890391775515127e+02
9.805931083587917101e+02
9.909903445232105241e+02
9.849573573646537170e+02
9.902878213747350173e+02
9.869092352851030228e+02
9.774909095875304956e+02
9.762042246137901884e+02
9.758534306294272938e+02
9.747727514044388499e+02
9.896927569102515463e+02
9.872615918395662220e+02
9.956914892051238439e+02
9.800846547268196218e+02
9.940121349572651752e+02
9.796434038441886969e+02
1.001443211944140103e+03
9.861731554711400349e+02
9.944082059307844474e+02
9.889410669556087896e+02
9.857911143514825199e+02
9.831565083313845435e+02
9.913920861177413144e+02
9.930279232014801210e+02
9.909068340828750934e+02
9.871841527234519162e+02
9.827233085444129301e+02
9.800740330933999758e+02
9.818383593011768653e+02
9.731929374849917167e+02
9.906544004507977661e+02
9.987732211423444824e+02
1.007271844604477451e+03
9.951082098118201884e+02
9.885639721973091127e+02
9.857657182778117431e+02
9.793123916142411645e+02
9.874666217674057407e+02
9.925253163662925999e+02
9.791861822199648486e+02
9.749108492288171419e+02
9.934708697197331730e+02
9.872744893248752760e+02
9.761879838168815695e+02
9.726887634332492780e+02
9.940440938162901148e+02
9.872101512139300894e+02
1.002354914534341106e+03
1.000413563906624177e+03
9.800786030657376386e+02
9.925390083673362369e+02
1.016192624087203626e+03
9.890913797923949460e+02
9.885114642989974527e+02
9.970508565429652208e+02
9.904376946938297124e+02
9.826548146813363473e+02
1.003227813073684047e+03
9.894223363217728320e+02
9.754084138762561906e+02
9.716552811210851814e+02
9.722850511194349110e+02
9.782184036030812422e+02
9.982027759567530438e+02
9.888895577285788931e+02
9.836457697595951686e+02
9.681933738593356793e+02
9.835841670186412102e+02
9.928948261305238248e+02
9.831288205160824418e+02
9.850621908523067987e+02
9.835472347397567319e+02
9.879291134836112178e+02
9.990888090625777522e+02
9.742594478589179516e+02
9.954709781942272002e+02
9.865150581930925000e+02
1.002807066557591725e+03
9.808805616370955249e+02
9.840883532259776985e+02
9.927144517151640457e+02
1.001224358034800048e+03
1.003173623117580746e+03
9.932660339590249805e+02
9.906919889537501831e+02
9.925341887146444151e+02
9.936607611037602510e+02
9.843482056151929100e+02
9.984389269489860226e+02
9.962610800936809028e+02
9.977082064788957041e+02
9.906456810163788305e+02
9.895139801134807840e+02
9.827173341126608648e+02
9.952579840183409488e+02
9.997738307056347367e+02
9.851966112613529276e+02
1.007775840654412946e+03
9.891140490440426447e+02
9.709239667030290093e+02
9.938826091632299722e+02
9.799431336352361086e+02
9.926492662982999491e+02
9.965652293753678350e+02
9.836820780989936566e+02
9.935348055785489123e+02
9.922205509344515804e+02
9.940512121048856216e+02
1.004603315520382580e+03
9.903250957230773110e+02
9.968679731667319857e+02
9.978538255104010659e+02
9.888914775185826329e+02
9.953788476399060983e+02
9.840508964527984972e+02
1.001711439836975273e+03
9.856739395794496659e+02
1.004561518368536554e+03
9.900051530292377038e+02
9.781330846408021671e+02
1.006584273049209742e+03
9.925020883015670279e+02
9.862820377474895395e+02
9.841775459723528456e+02
9.956347895177101464e+02
9.884182965615476633e+02
9.809079757659206962e+02
9.993134497703001671e+02
9.999154681072474204e+02
9.960829686881165799e+02
9.812224107268299349e+02
1.001675877045044444e+03
1.003385721323004873e+03
1.007700033621592524e+03
1.001509399862796272e+03
9.912080975992353160e+02
9.895449677258962993e+02
9.853999363476381177e+02
9.841700074938953549e+02
9.920379684530530540e+02
9.916785540661271625e+02
9.993330216747164059e+02
9.870223653359118998e+02
9.970553318246430763e+02
1.006034625553171054e+03
9.734388700152098863e+02
1.000065552279839039e+03
9.749193048745805754e+02
1.000693603557862616e+03
1.007793123980228302e+03
9.910818500310324453e+02
1.001237938676646536e+03
9.930562469775627505e+02
9.930076160413152593e+02
9.983968317161010191e+02
9.848310941371511262e+02
9.941839916099447692e+02
1.003574360183291674e+03
9.748485235569394263e+02
9.941144919311418562e+02
9.899908895530345490e+02
1.011218839716198659e+03
9.885289933363612818e+02
9.869759528237336781e+02
9.899903025593768007e+02
1.015128486894973321e+03
9.932673498493105626e+02
9.937240213946251970e+02
9.849087658368489429e+02
9.882455645381253362e+02
9.817308441389360496e+02
9.904102695509654950e+02
9.844604424819502810e+02
9.867698469078150083e+02
1.006491881502616593e+03
9.983875997495380261e+02
1.006079747151172000e+03
9.977493863122124367e+02
9.842391158723901299e+02
1.001057129108451136e+03
9.839753711335731623e+02
9.879940168053095704e+02
9.993431228281938274e+02
9.971015731281563603e+02
9.838759095900595639e+02
9.910537554580976121e+02
9.991608899231282521e+02
9.920510986230996195e+02
9.837584745848708963e+02
1.002016413387247781e+03
9.987830534580231188e+02
9.886078346398871872e+02
9.980413721384069277e+02
9.850600815639901384e+02
9.928047104139155863e+02
9.988911985658537560e+02
9.938955754578259985e+02
9.993313227539060790e+02
1.006403334122706610e+03
1.007025068642563156e+03
9.985175743827023780e+02
9.905056762446387211e+02
1.005569066617399812e+03
9.824692872755317694e+02
9.986479022003684349e+02
9.924492061686153193e+02
9.966962574147602254e+02
9.786785566937217027e+02
9.902961021004277882e+02
1.000517987848912298e+03
9.720217544304296098e+02
1.011061540513546106e+03
9.955341726512443756e+02
1.005738911950788406e+03
9.920132579798462302e+02
9.889184997084703355e+02
1.006484514834908623e+03
1.002662447405680041e+03
9.803300208431544434e+02
1.013447085359768835e+03
9.917421662582485169e+02
1.001393029293361224e+03
9.943709212915182434e+02
1.001250765437865425e+03
1.005326912358091363e+03
9.957311834606581442e+02
1.000152962253119654e+03
9.717461450672901719e+02
9.931168565336309939e+02
9.764961917549436521e+02
9.922667839229767424e+02
1.004450690269659162e+03
1.006449212107590597e+03
1.013196034873860640e+03
1.000667126915815061e+03
9.859548927388682387e+02
9.997556214343521788e+02
9.742542737059366118e+02
1.012395987605548498e+03
9.856326232570357888e+02
1.003946566095001572e+03
9.990612388989554802e+02
9.983410991119793607e+02
9.894536972462180984e+02
1.013025583666893908e+03
9.828428969335302554e+02
9.856766361900574793e+02
1.002019527109050841e+03
9.970117993277740425e+02
9.957844832430946553e+02
9.913830131368955563e+02
9.931757239112771458e+02
1.019146686339328539e+03
9.918203670945036947e+02
9.886890775449543298e+02
9.937630871512982367e+02
9.896954767022294845e+02
9.993590262848612156e+02
1.012500456094690435e+03
9.947870043673459577e+02
9.889454124470153147e+02
9.992913716414992678e+02
9.945873549367712485e+02
9.932839963208429026e+02
1.003009394253053756e+03
9.881028010436822342e+02
9.996118709105164726e+02
9.922450172896250251e+02
1.002478877011008422e+03
9.971392496912894785e+02
9.974296412545986641e+02
9.962400504507304504e+02
9.896399804091219039e+02
9.880283414187044855e+02
1.003705645183257843e+03
9.946415304880606527e+02
9.885783381935524403e+02
9.914384743833168159e+02
9.992885305669900617e+02
1.000889414014698559e+03
1.001252084243865170e+03
9.985441223150435235e+02
9.991004669695103075e+02
1.004583566870504114e+03
9.892443455863997315e+02
9.950988593576486210e+02
9.974792022071267183e+02
9.986686235058457441e+02
9.866697324918882259e+02
9.891252045682681455e+02
9.818773320356212935e+02
1.010781109742388480e+03
1.018363615208556439e+03
1.011083759513588461e+03
1.000886736811101628e+03
9.996109993304648924e+02
1.006495176629719708e+03
1.008572817610278548e+03
1.002878484813879936e+03
9.981051252393232289e+02
9.969386649695534288e+02
1.012582982914867557e+03
9.921768183314128464e+02
9.951838421565529416e+02
1.020151732610082149e+03
9.932081157755003460e+02
9.980765582488860446e+02
9.985390459860338979e+02
9.966982647632839871e+02
9.959582409987295932e+02
9.928460227047298758e+02
9.984032566764190051e+02
9.952558947511271299e+02
9.902993734165811475e+02
9.890026809563011057e+02
9.912772521047643295e+02
1.002885541319838921e+03
1.001872556597111270e+03
9.922933021530279802e+02
9.880051823787596277e+02
1.001465830511874401e+03
1.001168004948890143e+03
9.923124132904855514e+02
9.904440999225985252e+02
9.931089727010005390e+02
1.004004488846156960e+03
9.909303549900482722e+02
9.874550464443774445e+02
9.971574176856001941e+02
1.010572629908657063e+03
9.983402365433169052e+02
9.871244803266171175e+02
9.845608233051174238e+02
9.920179393011728735e+02
1.009012919420002618e+03
9.929508427068030869e+02
1.005363529063642090e+03
9.988084626675006348e+02
9.974849128625379535e+02
9.983015003219735490e+02
9.866541029114026742e+02
9.961776264916943546e+02
1.010545902011903081e+03
9.950470128542162911e+02
1.007762629788969662e+03
9.805208836661953455e+02
1.007309260026384209e+03
1.005256705446158662e+03
1.000757674427914480e+03
1.002400694696989717e+03
1.008114910245495594e+03
1.010517588493964013e+03
9.960111657885138357e+02
1.001055641248624170e+03
9.987213763061832879e+02
9.973534725372566072e+02
9.951788357071602604e+02
9.911804762240712989e+02
9.996045459877159374e+02
1.004093847493852877e+03
9.989440170874759133e+02
9.866061690821486536e+02
9.960320497129910109e+02
9.932781276525971634e+02
9.925680073328389881e+02
1.000763579875093001e+03
1.015155237380179983e+03
9.827823653537286646e+02
9.847551622675495082e+02
9.957760684675228049e+02
9.864657893626215355e+02
9.890981557586569579e+02
9.949283804147878527e+02
9.856373293257091746e+02
9.877536998514726747e+02
1.015826958059754816e+03
1.006689573618668192e+03
9.917198411142476289e+02
1.003501814511874045e+03
1.000246177968221559e+03
1.010317666182929088e+03
1.000542116150450397e+03
1.000850679039564966e+03
1.004826094635398022e+03
9.923748788647262700e+02
9.984494840618701801e+02
9.945348890801840298e+02
1.005226257248579486e+03
9.833335790273984003e+02
9.968120876064656386e+02
1.005835337258135610e+03
9.913907882831571214e+02
1.000118179582549715e+03
9.974666901174532541e+02
9.955998991894300616e+02
9.820152002474694655e+02
1.012566110315462879e+03
1.013037669819195344e+03
9.883891749603353674e+02
1.008783345816437986e+03
9.998769726074690425e+02
1.009204017888496196e+03
9.967619006312095280e+02
9.894471749069358566e+02
1.006807107489752184e+03
1.004485777419380611e+03
1.006601485481227883e+03
9.977126386739417967e+02
9.736149038845627501e+02
9.951259706604711255e+02
9.996314999769018641e+02
9.877701216045226147e+02
1.007236473599470401e+03
9.956185245507276704e+02
9.923449542988012126e+02
9.975451251446057768e+02
9.866275479345365511e+02
1.013654657236999356e+03
9.907742271275301391e+02
9.887701079220051952e+02
1.011345293079718772e+03
1.011784640176852804e+03
9.860089253149044453e+02
9.935821684267672254e+02
9.959184174522862349e+02
9.907082999134543115e+02
9.951864538197522734e+02
1.010028321254123966e+03
1.000407471175525075e+03
9.977274249542009557e+02
1.009743064546701362e+03
9.928758910410556382e+02
9.943705990749830335e+02
1.004921702317415679e+03
1.012161168092303797e+03
9.995734998862525345e+02
1.003700918307691609e+03
1.018218753475232916e+03
9.896306559903904372e+02
9.958304459832352222e+02
9.818352632737414751e+02
1.007637258854896345e+03
9.946474980007999420e+02
1.029049326568181641e+03
9.904122965136093626e+02
9.957609654375523860e+02
1.007075023287583349e+03
1.009161361697978919e+03
1.011406137310861709e+03
9.899644452976408502e+02
9.957462383463152946e+02
9.991958607858035748e+02
1.014334915177935272e+03
1.010164354313898457e+03
9.882212811729699524e+02
1.000671386338504362e+03
1.011755394253826921e+03
1.003474335378262822e+03
1.005759099671425247e+03
9.981862572430633236e+02
1.000454628236516896e+03
1.011871581908868166e+03
1.000464823811314886e+03
9.913294340887271119e+02
1.005356279744556332e+03
9.998165317673407344e+02
1.001251800639166504e+03
1.006160166250284647e+03
9.859714558518137437e+02
9.990202152488823231e+02
9.940535412812261029e+02
9.950513617001623743e+02
9.914062589656965656e+02
9.923115047480445128e+02
1.005861268384493201e+03
1.006045526140426659e+03
1.002880057647357035e+03
1.005010385204740260e+03
9.954718250035183473e+02
9.884134398930420957e+02
1.006942532397073478e+03
1.001278518218698309e+03
9.849730881495192989e+02
1.012008183006951526e+03
9.975562379147531828e+02
9.943827653273168607e+02
1.006968625377928902e+03
9.898487041687415058e+02
1.007445574698683686e+03
1.009436433834644845e+03
9.945667086616091410e+02
9.904869532611023715e+02
1.010674572229858882e+03
1.013870545848148026e+03
9.993701149973041993e+02
1.017302040196876533e+03
1.013180216272173311e+03
1.003216091513641004e+03
9.920298671674958086e+02
9.865918958168817881e+02
9.966926710894417738e+02
9.890639731316827010e+02
1.009509245685832980e+03
9.849683337758449397e+02
9.996728890109914119e+02
1.000120396439835417e+03
1.004011466932924350e+03
9.870238730794549156e+02
9.949371944277379498e+02
1.004196379785731665e+03
9.785804335330210506e+02
9.904277782534575181e+02
9.945346431797834157e+02
9.839575070654083220e+02
9.954847042130709269e+02
9.961357367264419054e+02
9.982375783977412311e+02
9.931566379248076828e+02
1.016715763582043337e+03
9.964586271940210054e+02
1.002243182248115090e+03
1.008348694084616568e+03
1.002715325827641550e+03
1.007988875068635934e+03
1.000921448055361225e+03
1.011306048979252182e+03
1.001216713174933830e+03
9.959660614948696775e+02
1.003452014333150942e+03
1.004199109750553703e+03
1.004608133635203558e+03
9.859425337344492846e+02
9.905527414312118708e+02
1.003663605233766134e+03
9.951516363154851206e+02
1.007464511590214215e+03
9.857731949080380218e+02
1.010297953175333419e+03
1.003781456529637239e+03
9.872087869147151196e+02
9.914196503552248032e+02
9.982860407272411294e+02
1.012840600401726533e+03
1.013182648773436654e+03
9.973435327527458867e+02
1.005578211029099293e+03
9.947159411555019233e+02
1.022683736527881820e+03
9.886857522509595810e+02
1.008143165232860611e+03
1.001826118936580087e+03
1.006015759664104507e+03
1.004596185905560674e+03
9.928230196307636106e+02
9.994061072568158579e+02
1.017046423214176002e+03
1.000103239335429976e+03
1.006585408791532132e+03
1.002886688212056470e+03
1.004228293465470188e+03
1.001324895462172890e+03
9.991965232601555726e+02
9.772739268038551472e+02
9.901226884216434883e+02
1.006519547700930502e+03
1.000638593585886724e+03
9.868955656835939863e+02
9.963427679859642012e+02
1.014166516154812371e+03
9.902786959865161407e+02
1.004367220150099456e+03
9.865291797601764756e+02
9.963799860493725191e+02
9.998004140415006304e+02
1.007205212205403768e+03
9.908194425381462906e+02
9.948152027213144493e+02
9.921694118036069767e+02
9.973228662544411236e+02
9.958254318342898159e+02
1.018204865918258292e+03
9.969674896538481335e+02
1.011037438259247892e+03
1.009948836403517930e+03
1.003414051065984381e+03
9.891461520157390623e+02
9.966879283468623498e+02
1.002361533053626886e+03
1.012667141706022790e+03
9.850342051350165775e+02
1.003258663409125802e+03
9.943325743506898107e+02
9.895741197369482052e+02
1.013335474330941338e+03
1.003861744754154756e+03
1.003825421367415970e+03
1.013908674012570259e+03
1.018875433274595935e+03
1.003548382314866103e+03
1.007971845105856573e+03
1.000152377297671592e+03
1.007156315658987182e+03
9.958065913361961066e+02
1.002121386601214681e+03
9.981826228848867686e+02
1.000160678634563283e+03
9.953337769256420415e+02
9.998876485538346515e+02
1.015648524347694661e+03
9.848031356571153765e+02
1.002206180305507132e+03
1.008554035966471133e+03
1.002525018269990028e+03
1.007285741966869409e+03
9.940214647216484991e+02
1.003202037743005235e+03
9.968551938958167966e+02
9.895727594479785694e+02
1.003560347101072921e+03
9.943018597326168901e+02
1.004090288347346359e+03
9.817117139832627117e+02
9.896372756733558163e+02
1.009927253999884897e+03
1.015184558108079727e+03
1.005226543613293416e+03
9.865559087088636261e+02
1.004391689535199475e+03
9.984258926340781954e+02
1.001573827202290204e+03
9.982582223397216694e+02
1.000193106574550143e+03
1.007335507413147297e+03
9.983144495028632264e+02
9.867315941436158937e+02
1.006528404235075186e+03
1.007300890452188128e+03
1.016528297749892658e+03
9.983993964099196319e+02
1.015508207203697566e+03
1.001015886507942810e+03
9.937271081290462007e+02
9.998977973010335063e+02
1.009319049646832468e+03
9.923888741566149747e+02
1.025814212450738523e+03
1.004769263302682134e+03
1.008750488203963414e+03
1.003540149135541810e+03
9.974213397840192101e+02
1.008658413690553971e+03
1.005578410068495828e+03
9.999448557284197250e+02
9.879601069631105474e+02
9.927164538790830193e+02
9.925540803557229310e+02
9.998335057532354995e+02
1.001944612971111042e+03
1.005358653274725953e+03
1.011170933127178387e+03
1.002109677209379242e+03
9.931635241356750612e+02
9.907507562908308500e+02
1.000442858874289527e+03
1.002039086975923965e+03
9.918340658603734710e+02
9.889478914874540578e+02
1.001903176331661598e+03
9.961548030158924121e+02
1.007243612305869419e+03
9.865957566668588470e+02
1.003082954101119753e+03
1.015730898567292002e+03
1.013583931768341245e+03
9.919023107786072160e+02
1.010290342483426343e+03
1.002749119452640116e+03
9.979436688509550777e+02
1.001024122310972984e+03
9.951561381060165559e+02
9.934444051081720772e+02
9.991903731966303894e+02
9.940474036389687171e+02
9.892279135921750139e+02
9.903711265815675233e+02
9.993625561730798381e+02
9.950054100312190712e+02
1.003669999418783846e+03
9.934200010176483602e+02
9.896260468620648680e+02
9.900824596659286954e+02
9.905847812961293357e+02
1.002460177617681666e+03
9.909675311357786995e+02
1.019160171169920432e+03
9.944775514440925690e+02
1.006798512568485194e+03
1.007796613412302690e+03
9.961902019703613860e+02
1.000426948402493053e+03
1.010006940873017697e+03
1.004602279931325256e+03
9.989350306062082154e+02
9.993298357653242192e+02
9.932036094797168744e+02
9.997753805718356261e+02
9.983662522185101125e+02
9.970933780628811292e+02
1.000376716632473858e+03
1.003359813096333028e+03
9.995665451034997204e+02
1.001036384894772141e+03
1.010193729777248791e+03
9.886589168043004747e+02
1.001884415686195439e+03
9.988468872736527828e+02
1.015964003645736852e+03
1.011665995708616265e+03
9.862512193498342867e+02
1.008535217520826336e+03
9.956299493435674322e+02
1.001039320878361195e+03
9.991796927760559583e+02
1.005499464359519834e+03
1.005762475193565933e+03
9.912742065745183027e+02
1.000673790890947885e+03
1.001964956664934107e+03
9.990733553187731104e+02
9.835315221361339582e+02
1.002339541183839060e+03
1.008256993719712682e+03
1.004916210293051790e+03
9.889552373396750227e+02
9.920947401266467978e+02
9.808778597869903706e+02
1.007305150919622292e+03
9.895409491281794772e+02
1.001678267357179948e+03
9.869974507464969520e+02
1.022101163144863563e+03
9.962864467433884101e+02
1.007475178233806105e+03
1.006135031761768914e+03
1.004068474506276971e+03
1.004388985914230261e+03
1.016410771625781081e+03
9.886748510228355826e+02
1.005922675667942144e+03
9.948873845106953695e+02
9.915630783621660385e+02
1.006129466198997989e+03
1.009750045884896622e+03
9.940876453454695820e+02
9.901556183000554938e+02
1.013202640060887006e+03
1.003042836003100774e+03
1.013117212794538887e+03
9.975524314019273788e+02
9.858021938802460227e+02
1.000824421172724328e+03
9.801985870520799153e+02
9.902817608492979389e+02
9.951136777952154944e+02
1.012101478954513937e+03
1.003230952596654788e+03
9.980392896935773024e+02
1.007479889883854639e+03
9.975778887760750422e+02
9.956705925834162372e+02
1.004281243715229948e+03
1.007705767916651553e+03
9.951880175953868957e+02
1.005353172685347772e+03
1.006651504671617431e+03
9.955461330562669673e+02
1.001708322977323405e+03
9.971927951198867959e+02
9.844103935562416154e+02
9.916063544906569405e+02
9.933465074748900179e+02
9.904682623908726100e+02
9.840730551483346744e+02
1.008082419227597029e+03
9.999761025482664536e+02
9.899026904464412837e+02
9.993096109753480505e+02
9.816634255727310574e+02
9.896992514085378616e+02
9.952657633756260793e+02
1.002194983362382004e+03
9.998203153379594141e+02
1.000378917703788602e+03
9.871064067570497400e+02
9.999875747407786548e+02
1.001567795528186139e+03
9.875466403836986728e+02
9.956437842301783121e+02
9.894606038539257042e+02
1.007564689460458112e+03
1.001230948227092654e+03
9.984357404382233199e+02
1.002351681154764265e+03
9.984179838750765157e+02
9.905015205166163241e+02
9.845254782118000776e+02
9.816401996364315892e+02
1.007774344464888145e+03
1.002788119819353597e+03
1.010154678669895929e+03
9.983497214928740959e+02
1.009417109138401770e+03
9.965329387730084818e+02
9.928166845878347431e+02
9.906223312928326550e+02
9.995363839721773047e+02
1.011374360791684012e+03
9.884732158916843900e+02
9.927003529412900207e+02
9.814952121983183133e+02
1.002448509008158226e+03
9.893452803445115933e+02
1.009815886191581399e+03
1.006212148876179640e+03
9.861377277074460608e+02
9.814633306023928299e+02
1.006922798775514025e+03
9.885615369379079311e+02
1.013139601690942868e+03
9.897809648367606314e+02
9.931630731650835742e+02
1.006613146107941702e+03
9.812190282223056101e+02
9.954648447189929357e+02
1.002447056980541220e+03
1.001209898137805226e+03
1.001959314691275495e+03
1.008327068702701581e+03
9.954698514305410981e+02
9.872081405235524016e+02
1.000782713826947884e+03
9.984188559728779637e+02
1.004697663598304302e+03
1.004197273803860753e+03
9.897178856912764786e+02
9.840861246833949281e+02
9.921317431346980129e+02
9.968511700120319574e+02
1.008517919858020150e+03
9.840743460690221127e+02
9.875939523496340371e+02
1.011007881062682600e+03
9.927318868013262545e+02
1.001402155673698417e+03
9.991405648822384364e+02
9.944568451644827292e+02
9.862875611084205048e+02
9.891630564671410184e+02
9.916209291887003019e+02
9.993620320937030783e+02
9.763067277287550496e+02
9.933937082366016966e+02
9.854718589134769218e+02
9.947840568549224827e+02
9.878786609261678677e+02
9.903294792114359097e+02
1.001922885380229104e+03
9.988170185529864966e+02
9.878860639511453883e+02
9.675408142150346293e+02
9.905071834311589782e+02
9.840254129356987960e+02
1.002272007775893599e+03
9.965038379170233611e+02
9.926713310382856434e+02
9.939608890021522711e+02
9.918667250791909282e+02
1.000498534550659542e+03
9.832552956258118684e+02
9.836043359361480043e+02
9.802440914720631326e+02
9.946963180347352136e+02
9.908599408931762582e+02
9.919096596514599469e+02
9.921278160564235122e+02
9.935843581626295418e+02
1.011784359516311383e+03
1.005300160223791750e+03
1.004083094422221848e+03
9.965651700533805979e+02
1.022271716591606264e+03
9.915889550287355405e+02
9.836382308174974014e+02
9.775165013411822201e+02
9.907718304766613073e+02
9.947192300504722198e+02
1.006932892866169254e+03
9.953155833097326877e+02
9.880955862745191780e+02
9.988681685925137117e+02
1.008228334534550299e+03
9.933732321558202329e+02
9.725757770113117431e+02
9.941327679564760729e+02
1.001976885082094441e+03
9.933548524133805131e+02
9.849275157684541000e+02
9.943856545215386404e+02
1.008508859425606374e+03
1.007008634538846081e+03
9.904291832950200387e+02
9.740885643836120380e+02
1.002813155691510701e+03
1.001995018302377730e+03
1.004894847497291494e+03
9.985710743561528488e+02
1.014427565313286891e+03
1.002309696666795503e+03
1.001758921853532001e+03
9.932831917926092729e+02
9.845775370587375619e+02
9.907717632350983195e+02
9.744657350012282677e+02
9.826668240862683206e+02
9.876286031483372199e+02
9.993362897064587287e+02
9.872059324744583364e+02
1.012920539089493332e+03
1.000756756560519761e+03
1.007177490452650773e+03
9.895686623603160115e+02
9.934210767714056374e+02
9.977497095165745122e+02
1.013593773961760121e+03
9.882030723270235057e+02
9.956687668881802438e+02
1.004133643065744764e+03
1.007124520268748938e+03
1.016517981818500630e+03
9.943828555215093274e+02
1.004002615536060034e+03
1.000488192438589863e+03
1.001047046358218267e+03
9.963436553300898595e+02
1.007009806977310973e+03
9.837452549294246182e+02
9.951200713486118730e+02
9.791091834071253288e+02
9.867747924334136087e+02
1.000907690225601868e+03
9.792724249445586793e+02
9.989558049851783608e+02
1.005902512395354279e+03
9.781835974557262716e+02
9.960906226566910391e+02
9.926833380763065406e+02
9.927737833412106738e+02
9.972927259177713495e+02
9.781769090515169864e+02
9.859151771334634304e+02
1.000041142861214666e+03
9.933801660724891462e+02
9.887431591445445065e+02
1.009826798704056273e+03
9.858146151311582344e+02
9.863621567580961482e+02
9.971040299934088580e+02
9.715105755030838282e+02
9.734348558411794556e+02
9.749402496114638552e+02
9.914889800862733864e+02
9.831307977026533536e+02
9.847902514501183759e+02
1.012221119487765236e+03
1.001945253286787874e+03
1.001453953372123237e+03
9.764927132354497417e+02
9.701220564309027168e+02
9.895435256995257305e+02
1.001346384472569980e+03
9.876196794151761651e+02
1.000795865721191831e+03
9.951354167007558544e+02
9.775096593906755515e+02
9.917184442051313908e+02
9.941453942087193809e+02
9.793555167266034687e+02
9.893308207478854683e+02
9.977184971419854946e+02
9.765680051674236211e+02
9.850053793136099785e+02
9.861710528357656358e+02
1.000139626070659006e+03
9.789556568891352981e+02
1.000319705342825500e+03
9.877708134544268432e+02
9.755926155563186057e+02
9.861437847566239725e+02
1.005465988303130644e+03
1.003150783841989664e+03
9.819812697216495962e+02
9.911110037500144472e+02
9.953789787553499764e+02
1.007243508659035456e+03
9.984752712428835366e+02
9.938401929243135555e+02
1.001467455722197542e+03
9.784453919314848918e+02
9.966117942157804919e+02
9.797753284198843176e+02
9.866896821078514677e+02
9.812400804081913748e+02
9.915661342615242120e+02
9.834643401174678274e+02
9.841291731787587196e+02
9.840515063825781681e+02
9.823244005939509407e+02
9.825803421148049210e+02
9.807839382748049957e+02
9.933356803986246177e+02
9.888748302387130025e+02
9.734923282563870544e+02
9.881330378165404227e+02
9.825358214552634308e+02
1.001045124214407451e+03
9.921131236749329219e+02
9.900453621602098337e+02
9.837273182368851394e+02
9.976389463039029124e+02
9.919330402750968005e+02
9.876209790324942333e+02
9.983206139736319074e+02
9.811604282645112107e+02
9.895201202572993679e+02
9.861594888014867593e+02
9.918435589943039759e+02
1.001807162246166854e+03
9.910337159692217028e+02
9.979516816146206111e+02
9.826736007670243680e+02
9.993158873365885029e+02
9.944097441950925713e+02
9.752735412618449118e+02
9.867582446909037799e+02
9.822411753556427811e+02
9.776666746263169898e+02
9.761763699883624668e+02
9.920195659900798546e+02
9.744776841391671951e+02
1.013554468236540743e+03
9.815834878818395737e+02
9.917239271713650623e+02
9.890210652496704142e+02
9.794242242349141634e+02
9.875482432174535461e+02
9.665666654128901882e+02
9.819832892372156721e+02
9.973254453297544160e+02
9.745038045518944045e+02
9.779540088014942967e+02
9.824120829031260200e+02
9.895466221753332547e+02
9.978946369631501057e+02
1.001141978405956138e+03
9.805852975457612501e+02
9.878856421175710238e+02
9.985974342194062956e+02
9.680866327837926519e+02
9.943613242413493936e+02
9.945069251292791250e+02
9.882293085042988423e+02
9.919707879650054565e+02
9.792557719966574723e+02
9.895961527822543076e+02
9.760365346013687713e+02
9.779598485582710055e+02
9.728533482193817008e+02
9.897041389935557163e+02
9.959376537437312891e+02
9.936569271813539217e+02
9.777592141436638258e+02
9.886786338284817930e+02
9.902605359162737386e+02
9.801119894833118451e+02
9.753791162607576553e+02
9.816962328831075411e+02
9.804855586589819723e+02
9.886708717984755594e+02
9.887689480368518389e+02
9.750495044077964621e+02
9.784268875542243222e+02
9.702193728777272099e+02
9.894044931005713579e+02
9.955275869625045289e+02
9.701810457288949010e+02
9.899092836478343997e+02
9.899299975585831817e+02
9.832291378846149428e+02
9.878135018196109058e+02
9.856954353907005952e+02
9.883037888748572186e+02
9.846286779137221856e+02
1.004462790975279972e+03
9.855265385941005434e+02
9.833697586895289078e+02
9.920599230267750954e+02
9.638070845150227797e+02
9.793653204207830640e+02
9.749941490216507418e+02
9.833478579763598191e+02
9.700139315544009833e+02
9.864271529241633516e+02
9.887453725042466885e+02
9.952673986143340699e+02
9.755356012352006019e+02
9.723777086497716482e+02
9.913752977673985924e+02
9.637576533729152288e+02
9.982490886212224268e+02
9.773730087592520022e+02
9.922036361653695167e+02
9.664629792544853899e+02
9.931104470404277436e+02
9.914159893080327492e+02
9.847019248011918080e+02
9.957107456581297811e+02
1.001961840441203776e+03
9.758096023492701079e+02
9.888313435337382771e+02
9.861148860051309839e+02
9.692942643520289039e+02
9.725057448783630889e+02
9.823005934424334100e+02
9.765578396021383014e+02
9.752231351376717612e+02
9.902667803394069779e+02
9.686027331345542279e+02
9.787597621814368267e+02
9.733400468232907770e+02
9.840016070442947012e+02
9.768674983808889465e+02
9.756266886518739057e+02
9.819211855710763075e+02
9.953579140424518528e+02
9.806318097322914582e+02
9.932777974817082622e+02
9.810736952515056828e+02
9.822590238954553570e+02
9.814906505831040704e+02
9.825414676023118545e+02
9.773165587418445739e+02
9.719940721044051770e+02
9.794149792629089006e+02
9.670901767807972647e+02
9.833537652691672974e+02
9.762459976796097862e+02
9.723615968613196401e+02
9.856146572786785782e+02
9.832935704353877782e+02
9.815933734415318668e+02
9.836261129641584375e+02
9.791603769383006011e+02
9.892385981849889731e+02
9.858807630480284843e+02
9.693269563934770758e+02
9.785506122018426822e+02
9.754727787364952292e+02
9.733640524105704799e+02
9.781553489663862138e+02
9.873801956680034664e+02
9.894944395025850099e+02
9.797598695192713194e+02
9.765984640145330786e+02
9.808479772636411553e+02
9.575899776107987691e+02
9.765223034280493266e+02
9.734004187785798194e+02
9.751802556743303967e+02
9.741817963334397064e+02
9.834104236838605857e+02
9.673106082213274703e+02
9.609476785986380492e+02
9.974910203458139222e+02
9.576587462810925899e+02
9.680624887858567718e+02
9.760659183778998340e+02
9.812346771219268931e+02
9.787541119758384411e+02
1.000546443631095485e+03
9.823337037346462921e+02
9.518695880740158373e+02
9.667216479572485923e+02
9.682696418090299630e+02
9.730207681682270504e+02
9.596302735375666089e+02
9.855095673168536905e+02
9.822183434559248099e+02
9.602028488343805748e+02
9.827769123191095559e+02
9.546956972877750331e+02
9.696407655716078580e+02
9.796966868489773788e+02
9.800045253113245280e+02
9.701561157367796113e+02
9.729083763451501454e+02
9.904964861176088107e+02
9.728967870458119478e+02
9.727003523980840782e+02
9.744382990712665560e+02
9.848673132318265289e+02
9.635342275022062495e+02
9.801849594052901011e+02
9.840990918282893745e+02
9.931137401801270244e+02
9.755853149136552247e+02
9.709168399452365747e+02
9.751096475815257918e+02
9.769284818330011149e+02
9.712407424189865424e+02
9.672022420338294069e+02
9.723694505231850371e+02
9.596315525071922821e+02
9.697861742895514681e+02
9.711050562395607813e+02
9.498361315085946899e+02
9.652416767368656565e+02
9.777738139413745557e+02
9.777810990022060196e+02
9.616033352664215954e+02
9.692798379823923369e+02
9.523489771688467727e+02
9.702435370167679594e+02
9.845682828373102211e+02
9.779372949363491898e+02
9.717137407154938273e+02
9.771967484772917487e+02
9.777866324634950388e+02
9.786427745324214129e+02
9.841090569716035361e+02
9.626582216236458862e+02
9.721069317230908382e+02
9.758333465767227608e+02
9.709557838754594741e+02
9.715269775287590619e+02
9.714326678923725922e+02
9.641879604538200965e+02
9.733592561265303402e+02
9.735878449432658499e+02
9.741626936146997195e+02
9.774980577501535208e+02
9.782376007913106832e+02
9.610956281054909596e+02
9.688157573148298525e+02
9.633227811486791552e+02
9.804436003932778476e+02
9.625725967423954899e+02
9.703579334468720390e+02
9.878979120363335369e+02
9.589081982220583313e+02
9.639824249261762361e+02
9.626574609148477748e+02
9.825646334613816180e+02
9.715103035034594541e+02
9.738936079719834424e+02
9.663004439927578915e+02
9.778944495018139378e+02
9.743227013773039289e+02
9.836358836623537627e+02
9.632084448953096398e+02
9.620618451566236899e+02
9.651090824697630524e+02
9.661837092984575293e+02
9.530268277888837929e+02
9.615771787168920355e+02
9.840355167488107782e+02
9.757887899789838002e+02
9.562752234925351331e+02
9.796691861138403965e+02
9.662464133569301339e+02
9.839991379314494679e+02
9.703000058044585785e+02
9.785941651496109444e+02
9.589013338153135919e+02
9.711545285187030458e+02
9.666327989142046135e+02
9.656284979734416538e+02
9.700070078956457564e+02
9.691715067636025651e+02
9.825080906947814583e+02
9.772831473287582185e+02
9.754249412953539604e+02
9.594652417225908039e+02
9.725419991285588139e+02
9.717852821669314380e+02
9.840683247165846979e+02
9.606555719846487591e+02
9.719477970243760865e+02
9.664458585591391966e+02
9.755993810524084893e+02
9.707401353754214597e+02
9.783984849115441875e+02
9.752811400859654896e+02
9.741690864543918451e+02
9.489843888987194305e+02
9.612579435424518124e+02
9.723320372089601733e+02
9.672150430887692210e+02
9.679664853480760485e+02
9.638157593674603731e+02
9.695283718834673437e+02
9.608128812347608800e+02
9.670595799614000043e+02
9.697586047327713459e+02
9.641426103659011915e+02
9.663807837463767783e+02
9.630335312609947778e+02
9.597876880140086087e+02
9.744066225915955783e+02
9.562937256966057475e+02
9.701549263883550793e+02
9.667355106589384377e+02
9.731026713758897131e+02
9.690679474461738891e+02
9.480486426822260455e+02
9.584475572931962688e+02
9.706478059170642609e+02
9.731131401667530554e+02
9.606563526417537560e+02
9.553582325843360650e+02
9.553375846180367716e+02
9.654767294098525099e+02
9.664705418943996165e+02
9.672820704111238683e+02
9.706410618692993921e+02
9.615059865683109592e+02
9.590065234354206041e+02
9.705955251184402641e+02
9.652437020358089512e+02
9.615391251289152024e+02
9.726636906141050076e+02
9.628095071297286722e+02
9.565782214477287653e+02
9.662098822739814068e+02
9.650279557687601937e+02
9.475022894781471905e+02
9.561070165448242051e+02
9.664786846152815087e+02
9.536065459593501146e+02
9.608952919159692101e+02
9.461098181365726987e+02
9.486338858985502611e+02
9.521052232759417393e+02
9.645474489122326531e+02
9.580820104219519635e+02
9.614088618424797232e+02
9.555757217380914881e+02
9.610844922240851247e+02
9.714626496458860174e+02
9.614177476086221077e+02
9.462415700593703605e+02
9.398102154878578176e+02
9.493426611477589177e+02
9.541218291618968124e+02
9.410611043429112215e+02
9.606698821345080432e+02
9.617824851478014807e+02
9.652656570507706419e+02
9.550724602239814658e+02
9.614852297541706321e+02
9.505148106524420655e+02
9.568159478184380760e+02
9.467815198206089917e+02
9.502716558981884418e+02
9.525072637997783431e+02
9.547861109416323870e+02
9.641049311973026761e+02
9.663197591518890022e+02
9.587043501467350097e+02
9.537124661388595541e+02
9.540815075519622042e+02
9.574993914794977172e+02
9.615706247811485810e+02
9.655802837201325701e+02
9.348460980523046828e+02
9.541779833481185733e+02
9.642402891699837255e+02
9.499077742157111288e+02
9.724174636866226820e+02
9.586192726453812156e+02
9.571727988936581824e+02
9.551510786546493819e+02
9.398975864796354927e+02
9.489701628379852991e+02
9.682496585404571761e+02
9.594549406742587507e+02
9.563706215920501563e+02
9.483436179318049426e+02
9.609076011241595552e+02
9.498873877436874409e+02
9.683960003090967348e+02
9.624549086575884758e+02
9.328251896360625324e+02
9.534365206263142909e+02
9.600514538338621833e+02
9.589177622845876385e+02
9.557513032962708621e+02
9.581295637866714969e+02
9.506932834365039753e+02
9.590052822922207270e+02
9.574027834356819540e+02
9.523985771967195433e+02
9.545639799793696056e+02
9.381296695846458533e+02
9.590063075523194129e+02
9.569063790111724757e+02
9.444415636099737412e+02
9.547164386148124322e+02
9.417039361080236404e+02
9.577680198633972850e+02
9.515687061796694479e+02
9.424924593847808865e+02
9.609663709255803496e+02
9.389822638910944761e+02
9.332539056589068878e+02
9.462161432670404793e+02
9.547285545617837670e+02
9.482369098214336418e+02
9.374521438154590669e+02
9.409739180791256103e+02
9.493694809806522699e+02
9.584165103146692672e+02
9.544378202606744708e+02
9.532763517181916768e+02
9.595981491668051149e+02
9.518971314193204307e+02
9.505008370395387374e+02
9.617598567976114055e+02
9.573425573318133956e+02
9.546286959372457659e+02
9.565374428940829148e+02
9.421626626746896136e+02
9.430144503774185978e+02
9.598794729960189898e+02
9.468706785144324840e+02
9.390413150433083729e+02
9.411129497491938309e+02
9.365038171692627884e+02
9.512516639349032630e+02
9.433631843143220976e+02
9.410578413484488465e+02
9.468969269587115605e+02
9.302687623477368106e+02
9.328419211003035798e+02
9.503511209651244371e+02
9.549816658631523296e+02
9.506847424928305372e+02
9.590953288167841038e+02
9.436863162181421103e+02
9.456929819437666538e+02
9.558832350661613191e+02
9.478565601686011632e+02
9.294973239038010888e+02
9.438587880565116848e+02
9.488759905168724345e+02
9.504796398949420109e+02
9.546772170207376575e+02
9.449531942126333206e+02
9.558400978590706245e+02
9.332548267243743112e+02
9.238353506895026612e+02
9.451683538035889569e+02
9.413342972270447717e+02
9.465778242101503110e+02
9.465753724243636498e+02
9.531529160597448254e+02
9.335362727965193699e+02
9.457367874750342480e+02
9.348484227209987694e+02
9.526762800121402961e+02
9.287204108033880630e+02
9.301970006753168718e+02
9.369572557801550374e+02
9.496236812216029648e+02
9.389901869386400222e+02
9.262633128412770702e+02
9.470208692560654526e+02
9.465351046317703094e+02
9.461920741186396526e+02
9.359504654895686144e+02
9.227219161189980241e+02
9.359391076386609711e+02
9.350348094829203092e+02
9.499955354048570371e+02
9.371867601296098655e+02
9.317239049358515786e+02
9.420582845944401242e+02
9.295462938496291372e+02
9.313268709090027642e+02
9.333284868939675789e+02
9.440916759388009041e+02
9.479915837202061084e+02
9.424575025394849490e+02
9.616686765668202952e+02
9.217307192758679548e+02
9.314399530520480539e+02
9.241258152052677133e+02
9.312405771991660686e+02
9.360414244833725661e+02
9.380466096841435046e+02
9.364977712320333012e+02
9.450933170997399202e+02
9.344521495656038041e+02
9.333193390052787208e+02
9.420956932996020896e+02
9.386270502846853105e+02
9.486169825174581547e+02
9.506111515597274320e+02
9.378651881975707738e+02
9.498327778553289136e+02
9.490580479022628424e+02
9.390295889711143218e+02
9.335683664697996846e+02
9.444035454313989248e+02
9.219769126148094074e+02
9.343326802005708487e+02
9.393413534219448593e+02
9.227584211704418067e+02
9.421670760770975903e+02
9.484044049847001361e+02
9.354681907033664174e+02
9.378985388919722936e+02
9.449298405369615921e+02
9.360934921599291556e+02
9.491688423086457078e+02
9.265592977124770186e+02
9.386797327860857649e+02
9.243694771200315472e+02
9.358113644794376569e+02
9.230343820036606530e+02
9.476244853540573558e+02
9.338877966303469975e+02
9.304065813160210610e+02
9.306274286813104482e+02
9.337521467993477700e+02
9.309433318654623690e+02
9.235228033842786317e+02
9.395900537257441556e+02
9.369184007501166889e+02
9.324817162298849098e+02
9.419230620481880578e+02
9.368963587867665410e+02
9.212556063748986617e+02
9.287596475831471707e+02
9.367407425688396643e+02
9.291392862671384592e+02
9.514324210523378724e+02
9.333527912491427969e+02
9.189827118281682488e+02
9.247439707316326576e+02
9.253460899620569080e+02
9.249171294377536015e+02
9.350176229946307558e+02
9.321414131712715516e+02
9.449210825886817702e+02
9.243188187005021064e+02
9.290783441139221850e+02
9.391579934293941960e+02
9.257904907089305198e+02
9.245969136778749089e+02
9.330242657996957405e+02
9.391488799617923178e+02
9.399263110975356312e+02
9.218546629728282369e+02
9.240092734565099590e+02
9.242008613733969469e+02
9.311004877576708623e+02
9.219335597391914234e+02
9.347732400315670702e+02
9.428446034607225101e+02
9.244028249427083210e+02
9.125751598907456810e+02
9.353077667761167504e+02
9.326636652748704819e+02
9.353350145533254363e+02
9.389539759321036172e+02
9.351572889519727596e+02
9.376400324717374133e+02
9.398331572908070939e+02
9.338986303678691456e+02
9.372363939122338934e+02
9.355694045009101956e+02
9.251199518414716749e+02
9.078340963949938214e+02
9.366462773647972426e+02
9.276508917007147375e+02
9.387029385100128138e+02
9.205823335488855719e+02
9.423898411889747422e+02
9.263044289891120115e+02
9.217885181013471083e+02
9.338411819272259891e+02
9.240463424870272320e+02
9.192729510166964246e+02
9.269725251237607608e+02
9.314593600644012668e+02
9.207351359028889419e+02
9.185920934905892636e+02
9.223431112986118023e+02
9.224591225968656545e+02
9.134650362795636056e+02
9.224851947872117535e+02
9.186010686781233971e+02
9.284969815627277967e+02
9.327809122208207100e+02
9.306103789689029782e+02
9.266229176537615331e+02
9.260626624159895073e+02
9.153522149663264145e+02
9.187738741527502953e+02
9.225273589826656462e+02
9.175217744665270629e+02
9.240890984209570433e+02
9.291338215945697812e+02
9.155992987427281378e+02
9.255269327181540575e+02
9.164794311231465826e+02
9.211137558633590743e+02
9.194759258268102258e+02
9.216940117878750698e+02
9.210971688133163298e+02
9.284331629259834244e+02
9.236858424520429480e+02
9.198563685934302612e+02
9.244179572807483964e+02
9.235645085467833724e+02
9.189476661051752444e+02
9.372232331817448312e+02
9.201435821768636742e+02
9.257330910523957073e+02
9.158965627517937946e+02
9.189188318695029238e+02
9.093658020173709247e+02
9.142774038724373895e+02
9.095718053378002423e+02
9.191062740033294176e+02
9.367223695073978433e+02
9.020231856363559473e+02
9.091842511646666480e+02
9.254333403919148395e+02
9.240576007702895822e+02
9.216138128204563600e+02
9.197234764491181522e+02
9.136798532566427866e+02
9.194754496399701793e+02
9.192725467426082560e+02
9.157893599077408453e+02
9.246310222297751125e+02
9.179934437205929498e+02
9.215701479700833261e+02
9.027548908988291032e+02
9.180227919831060035e+02
9.009127708685161906e+02
8.908125156730825438e+02
9.273669261360420251e+02
9.151292950269680659e+02
9.107935306656422654e+02
8.980202330597365972e+02
9.117305965881018892e+02
9.248304267617097594e+02
9.089386871733341877e+02
9.165367586596312321e+02
9.169996399799828168e+02
9.028731481609652292e+02
9.129684441097307399e+02
9.058359016751949184e+02
9.151442889134727920e+02
9.198121136448750121e+02
9.026682284915351602e+02
9.063986074106582009e+02
9.003820993915832105e+02
8.912291537350597537e+02
9.213206998800767451e+02
9.149612740189152191e+02
9.200089445253136091e+02
9.192580530795353297e+02
9.079210237541906281e+02
9.127642712468591526e+02
9.143479748810051433e+02
9.085076793736365062e+02
9.062362988576932139e+02
9.109755277757691374e+02
9.111636454650533778e+02
9.036008759118968783e+02
8.930085774734061488e+02
9.134023871760982729e+02
9.160672872072707378e+02
9.022666161271384908e+02
9.046598196572153938e+02
9.106838400296070404e+02
9.052147037549402739e+02
9.206715828702090221e+02
9.025138005100762939e+02
9.049456157545733959e+02
8.983453095671420670e+02
9.064981736563770482e+02
9.125253047736173357e+02
9.162847556944117287e+02
9.026127299264890098e+02
8.977360492651857840e+02
9.123686184267367025e+02
9.132360960609335052e+02
9.010780267048378391e+02
9.076770060451690370e+02
9.127184175707984650e+02
9.031628362803760410e+02
9.155547912731066162e+02
9.084661962820769077e+02
8.985910192236350440e+02
9.160145770768447164e+02
9.144902067304235516e+02
9.112105323352916457e+02
8.970544367375979391e+02
9.023331795529574038e+02
9.054286721223845689e+02
8.986573084825444084e+02
8.922386392610692383e+02
8.985436040962135849e+02
9.087549172114516978e+02
9.099499277970660387e+02
9.018744303687542470e+02
8.954748446557215402e+02
8.950076199425158165e+02
9.113409326479038555e+02
8.963004864673016527e+02
8.962304593574303908e+02
9.048764649290829993e+02
9.037352699516849270e+02
8.899703560297191416e+02
9.043734266654837484e+02
8.941931076464617263e+02
9.029703973380277375e+02
8.961136500583422730e+02
9.016584158352443410e+02
9.036467244135458259e+02
8.920695984744944553e+02
8.980443182192474296e+02
8.984664308899774596e+02
9.036467109724601414e+02
8.944430755140954261e+02
8.930034875556333418e+02
8.988577943613909156e+02
8.826874538943611697e+02
8.970433626652206840e+02
9.107608194098754666e+02
9.034327276704788119e+02
9.091234045068234764e+02
8.991397736866288142e+02
8.990145066046763986e+02
9.083655898757172054e+02
8.905165616722742925e+02
9.047093304856508666e+02
8.926846242973708740e+02
9.047847990712004957e+02
8.861775547131730946e+02
8.932315966947733159e+02
9.028915158214612120e+02
8.962102866229796518e+02
9.123981379286867650e+02
9.014300496409617836e+02
8.976701931565258974e+02
8.991903421843695696e+02
8.815030679912788401e+02
8.888346989836130660e+02
8.961374917636200053e+02
9.021035350859847313e+02
8.961614615107578175e+02
9.009673701682540923e+02
8.921307027034298471e+02
9.034466315389969395e+02
9.069637635835442779e+02
8.887915923685841335e+02
8.965774981840513647e+02
8.895714320483384654e+02
8.954340057782732174e+02
8.917273155293798936e+02
8.954534836879807926e+02
8.960181360580393175e+02
8.803426923657859788e+02
8.991031782519930857e+02
9.025026155684435025e+02
8.797209930956596509e+02
9.020004159957741194e+02
8.935498651059256190e+02
8.898793977352288493e+02
8.927319283124364802e+02
8.830793834682983743e+02
8.906049241151629303e+02
8.902915086648073384e+02
9.055451356880785170e+02
8.917686942766364382e+02
8.965048026699341790e+02
8.956034894207383559e+02
9.030957645978805886e+02
8.897877439775852508e+02
8.831619102805334478e+02
8.835742483980864108e+02
8.946717515479854228e+02
8.868170841393670116e+02
8.908401818299157640e+02
8.890135658571952035e+02
8.938759243961995935e+02
8.943312777088306120e+02
8.937480746425524103e+02
8.827323072712806606e+02
8.801566675993370836e+02
8.867669157504248005e+02
8.920478388787704489e+02
8.839739579651754866e+02
8.852015347592051739e+02
8.898590995302664624e+02
8.964912541767555467e+02
8.928638396991066202e+02
8.929302999271500312e+02
8.618070163638758459e+02
8.880063105129938776e+02
8.904644375813907118e+02
8.855216916943807064e+02
8.770313887874270904e+02
8.838360297301887840e+02
8.742440709371418279e+02
8.875122242210732111e+02
8.779500704272235225e+02
9.005576932347451020e+02
8.960409452506916068e+02
8.767982552528733322e+02
8.903143313929896294e+02
8.969741653109074377e+02
8.788491203656485595e+02
8.753951900522326923e+02
8.774612652177983136e+02
8.828404607858306008e+02
8.806549292572382228e+02
8.717830267880174233e+02
8.693846502296361223e+02
8.845322456944883243e+02
8.766318083225380633e+02
8.644480184114236181e+02
8.688330922786609563e+02
8.946451610951261273e+02
8.827319815492384123e+02
8.740966490206676553e+02
8.667143555862417088e+02
8.612193563749418672e+02
8.693783697003824500e+02
8.719676727851331179e+02
8.837556934939794928e+02
8.781524574041002325e+02
8.888916401389635666e+02
8.815211869260078856e+02
8.857143752282690912e+02
8.996979951438954686e+02
8.785288147611508975e+02
8.700580107594259971e+02
8.782710027125382339e+02
8.666621514541625402e+02
8.921699386923944530e+02
8.679184455351318093e+02
8.740703372918019340e+02
8.656327732478006283e+02
8.785400025987795516e+02
8.636628801036265486e+02
8.661851377029994410e+02
8.847100950322022754e+02
8.753050361407475748e+02
8.729643834964094822e+02
8.531612518531023852e+02
8.738177552962179107e+02
8.764825147592259782e+02
8.784520923608512248e+02
8.606132992375310096e+02
8.747977890472661784e+02
8.732631602477513297e+02
8.767451349462209009e+02
8.645837388426557482e+02
8.671439698703640033e+02
8.721693410342004427e+02
8.712627799619779125e+02
8.622449020067645051e+02
8.780611717692123648e+02
8.642062214300719916e+02
8.627951795922177780e+02
8.603476403810548163e+02
8.651664091731968256e+02
8.612138570192025782e+02
8.795394042974767217e+02
8.731645599176104042e+02
8.688058436913114519e+02
8.685063126253805876e+02
8.602039076810098095e+02
8.877507047449287256e+02
8.518257803495198459e+02
8.674500946662810748e+02
8.575321197507187208e+02
8.741311111816198718e+02
8.606797475392794468e+02
8.773016875411173032e+02
8.692138524092955549e+02
8.654756910906377243e+02
8.630222231901964278e+02
8.719685146109143261e+02
8.567554785684393437e+02
8.711272844852156823e+02
8.755198003862842597e+02
8.502558321427669625e+02
8.659613831314798063e+02
8.787757200403864317e+02
8.709617854776190597e+02
8.617467805585921496e+02
8.709072535040695584e+02
8.755828094995797528e+02
8.675976349535529835e+02
8.641507509039147408e+02
8.415407796631204747e+02
8.668316308506306314e+02
8.588313980666868019e+02
8.583613552510475984e+02
8.623718571926624463e+02
8.356190412919089567e+02
8.627973373108461601e+02
8.620621872374726991e+02
8.546561842997389249e+02
8.700365534344477965e+02
8.556962747809907341e+02
8.602561503584331604e+02
8.624864424852744378e+02
8.582560843455803479e+02
8.728816411020651458e+02
8.638431468414075880e+02
8.612168137983062479e+02
8.465638705437522731e+02
8.544624454926922681e+02
8.589949189031103742e+02
8.586023743454809392e+02
8.578770276882703456e+02
8.669282759747911768e+02
8.563881033426412159e+02
8.444487133019465546e+02
8.695807388290872950e+02
8.387458937081385102e+02
8.536360485564214287e+02
8.659351250563987605e+02
8.566648255483091816e+02
8.375373151030863710e+02
8.378861951702900797e+02
8.612838420894112232e+02
8.432682925595634060e+02
8.678678745849751976e+02
8.424274800506749443e+02
8.567448426887028745e+02
8.412522465026681857e+02
8.508673375008407902e+02
8.469571653286178616e+02
8.666294948820344644e+02
8.647053524313794242e+02
8.407072686915291797e+02
8.418481596589616629e+02
8.398708768565256833e+02
8.473618110775174728e+02
8.475824916078811384e+02
8.477526405218144419e+02
8.567312788457398938e+02
8.478360856220914457e+02
8.654790831441764567e+02
8.614373418217700191e+02
8.500570627686896614e+02
8.374804875434080031e+02
8.326326532755736025e+02
8.620056607711984498e+02
8.571143573027195544e+02
8.662536974848123918e+02
8.453481938249660743e+02
8.446035740200580904e+02
8.564566102086400861e+02
8.498273626784056205e+02
8.547889581697517087e+02
8.532325094237386338e+02
8.508264270234832338e+02
8.433165018337956553e+02
8.464927716656294479e+02
8.611191024780227963e+02
8.565454163632634845e+02
8.617797894906730107e+02
8.566576721650488935e+02
8.422966012572917407e+02
8.423120388675928325e+02
8.489034810636061366e+02
8.559020344966470475e+02
8.324362670907505617e+02
8.518760973440894304e+02
8.368286902793327044e+02
8.467486549963959988e+02
8.564205967045361376e+02
8.455475392744796181e+02
8.477130516121674191e+02
8.353933791669160200e+02
8.376239031436099367e+02
8.446039215955806867e+02
8.540882017351962077e+02
8.380400676119618311e+02
8.361257992991456831e+02
8.301972603181278600e+02
8.569470184850175656e+02
8.456269712667659633e+02
8.436078602898192003e+02
8.407674630819915365e+02
8.469555723596299686e+02
8.288997157804321887e+02
8.290682933408897952e+02
8.503785793779557025e+02
8.413139951952716729e+02
8.522615492625764091e+02
8.317309579366557273e+02
8.405738255344783738e+02
8.527420595296127885e+02
8.369522746589850613e+02
8.464060244050504025e+02
8.469263971467428291e+02
8.359197854454953358e+02
8.333560930875268014e+02
8.310829697261681304e+02
8.226501553759093213e+02
8.269513176218672470e+02
8.430358202275335771e+02
8.434526439986609603e+02
8.228523162098763351e+02
8.351411208258525676e+02
8.290146560616194620e+02
8.322678919652196328e+02
8.448127505038501113e+02
8.273586535685178660e+02
8.271716764235114852e+02
8.462790000952206810e+02
8.365036544449980056e+02
8.360150563164966115e+02
8.401922269338263050e+02
8.212218669423185702e+02
8.362771445729123343e+02
8.264589120413818364e+02
8.253771814385059997e+02
8.295086306218044001e+02
8.376462132206463593e+02
8.269752462013095737e+02
8.278706226757623199e+02
8.336363301099023602e+02
8.434274313776800227e+02
8.254715337575945568e+02
8.215028828923690298e+02
8.217286997922888077e+02
8.360101238420950267e+02
8.181384078599659233e+02
8.241027729848211720e+02
8.175614882027822432e+02
8.289023562068441606e+02
8.317203030089912090e+02
8.178564542218264251e+02
8.210855909080096353e+02
8.430041925380010071e+02
8.161576130082535201e+02
8.241139557106498614e+02
8.135020093481987260e+02
8.268565865672655946e+02
8.415907564947073070e+02
8.202249499677218409e+02
8.336754015045449933e+02
8.344953135668187088e+02
8.251756974254690249e+02
8.392424010659544820e+02
8.099282562954348350e+02
8.374227967102215189e+02
8.309861103936445943e+02
8.281980024131643177e+02
8.172965397701060510e+02
8.224524702472772333e+02
8.239798871128001565e+02
8.214088680076469018e+02
8.169728781929570687e+02
8.304628723300786532e+02
8.150631032750063696e+02
8.188618579348886897e+02
8.045670147664736760e+02
8.320241655009633632e+02
8.245675524632744100e+02
8.173104604848009558e+02
8.237198887239289888e+02
8.360599944474831773e+02
8.194490109172405710e+02
8.383728334063710008e+02
8.105347168019676474e+02
8.188500190430231669e+02
8.105858931022205525e+02
8.110244295178216589e+02
8.116516317611190061e+02
8.121940479883908210e+02
8.318303716048474143e+02
8.097669223147629509e+02
8.065538911120097509e+02
8.157399687442165259e+02
8.287408416489787442e+02
8.373551999049776668e+02
8.274283907151020685e+02
8.061152898103459847e+02
8.262460128835348314e+02
8.124133250175564172e+02
8.178522699586357021e+02
8.239868005388277652e+02
8.240368576253584934e+02
8.157799215020095289e+02
8.071587582604404361e+02
8.132970379703033359e+02
8.185891858282307112e+02
8.199351463241985130e+02
8.155594979438134260e+02
7.958252829824530181e+02
8.126076265128244813e+02
8.146444360652549221e+02
8.128099155803471376e+02
8.214797213090346304e+02
8.144264093072714559e+02
8.067619350739668107e+02
8.255711742540042906e+02
7.940901690279731611e+02
8.007440884778521877e+02
8.142742258952233669e+02
8.045672744429776913e+02
8.022016169868542192e+02
8.158885914321127757e+02
8.190017186901811783e+02
7.977743164610469648e+02
8.067639798830293785e+02
8.138397149492691369e+02
8.135619128249178402e+02
8.145867997601188790e+02
8.183796075248276338e+02
7.979730218477910739e+02
8.048392629642497695e+02
8.103498104197747125e+02
8.130536643414743594e+02
8.179975853810383342e+02
7.955133531035444321e+02
7.997566198374750002e+02
7.868286003083610467e+02
8.124756034402579417e+02
7.966254043137278131e+02
8.187908949261582165e+02
8.051261930224522985e+02
8.123879675318361251e+02
7.887260475508657009e+02
7.820839927318406808e+02
8.007404959436463514e+02
7.959519818057528937e+02
7.993764936961603098e+02
8.057105170413340147e+02
8.088352121597613404e+02
8.004240689046007446e+02
7.968952012197871682e+02
7.962837158952655727e+02
8.049542323500065777e+02
8.022941906644373375e+02
7.903693837831515339e+02
8.038408113924235749e+02
8.052839406492772696e+02
7.944981260523157971e+02
7.815298048037958552e+02
8.036464235755853451e+02
7.965404961798483328e+02
7.998201157450981782e+02
7.903204303261097721e+02
8.025080150731660069e+02
8.053040827676102253e+02
7.930514122188766351e+02
7.938402860778884360e+02
7.771502655765084455e+02
7.914690514151338903e+02
7.816020609604274796e+02
8.005880229015285749e+02
7.769990330459588677e+02
7.781019402899953548e+02
7.971116993875693879e+02
8.012916215299055693e+02
7.823531401048217049e+02
7.810395521909410945e+02
7.852492308897799376e+02
7.981747939274214332e+02
8.046894497813977978e+02
8.044596355950410498e+02
8.051616140191213162e+02
7.881572942351643860e+02
7.812927529575104018e+02
7.938406426252856818e+02
8.001153374218904446e+02
7.914252271857191090e+02
7.900125224715732202e+02
7.841305163094015143e+02
7.929050278052417298e+02
7.751041156602910860e+02
7.762259964357965600e+02
7.786164106853154863e+02
7.877333238547762448e+02
7.985897848626675568e+02
7.808504107123212634e+02
7.950691986742790505e+02
7.907964394530536083e+02
7.845704849292513927e+02
8.012679516257519481e+02
7.772156051831675541e+02
7.838185054420764573e+02
8.002459068160655988e+02
7.930281021859863131e+02
7.929443876445791375e+02
7.948285521489192433e+02
7.998538266824323273e+02
7.789220028797245732e+02
7.771668819397359584e+02
7.928644611002330294e+02
7.818293099634797727e+02
7.818538636681391836e+02
7.919307643052979984e+02
7.739048389616680197e+02
7.912576475781675072e+02
7.702983075785843994e+02
7.964121406805107881e+02
7.868745177193284235e+02
7.843044087583177770e+02
7.834435577619537980e+02
7.902765847236801164e+02
7.671145917629327187e+02
7.841332072223945033e+02
7.760093839950595793e+02
7.913239114675602650e+02
7.825283407758162184e+02
7.684132881975713190e+02
7.825108140222931752e+02
7.741100957421681414e+02
7.838478259118608094e+02
7.831257520858101771e+02
7.875048924007835467e+02
7.815439944444742650e+02
7.823614053208164023e+02
7.704041533963962820e+02
7.799395938499988006e+02
7.618154969549322004e+02
7.651126083891531380e+02
7.791792441522245554e+02
7.550843677971189436e+02
7.785160638116952896e+02
7.784124937568527685e+02
7.797839773815827584e+02
7.713595865979281143e+02
7.812351916873774371e+02
7.817807366638559188e+02
7.593705790082590283e+02
7.729955316869929902e+02
7.584184716841986074e+02
7.749642619730144588e+02
7.721848620495370596e+02
7.620425296149393262e+02
7.556199592448624571e+02
7.649728438346853636e+02
7.503171012011216590e+02
7.791514622144482018e+02
7.640707953379472883e+02
7.715064992780210105e+02
7.609869894423150072e+02
7.610500630599319720e+02
7.694078581965026160e+02
7.642998565782917240e+02
7.715261828968230020e+02
7.637122935429861172e+02
7.828255918925447077e+02
7.495866198924080663e+02
7.747267397591658664e+02
7.709318795663360788e+02
7.938734223994060812e+02
7.653715821409723503e+02
7.516925762583820188e+02
7.675716268998645546e+02
7.747503068502410315e+02
7.613632152090767704e+02
7.654331264563193145e+02
7.757945680505993096e+02
7.698648175851933502e+02
7.713165841032457593e+02
7.517758683787398013e+02
7.642578515691533312e+02
7.603718094269536323e+02
7.586174541503437467e+02
7.766403773235011840e+02
7.518403549248866966e+02
7.640860933237163408e+02
7.430370896652507327e+02
7.568113146082304183e+02
7.671025276036245941e+02
7.510582788006801138e+02
7.734050335819206339e+02
7.512989891005904610e+02
7.643143047151672818e+02
7.614453011707704491e+02
7.559492969485825142e+02
7.568895916410185691e+02
7.619687603170259536e+02
7.465866500374447696e+02
7.458363955167585573e+02
7.515138710469493617e+02
7.528041685788803079e+02
7.609133374199391255e+02
7.675131671618737528e+02
7.559730301001122825e+02
7.527322966953136074e+02
7.474274369472760782e+02
7.547267871450654866e+02
7.539509380397573750e+02
7.514637284044478065e+02
7.504894687159377327e+02
7.475385748325130635e+02
7.504055782148873277e+02
7.472102137042253389e+02
7.533892681990570281e+02
7.460532029480091296e+02
7.552479199903904146e+02
7.592715417024992348e+02
7.563897587163663729e+02
7.382006565774667024e+02
7.678772062990203722e+02
7.535436626997401390e+02
7.429676552267374063e+02
7.467761164664373155e+02
7.484303186270246897e+02
7.529072746185438518e+02
7.342467509253036724e+02
7.514157627629276703e+02
7.600925431006899089e+02
7.420021593767701233e+02
7.489817543484366524e+02
7.442549918030066465e+02
7.404830196820734045e+02
7.407865541630601456e+02
7.477417870095727039e+02
7.467413213267531091e+02
7.518803657136625134e+02
7.468331804871463646e+02
7.500160552718990630e+02
7.482007669354226209e+02
7.498573176250164352e+02
7.444874349038477703e+02
7.476280828586751568e+02
7.418537905019912841e+02
7.354377138459772141e+02
7.349725911437153627e+02
7.437841937998367712e+02
7.476118536104385157e+02
7.386852519471260621e+02
7.347566065199832792e+02
7.264368525272627721e+02
7.474428482690706232e+02
7.427781026249081151e+02
7.398135467311714137e+02
7.486028281988930075e+02
7.358764295783437319e+02
7.321696396811582872e+02
7.212174349590513884e+02
7.473908123554638223e+02
7.327208610285455279e+02
7.314445195785192482e+02
7.508306665167673373e+02
7.125724820077108461e+02
7.322299096149947673e+02
7.291616242900172438e+02
7.292723298158583702e+02
7.302125880974632537e+02
7.365719219911696882e+02
7.429253893314719335e+02
7.407004066290867286e+02
7.352135863907046769e+02
7.376930040098106929e+02
7.348295518987634978e+02
7.366398746806428335e+02
7.448972914830292211e+02
7.415300610895417321e+02
7.193494778804872567e+02
7.234339933154850542e+02
7.346242498344971636e+02
7.440473466520811598e+02
7.208907271659948037e+02
7.312239346255425971e+02
7.212900603656255498e+02
7.176523113810010273e+02
7.306478128733308495e+02
7.218657041934803829e+02
7.409891612357810118e+02
7.313874371392694229e+02
7.244969797403887242e+02
7.263724417220371379e+02
7.219923185711360247e+02
7.283195008171082918e+02
7.306813193980249252e+02
7.183604540194262427e+02
7.415061492284985434e+02
7.153778037662477800e+02
7.286206075215162628e+02
7.224189567934922707e+02
7.303604579507656354e+02
7.265953249046636984e+02
7.236993025073257968e+02
7.200065748261083627e+02
7.120290734593949082e+02
7.234814487277733406e+02
7.299852948823458973e+02
7.258361177439893481e+02
7.180059311364344694e+02
7.042058370514556600e+02
7.041562243244535466e+02
7.201139160711284148e+02
7.360838667187000510e+02
7.045427983488322070e+02
7.259456345683049676e+02
7.398257147138276650e+02
7.107924310337486986e+02
7.205061829070097019e+02
7.050740186218985173e+02
7.080930608941139326e+02
7.317016697722784784e+02
7.198982835355441239e+02
7.085758220589652865e+02
7.198276302889167937e+02
7.191466195314163770e+02
7.049794102198534347e+02
7.117195489815117071e+02
7.051406074092701601e+02
7.134370214900743576e+02
7.095942522212241101e+02
7.007246089456122036e+02
7.344954304134829499e+02
7.198584399034908756e+02
7.031028834898215791e+02
7.231260938158048930e+02
7.072780058167281823e+02
7.103683604974856962e+02
7.229210343452266443e+02
7.140455994932787007e+02
7.044901311260937291e+02
7.086656254231561434e+02
6.965095973179454631e+02
7.186250005979098887e+02
7.167638362992963721e+02
7.045142965590108588e+02
7.014021836807305590e+02
7.065440624268183001e+02
7.046200073307370531e+02
7.152721846142843560e+02
7.110217483388048549e+02
7.218828964959634504e+02
7.135220097539684048e+02
7.033867779921996544e+02
6.915306504279537876e+02
7.124215849710138855e+02
7.030189377982649148e+02
6.983517194789009181e+02
6.995141120080758128e+02
6.985897349465228672e+02
7.135036787261640256e+02
7.242287282128907009e+02
6.848880512805427543e+02
6.922453659578918632e+02
6.931932703816100911e+02
7.016470567686127424e+02
6.831710205700628649e+02
7.033571326134040191e+02
6.965235123877660044e+02
6.959761582690558726e+02
7.062338291062303597e+02
6.952501604146452792e+02
6.952285363503492590e+02
6.863805371430854620e+02
7.088525980352050055e+02
7.245064724765883284e+02
6.802004162371774783e+02
6.899583000839431861e+02
6.864502171477083721e+02
6.824932350977126134e+02
6.943682457280320932e+02
6.832670163596415023e+02
6.828763316108581876e+02
6.922589585304967841e+02
6.844614086050430615e+02
7.118428923488074815e+02
6.858846065106027936e+02
6.816442162056032430e+02
6.884244425833571768e+02
6.818878925171914034e+02
7.033962408633450423e+02
7.093747494297288085e+02
6.885831753155512160e+02
6.967850381815347873e+02
6.874079170072157012e+02
6.888658344510970437e+02
6.835445401441547801e+02
7.050503490532845490e+02
6.927792155830088632e+02
7.018850749318175986e+02
6.816052438192197087e+02
6.978105563875517419e+02
6.769939570806689062e+02
6.824085721964370350e+02
6.998868340104872914e+02
7.032622668786925715e+02
6.851370082211973340e+02
6.971222029894712477e+02
6.905915744869798800e+02
6.862714825427760843e+02
6.833333639980335192e+02
6.735663187556144749e+02
6.766696295793270792e+02
6.917948302078075358e+02
6.754283472160699375e+02
6.706181661290175953e+02
6.909533828894600447e+02
6.819834089652497369e+02
6.937080147009046414e+02
6.778396769749207351e+02
6.791970669169477333e+02
6.881564087108173453e+02
6.769402241517578886e+02
6.654929150471353978e+02
6.695158349984778852e+02
6.628022432182979173e+02
6.874882131749391192e+02
6.712294500476360781e+02
6.948704697693002572e+02
6.958411930644210770e+02
6.755823375222128107e+02
6.891281956865593656e+02
6.794185035537691419e+02
6.726072740623146728e+02
6.816154308073812444e+02
6.833125400943780505e+02
6.771625133480964678e+02
6.668309384535921254e+02
6.654103759660193873e+02
6.673850298577358444e+02
6.773507717234746224e+02
6.815245573720528682e+02
6.764260075805370889e+02
6.760123466057420956e+02
6.733404638229918646e+02
6.708022562433608300e+02
6.691463379972698249e+02
6.717028445341694578e+02
6.599571983494943197e+02
6.626819164181709993e+02
6.684988141798056631e+02
6.861712298357563213e+02
6.761458598270669427e+02
6.777280893744887180e+02
6.668345771446113304e+02
6.750407314261140073e+02
6.697451311314059694e+02
6.670745235617321214e+02
6.638508901595740781e+02
6.662529934688523099e+02
6.756178653567164929e+02
6.824551442546114686e+02
6.597261790228724294e+02
6.695339671734523108e+02
6.726107668469645660e+02
6.592104952351952534e+02
6.656311101363537546e+02
6.700845830186303829e+02
6.395133211745144308e+02
6.555626013928676912e+02
6.744247257934525805e+02
6.447696648651516398e+02
6.676438306816510249e+02
6.555712467907083010e+02
6.364500149273676470e+02
6.641887964034979177e+02
6.659040650023258650e+02
6.581536581855010581e+02
6.590629605877450103e+02
6.454070937872623972e+02
6.572265563963322847e+02
6.608810659412970381e+02
6.559018966186697526e+02
6.749608837115919187e+02
6.626178243381455104e+02
6.625362039996616659e+02
6.482144926786563701e+02
6.448420137050413814e+02
6.449229504000354609e+02
6.619174231583530172e+02
6.536796542963010097e+02
6.529972453576051521e+02
6.647516268277220206e+02
6.609125762867495268e+02
6.551308197755208766e+02
6.547583892491289816e+02
6.470304368055568602e+02
6.395758486903808944e+02
6.632377922388695879e+02
6.407459518243423418e+02
6.505598069181128267e+02
6.415674258948978377e+02
6.486723637383847745e+02
6.470644220608193109e+02
6.718002832325303189e+02
6.577845250242130533e+02
6.627050389624528179e+02
6.515841985013399835e+02
6.581162402638748290e+02
6.403601138733773723e+02
6.462973426250542843e+02
6.377120194444472645e+02
6.481152047741896922e+02
6.550091151224007717e+02
6.496323550092747610e+02
6.332599178758931657e+02
6.319968019175282734e+02
6.368033293111134299e+02
6.279001399460145194e+02
6.366927490451485028e+02
6.433272537376548144e+02
6.387677227321523787e+02
6.405665268015443417e+02
6.470669095748530708e+02
