9.209519150080100189e+02
9.308809381596086041e+02
9.201148708477873015e+02
9.222638165757701927e+02
9.201351027815331918e+02
9.333198983958995996e+02
9.128673605016413148e+02
9.196493015186163120e+02
9.197604966453228599e+02
9.246646492497789040e+02
9.377486833463204903e+02
9.245194295895812502e+02
9.217159147683560150e+02
9.335516366189166320e+02
9.350546553151687021e+02
9.078812584846276650e+02
9.130573028355019005e+02
9.051869905542150718e+02
9.291295858891925263e+02
9.327532758787602916e+02
9.313768223298402518e+02
9.275152126932965757e+02
9.129115656513300792e+02
9.350834985492937221e+02
9.157511372347632914e+02
9.365954129627599514e+02
9.248330040804349892e+02
9.212150606509341060e+02
9.283631208301584365e+02
9.234702920191965632e+02
9.282635498381475827e+02
9.201997280876855712e+02
9.231851852675023338e+02
9.167195573048079495e+02
9.158590916211541071e+02
9.269124261805708329e+02
9.178075261734776404e+02
9.293756604928491925e+02
9.285693625545496843e+02
9.240437519195529603e+02
9.253171334644654280e+02
9.180687267833422993e+02
9.165960127487688851e+02
9.218920904656451967e+02
9.308639088051118051e+02
9.337248025204065698e+02
9.265788624569634067e+02
9.222311976013278354e+02
9.224084000489110622e+02
9.415709043401869849e+02
9.278274251650185533e+02
9.214048164197098458e+02
9.360513520062381758e+02
9.264047168948970921e+02
9.252199993592790861e+02
9.278073315078760288e+02
9.343508192526805942e+02
9.338306327502925797e+02
9.249960315168775651e+02
9.372557036808506155e+02
9.279809163484295595e+02
9.122290198607202001e+02
9.302055618851696863e+02
9.237840038122473061e+02
9.283080188479033268e+02
9.293544568979936003e+02
9.278010707970108797e+02
9.305264280784925859e+02
9.347979694910897024e+02
9.323100016930515039e+02
9.314000229896006431e+02
9.316882793268720206e+02
9.589117044761769648e+02
9.291951544819746687e+02
9.412347514817984120e+02
9.354806565738189192e+02
9.409720289394233532e+02
9.366264458972483453e+02
9.335801249081857804e+02
9.189670040061826057e+02
9.334169925244191290e+02
9.434809749233706953e+02
9.343357905324612602e+02
9.459580405018668898e+02
9.430564774505777450e+02
9.302032373047570672e+02
9.411256573012522040e+02
9.356245324323442674e+02
9.415631251502535406e+02
9.192028310950399828e+02
9.207162263148211423e+02
9.402141252128903943e+02
9.453643286912044914e+02
9.388588180519903972e+02
9.326668387238119067e+02
9.486447890590992529e+02
9.364021756639119758e+02
9.218522933873442753e+02
9.190662570147673023e+02
9.262564694364151592e+02
9.410849963754203600e+02
9.200590305441403416e+02
9.405839536103663931e+02
9.274375777570503487e+02
9.398546532065500969e+02
9.468950330509034075e+02
9.341750928462530510e+02
9.315248885500292317e+02
9.355085805669924639e+02
9.565345672815084299e+02
9.410295473068827050e+02
9.432493474949712891e+02
9.337289124745915387e+02
9.409286857427233599e+02
9.223956113836150053e+02
9.370569476609590538e+02
9.244124661463988559e+02
9.327094667779811061e+02
9.569631578771044360e+02
9.409666211847237491e+02
9.434272852122139739e+02
9.324055230111977153e+02
9.509361219289286282e+02
9.492214517649090340e+02
9.403189863221250562e+02
9.365390113073985958e+02
9.385853334495756144e+02
9.535920952992008779e+02
9.406088059484125097e+02
9.426241153071022154e+02
9.516034235186773458e+02
9.367888738029199658e+02
9.507338785189770078e+02
9.420419082458819275e+02
9.437785999623836233e+02
9.425731373156809241e+02
9.345133544812377977e+02
9.519715796306576294e+02
9.465896321161150126e+02
9.555387164819931058e+02
9.672809308101437864e+02
9.383775577005426385e+02
9.354775757376568208e+02
9.425161118545950103e+02
9.320649485832826713e+02
9.426935476106958731e+02
9.457384520334125000e+02
9.444784461344066813e+02
9.493684053361952238e+02
9.400233018595539534e+02
9.506045472206160412e+02
9.461591599301123097e+02
9.491144280735924212e+02
9.307077957242679531e+02
9.381794840733372212e+02
9.525278737435414769e+02
9.468397576662556503e+02
9.472736137152317042e+02
9.532083116982938691e+02
9.478468877950119804e+02
9.332467234378210605e+02
9.551894498767235291e+02
9.522762025158723418e+02
9.427075918292670167e+02
9.460689986534814579e+02
9.536800750515016034e+02
9.458611848065513641e+02
9.580783498313825248e+02
9.367308069898253962e+02
9.400824674728921764e+02
9.283802826307090754e+02
9.472983823978833016e+02
9.605120341043345888e+02
9.488664521824680378e+02
9.530899814677069344e+02
9.592376908504485300e+02
9.525878235579797320e+02
9.514168545117901203e+02
9.569698823182146725e+02
9.381620728608259014e+02
9.578440950487590726e+02
9.648658055360095886e+02
9.713418240707962923e+02
9.540468569082341901e+02
9.522969701269742018e+02
9.473707454255728635e+02
9.616140501007752164e+02
9.665564484268666092e+02
9.672641185199817073e+02
9.558455566573329634e+02
9.683741937873796815e+02
9.443173165936220812e+02
9.491583080986061987e+02
9.392529229970834876e+02
9.501464563512023460e+02
9.589637746211089961e+02
9.530151919817735688e+02
9.514606216904230678e+02
9.651999775401541228e+02
9.463080030030473608e+02
9.561493704208387499e+02
9.445072525462497879e+02
9.617702434994865826e+02
9.665979096565069995e+02
9.446669498732189822e+02
9.817435289992354228e+02
9.541809707504743301e+02
9.614640844280941110e+02
9.508376942996990238e+02
9.474937679562062840e+02
9.490880571689808676e+02
9.718878521536855715e+02
9.554841802339135484e+02
9.577346346299024162e+02
9.604879570158497017e+02
9.541048994298078014e+02
9.497431750597891096e+02
9.677973694649530216e+02
9.568536282326798528e+02
9.571310961616673012e+02
9.619898461950851924e+02
9.514768166750129694e+02
9.650355418540825667e+02
9.504550532771288545e+02
9.653830280367565138e+02
9.520072310075611313e+02
9.614281471840893118e+02
9.591974420254347251e+02
9.566321795223130948e+02
9.408100875357964696e+02
9.617441310110021959e+02
9.750800688331520405e+02
9.523308304186788291e+02
9.623913439129885319e+02
9.631181686671700390e+02
9.859268189064367789e+02
9.544980681302492940e+02
9.501081834803742368e+02
9.526646519063614278e+02
9.548647213076719709e+02
9.512151793909312119e+02
9.545045597634021988e+02
9.700353441389011095e+02
9.627936901353906478e+02
9.762083821206142602e+02
9.535831966861968567e+02
9.682980297653360822e+02
9.659307530056886435e+02
9.586725089204933283e+02
9.666251119583736227e+02
9.815649989344243522e+02
9.673615429050007606e+02
9.544534267135130676e+02
9.697488281812273954e+02
9.600066622783693902e+02
9.723547753702912360e+02
9.600174695424848323e+02
9.648189726275470548e+02
9.658329103077109039e+02
9.705366428836457544e+02
9.719265252078369031e+02
9.819516749958079345e+02
9.854551436734593608e+02
9.730387884016472526e+02
9.698375433063392848e+02
9.537044558635736848e+02
9.546310777861103816e+02
9.746500910964400646e+02
9.702636248392936977e+02
9.816288268739830301e+02
9.659180952605054244e+02
9.539599336337598743e+02
9.813335204447257638e+02
9.579648162764075323e+02
9.660398105416346652e+02
9.805660443248464162e+02
9.771159640185962871e+02
9.861845225361192888e+02
9.766274144085678017e+02
9.650787759147463021e+02
9.872472707446578397e+02
9.605049600072264866e+02
9.625012766469097869e+02
9.672367907131109632e+02
9.845603829519319561e+02
9.696903433012145115e+02
9.676410027545038020e+02
9.724630067040567383e+02
9.709021987389276092e+02
9.698454528151879686e+02
9.486495310220267356e+02
9.741022811039332510e+02
9.656050062415491766e+02
9.724890562273046726e+02
9.693469871354541283e+02
9.883827079241764295e+02
9.750788644464960271e+02
9.869413907907536441e+02
9.687187618811444736e+02
9.878511449345340907e+02
9.669154522596938932e+02
9.789156585900099117e+02
9.789353306890525346e+02
9.687601884836479940e+02
9.737376300326545788e+02
9.834249780728356427e+02
9.812719208330929632e+02
9.807702442605741453e+02
9.867867555693612758e+02
9.850853694902386906e+02
9.935652721025808205e+02
9.775274468192944823e+02
9.697955853977376819e+02
9.823664602051147767e+02
9.655914729041032842e+02
9.917931803420045753e+02
9.838537218391229544e+02
9.747269186050082226e+02
9.926823801859865171e+02
9.765508906407940231e+02
9.704642326628251112e+02
9.786934735251383017e+02
9.759468880407146116e+02
9.873911071533448194e+02
9.823661665871379682e+02
9.779403504099914244e+02
9.759360483499630163e+02
9.958713204414835900e+02
9.852534740050368782e+02
9.718835277405621582e+02
9.978380467298911753e+02
9.784921871438980361e+02
9.830478598079847643e+02
9.931352337319668777e+02
9.915748658992223454e+02
9.829947672620036201e+02
9.953584992316332318e+02
9.776783002577517436e+02
9.922230592936323319e+02
9.811432758571708064e+02
9.924994535783137053e+02
9.986305019464538191e+02
9.837423512981499698e+02
9.820692772303522133e+02
9.928268663026439071e+02
9.834293276080637725e+02
9.961869158121858163e+02
9.865404981622750711e+02
9.615497758503558998e+02
9.948904014958330890e+02
9.865130958411535858e+02
1.012222223247457350e+03
9.991455241153710176e+02
9.824327506187620429e+02
9.895521266705662811e+02
9.884483759218226169e+02
9.957050600045837427e+02
9.855135372526096944e+02
9.804287511337951173e+02
9.756044607606567070e+02
9.961746895862679594e+02
9.927007591181002226e+02
9.835762569715822110e+02
9.746598111489959138e+02
9.946051475004084068e+02
9.824504647588088346e+02
1.000898986015630953e+03
9.985814602275601146e+02
9.844773500450450001e+02
1.011264731203884139e+03
9.946087545182260783e+02
9.929653491454855612e+02
9.908851273458021751e+02
9.705507010155544094e+02
9.949673946324995768e+02
1.003672516191013187e+03
9.786824919037533164e+02
9.850761312784622987e+02
9.789932382870199490e+02
9.991816023917788243e+02
9.801976987809089223e+02
9.853153554889405541e+02
9.903844518535993302e+02
1.004276535904606817e+03
9.751725777457899085e+02
9.967104241339764030e+02
9.891104899610079428e+02
9.905594486674604013e+02
9.956323429459948784e+02
9.984175482927648773e+02
9.828114459465039090e+02
9.971507345593071250e+02
9.942775379275120713e+02
1.002240376105585597e+03
9.921242141273006609e+02
1.001189877594184168e+03
1.003558528491581342e+03
9.958597329640400631e+02
9.961741158041502331e+02
1.004393521316737065e+03
1.003546820464322309e+03
1.001633121258574988e+03
9.930181039711741278e+02
1.011703174562153777e+03
9.890217541239811680e+02
9.999304450458218980e+02
9.925414024647307087e+02
9.939667352289951623e+02
9.955139339866921091e+02
1.005537726884195081e+03
1.008379587082417288e+03
1.001891590056149198e+03
9.945480144859621987e+02
1.002239493092123439e+03
9.961269554127081847e+02
9.820123679206750467e+02
9.995910380764814818e+02
9.984378549227287749e+02
9.932945644553118427e+02
1.006134192649243232e+03
1.005932354305835133e+03
1.023579571897657615e+03
9.937966340173002209e+02
9.938001771982368382e+02
1.009226842712251596e+03
1.000626148162541426e+03
1.021049882389387676e+03
9.959870830105828645e+02
9.973108318536457091e+02
9.894138504105338825e+02
1.012174956285227950e+03
1.006036001332574529e+03
1.006717564159580320e+03
9.946259094018985252e+02
9.964562666482316899e+02
1.008275179281334772e+03
1.000854561680746656e+03
1.000658597917040879e+03
1.001170501572917146e+03
1.000254894461782101e+03
9.897278571918684520e+02
1.004734002300712632e+03
9.913145567667984324e+02
1.021832505311588875e+03
1.008288041281239089e+03
9.935237479644382574e+02
1.015477767338514468e+03
1.000741328619845490e+03
1.006845773067756227e+03
1.005817675747566568e+03
1.018621210370780773e+03
9.927823649388760714e+02
1.020333936391200609e+03
1.004814915343490838e+03
1.011577716031790828e+03
9.976190995506836998e+02
1.021475576501203477e+03
1.026895043086047508e+03
9.964138561117975996e+02
1.019358251906429928e+03
1.008839777435804763e+03
1.018821207529079174e+03
1.003277768013030823e+03
1.009212076918171988e+03
1.033842062519291858e+03
1.017276949087527896e+03
1.015943913869233597e+03
1.024010622427958197e+03
1.016844236971920054e+03
1.010757565362471269e+03
1.013243294263910229e+03
1.003694914105840439e+03
1.000646283432581640e+03
1.004663985146663208e+03
1.028254308879858854e+03
1.008796315603652715e+03
1.021908645025621809e+03
1.026950038063926513e+03
9.993251014310453684e+02
1.016334699226007274e+03
1.012799252180087024e+03
1.021525198663968013e+03
1.003848547179603543e+03
1.014649698112225110e+03
1.020942827568793064e+03
1.014687982443300029e+03
1.030307022107887633e+03
1.004919228013067141e+03
1.015294835040238468e+03
1.025026061047206213e+03
1.002169628388136857e+03
1.007385291724487161e+03
1.025143949817837438e+03
1.019589471041859383e+03
1.016425493956995751e+03
1.015332914016624841e+03
1.016798374555729424e+03
1.015985766142653915e+03
1.030587226241374537e+03
1.018152563852086132e+03
1.017195983022026212e+03
1.027300814832606420e+03
1.006214921570089814e+03
1.009543342040230073e+03
1.022666373977737408e+03
1.019439377510437680e+03
1.019273313581296748e+03
1.002539813863690938e+03
1.013340368958507383e+03
1.000407273656883262e+03
1.019076344798455921e+03
1.023737281915550284e+03
1.036118083140661838e+03
1.013352909019450408e+03
1.011794115964972548e+03
1.023454989630288082e+03
1.013654663777103792e+03
1.018328555397539390e+03
9.998904455563110787e+02
1.011300837119094126e+03
1.024920409266136403e+03
1.029533074927613370e+03
1.028408856517082086e+03
1.008728638877060689e+03
1.018440136783995740e+03
1.032957989076680406e+03
1.023081599178476381e+03
1.024736666504319373e+03
1.027602910726119489e+03
1.026954102891708999e+03
1.037910224407411079e+03
1.024059530527261813e+03
1.006777775163566048e+03
1.027832174640888752e+03
1.030164396236454422e+03
1.032456375880736005e+03
1.047560275408156485e+03
1.045616110267478234e+03
1.020807283107426770e+03
1.024399032427168095e+03
1.034425275353182769e+03
1.045613637725754188e+03
1.031360730044703359e+03
1.023146524776051820e+03
1.043249199348299271e+03
1.043615533471291883e+03
1.037706030358588578e+03
1.025944316612994953e+03
1.037387304419707107e+03
1.034764835384920161e+03
1.029436857035667799e+03
1.016880395867044854e+03
1.030152976823107565e+03
1.018858611688688597e+03
1.040151893272094640e+03
1.023008392693748192e+03
1.018012167201822649e+03
1.029503388316833707e+03
1.042707008530184794e+03
1.050207902060515153e+03
1.031746898350267656e+03
1.042935600767160850e+03
1.027326944883045599e+03
1.035540093991226286e+03
1.043759632047729610e+03
1.035009873520594510e+03
1.030804565270969761e+03
1.041102719841446287e+03
1.024789995263718993e+03
1.021613279127741635e+03
1.033689237441807336e+03
1.025307835529319846e+03
1.025040317746678511e+03
1.025424084733215750e+03
1.032792849799255691e+03
1.018425810489953165e+03
1.026722829647144181e+03
1.034185915400923250e+03
1.040657909539919956e+03
1.028842947709021473e+03
1.027987475826822219e+03
1.045022976404963174e+03
1.045448310250877057e+03
1.025642926603189153e+03
1.032337275434671255e+03
1.025391377051674908e+03
1.027241118863866404e+03
1.045382649440322893e+03
1.041278223011948967e+03
1.016572962480933484e+03
1.040315093234911046e+03
1.050319412778431570e+03
1.047359794264132461e+03
1.029969790880115852e+03
1.048799374196102690e+03
1.043667974042662991e+03
1.053711174263687099e+03
1.048455524355826356e+03
1.044032154786018509e+03
1.033296181716734054e+03
1.050899382678026541e+03
1.019308043184385156e+03
1.041233474954794929e+03
1.027167882337426818e+03
1.033469015132892309e+03
1.048570668287048875e+03
1.032033456181251950e+03
1.044256269138333664e+03
1.049302213206191482e+03
1.051871201403321720e+03
1.046645169959286932e+03
1.042687310507933262e+03
1.034347374634387052e+03
1.054268277686276861e+03
1.059707284802106415e+03
1.042705558884342281e+03
1.039705295849221557e+03
1.033070454574787846e+03
1.038393648994527666e+03
1.038936265332687299e+03
1.039576238742348778e+03
1.055549303842803965e+03
1.054817912063953827e+03
1.047760153205489132e+03
1.051448045695593009e+03
1.039314740950129362e+03
1.037951244748432373e+03
1.057535303805158264e+03
1.050816188680653568e+03
1.054146260758701601e+03
1.047569976776345584e+03
1.039176850154144404e+03
1.044109871678777608e+03
1.061640259719766618e+03
1.034861670809198813e+03
1.044459799907931483e+03
1.049841391177172227e+03
1.048829481807799084e+03
1.054719140389813674e+03
1.035453328830658393e+03
1.054735571037606405e+03
1.054944726668038584e+03
1.061410531431158461e+03
1.043537593061080543e+03
1.058264890196626538e+03
1.049901158625456674e+03
1.044758627762554170e+03
1.045538551092249236e+03
1.032891555443919287e+03
1.051020941202258427e+03
1.055969807780472593e+03
1.046461996768405697e+03
1.039538801100665978e+03
1.061094110953202517e+03
1.052429573309181478e+03
1.051057450492278122e+03
1.042066114643972696e+03
1.059655210276828029e+03
1.044779252424412562e+03
1.044762162268091970e+03
1.037722373240946581e+03
1.058451934393071724e+03
1.055830015968082535e+03
1.054418973512612865e+03
1.059593730309710736e+03
1.059229808155470892e+03
1.057576108935999400e+03
1.049080070283896021e+03
1.060584898330990427e+03
1.061434103115577727e+03
1.065494826059293018e+03
1.062269685736490828e+03
1.037756112372548614e+03
1.054686480710461183e+03
1.058381992102651793e+03
1.071356397727861804e+03
1.060157230715598871e+03
1.061638833632090382e+03
1.076586657509840961e+03
1.056536518503834031e+03
1.047461380349343244e+03
1.054710801343053163e+03
1.064809233619607539e+03
1.062659873376061341e+03
1.075812814919705716e+03
1.065462036200834063e+03
1.062865342032354874e+03
1.064738482067049063e+03
1.063313849655230797e+03
1.072037226547684668e+03
1.062586871037795845e+03
1.067208055354198223e+03
1.065477569619040878e+03
1.064974817099071743e+03
1.050207457517935836e+03
1.077059099546250536e+03
1.080194747919061683e+03
1.069653174938113352e+03
1.062977492781196361e+03
1.064622992705211800e+03
1.064107372594569824e+03
1.069649210052300987e+03
1.050838811159748275e+03
1.050350693525735778e+03
1.063369392157294214e+03
1.071582072504728785e+03
1.075195635462655900e+03
1.075775785187113343e+03
1.062913869029807756e+03
1.074502224236518941e+03
1.063018182830028991e+03
1.073820084830272208e+03
1.058168618507258543e+03
1.054680460248490590e+03
1.049153569091866302e+03
1.070817487429655330e+03
1.077164538836439988e+03
1.062458992735231732e+03
1.068483348687069338e+03
1.072254318468207202e+03
1.066174525510351486e+03
1.063350777683142496e+03
1.078669587855794134e+03
1.062167818192776394e+03
1.064739790975315600e+03
1.065449894774364566e+03
1.075054955103688371e+03
1.061491512682554458e+03
1.083918822012878991e+03
1.060930721623221643e+03
1.073047537138903408e+03
1.084755954922052751e+03
1.062542784884905814e+03
1.076462390013677577e+03
1.079445427874810321e+03
1.075558033414929241e+03
1.087130528089282961e+03
1.075697938034807294e+03
1.072095478236772806e+03
1.078986386040787465e+03
1.069093800884221537e+03
1.080905602533304091e+03
1.073994698879315138e+03
1.081266786791823506e+03
1.082540579747057564e+03
1.078468846454917639e+03
1.078819525695946140e+03
1.085481420993095753e+03
1.083091361416204109e+03
1.080657789625219493e+03
1.073657786474142540e+03
1.078970651362791614e+03
1.090397406582496842e+03
1.084654245893025518e+03
1.073218077486637412e+03
1.093507723896324023e+03
1.085598106029344535e+03
1.077426920198236303e+03
1.063899563990987872e+03
1.083371644572183868e+03
1.084499237029396681e+03
1.074950069000266467e+03
1.078736297231517938e+03
1.077699669949270401e+03
1.075286700433167653e+03
1.075516686928132003e+03
1.071724307455731150e+03
1.093222449364219756e+03
1.088700934174057465e+03
1.084108536454231171e+03
1.100074821962629130e+03
1.096244039900164580e+03
1.080937880938359285e+03
1.095635085273848972e+03
1.090981659660071273e+03
1.090854287936321271e+03
1.093693122347638337e+03
1.087034880533529758e+03
1.092469134809713978e+03
1.071888161731314767e+03
1.070382157345041833e+03
1.090403488901587252e+03
1.085530557648802869e+03
1.085723140022077132e+03
1.081251131979907541e+03
1.099761304964194551e+03
1.082172905004975064e+03
1.079927964048802551e+03
1.099839301367644566e+03
1.087687724988450100e+03
1.101001152278292011e+03
1.097095189703458800e+03
1.079634960556485339e+03
1.090558047235757840e+03
1.084037148626455064e+03
1.093127365661840031e+03
1.087945210119620697e+03
1.093455533684504871e+03
1.080992246489908666e+03
1.095754166159413217e+03
1.086455844986828197e+03
1.105850642131320228e+03
1.106371141009602752e+03
1.106188017691502637e+03
1.097151078961975145e+03
1.087598681824670621e+03
1.092685098652199940e+03
1.109298017627568015e+03
1.100237265187228559e+03
1.085950024591415058e+03
1.090992382535367597e+03
1.104535800212808454e+03
1.092288108292844072e+03
1.095487543506539396e+03
1.115760148244832862e+03
1.091164364753821928e+03
1.101849133098651009e+03
1.091073182361681120e+03
1.115483363011885785e+03
1.107165502651147108e+03
1.094588379958798441e+03
1.099548090571108787e+03
1.088970482648753432e+03
1.098204642121113920e+03
1.104570391786328400e+03
1.091262610775950634e+03
1.086896890130674819e+03
1.097636550434003311e+03
1.086321360850179417e+03
1.091784399731581289e+03
1.105226345708258123e+03
1.105121133563173316e+03
1.117064801621931565e+03
1.096006244086661127e+03
1.095001048727109037e+03
1.103464136854998060e+03
1.111200585953184145e+03
1.107313280298433710e+03
1.101995521209701337e+03
1.106306242929523705e+03
1.098123401980813469e+03
1.106438319408018742e+03
1.097441318963281446e+03
1.106522806382497947e+03
1.098317254151245379e+03
1.103077905723379672e+03
1.111622400465445480e+03
1.109472202559543121e+03
1.104316672073716290e+03
1.100215274753393714e+03
1.113987074427850985e+03
1.102933253836897165e+03
1.126426426143103527e+03
1.115028642935682228e+03
1.119750876261609619e+03
1.099582799332739114e+03
1.105562007575645566e+03
1.111030575543667510e+03
1.102543379786490959e+03
1.101634762665761627e+03
1.108084865861629623e+03
1.120843957888161640e+03
1.099494479841836892e+03
1.109255593187065870e+03
1.105813304735481097e+03
1.124974817444919154e+03
1.107030783750328283e+03
1.101044765030751250e+03
1.131231403369445388e+03
1.136235130224731165e+03
1.111597311300446790e+03
1.111010142336243234e+03
1.117966176674959570e+03
1.097318719273074294e+03
1.131507981290821363e+03
1.124373835704293924e+03
1.123649460726438747e+03
1.109860157685665172e+03
1.111060177965410958e+03
1.125618324368706681e+03
1.112327634814130306e+03
1.110482780512523732e+03
1.130815880886686273e+03
1.115643937412479318e+03
1.128682280322024781e+03
1.116669880761085096e+03
1.114608076075363670e+03
1.118720357597042266e+03
1.136006888895254633e+03
1.117060211274579615e+03
1.119495733312098082e+03
1.126640311914669155e+03
1.124135190206984362e+03
1.110068879005039889e+03
1.120085286798220750e+03
1.125845853181248913e+03
1.124226233056701631e+03
1.108857363092369496e+03
1.115149587561396856e+03
1.106777251208375219e+03
1.118078708763840268e+03
1.124583696502574639e+03
1.109102701812913210e+03
1.112779757171938627e+03
1.130990356322375874e+03
1.115291215915399334e+03
1.112263627887895609e+03
1.127618826366169287e+03
1.127410067431444077e+03
1.117313758207698811e+03
1.115419418665431976e+03
1.129382125724725938e+03
1.136677800140025056e+03
1.115020087136766051e+03
1.118003024303385700e+03
1.114901363688068841e+03
1.134181741783968846e+03
1.133208048483602852e+03
1.124315647914622105e+03
1.128150356000881857e+03
1.118997827218093789e+03
1.128794332057263091e+03
1.127365857947966106e+03
1.123916048670164173e+03
1.131057710850814829e+03
1.121209648933157723e+03
1.134993906450091117e+03
1.130432540482681361e+03
1.136687532468108202e+03
1.141228962253541113e+03
1.127703287219320373e+03
1.110169570774700333e+03
1.136785642235326350e+03
1.146542625387920680e+03
1.116728692517390755e+03
1.126603077161805459e+03
1.137047984734538204e+03
1.133595677233865899e+03
1.139839449201068419e+03
1.122878347710157414e+03
1.126660889667944957e+03
1.143344872795838683e+03
1.131606148094450191e+03
1.135246720401093853e+03
1.134572415665827521e+03
1.144205462619790751e+03
1.123767912885382202e+03
1.147433710832245424e+03
1.131032838392379745e+03
1.140688964563528089e+03
1.124690133237537566e+03
1.139684213643323801e+03
1.142596347078403141e+03
1.123936357845685279e+03
1.129498028185557587e+03
1.146960228248287194e+03
1.143770466022706159e+03
1.133292606170798990e+03
1.150704647702441662e+03
1.134404034408862344e+03
1.145401230405788056e+03
1.148265350976475474e+03
1.139868578414622334e+03
1.138714326321532781e+03
1.148253528463561452e+03
1.140978328840180211e+03
1.147095048747705732e+03
1.134805711887415555e+03
1.146447456455548945e+03
1.131104893617867674e+03
1.142956761034370174e+03
1.141968624588442708e+03
1.152191576043263694e+03
1.145546646285344877e+03
1.141376967487280126e+03
1.137125088492052782e+03
1.153448558326261946e+03
1.150387725130487752e+03
1.146921926417531495e+03
1.140091832278154470e+03
1.132848119484839572e+03
1.141849728791156394e+03
1.143580354856580925e+03
1.132067068057161123e+03
1.155039746071007585e+03
1.142777419078666981e+03
1.143680748883313072e+03
1.152271950206572683e+03
1.152998677199626172e+03
1.137323230961503896e+03
1.151763809064716952e+03
1.152737508275568416e+03
1.131486867618991255e+03
1.148258708830221849e+03
1.158733212377840346e+03
1.142782322258444538e+03
1.145376672509477885e+03
1.133792909174076385e+03
1.149681426913868563e+03
1.152293239176701945e+03
1.145894419316888388e+03
1.139839885719375161e+03
1.163818205474359047e+03
1.149374486324974214e+03
1.158435618871175166e+03
1.171687591439791731e+03
1.151041341080686834e+03
1.170930863962357080e+03
1.149341254341793501e+03
1.147472289032199569e+03
1.157389856697765026e+03
1.143189788636914045e+03
1.146926749321836951e+03
1.134062337383862086e+03
1.152568034054065720e+03
1.159123958347901407e+03
1.139779536336248839e+03
1.173247555504676257e+03
1.162429097801118360e+03
1.157541533890899245e+03
1.165404335219742734e+03
1.160114571109848384e+03
1.160511224797230398e+03
1.165908350138518927e+03
1.149038621747972229e+03
1.161122017034386772e+03
1.142088159160896112e+03
1.164044776918751950e+03
1.172532067545575046e+03
1.150101598319964296e+03
1.166182647328228086e+03
1.171378467501925570e+03
1.156111304618100348e+03
1.152217665727341910e+03
1.153942458785200870e+03
1.177763064488382952e+03
1.153817077029633083e+03
1.162572477335323129e+03
1.172168022088856105e+03
1.173900669012758726e+03
1.184435366585059683e+03
1.177116144858892085e+03
1.167111949271089998e+03
1.173674026279190457e+03
1.159088455295603126e+03
1.167841017657791326e+03
1.155373223640332526e+03
1.162472218692383422e+03
1.165239958150390294e+03
1.167907254841913300e+03
1.151578365106607180e+03
1.174871087496210066e+03
1.162355293448393923e+03
1.169763181349498836e+03
1.166493219181031691e+03
1.160429220813573920e+03
1.169308566524902972e+03
1.169976089998458519e+03
1.169757735501058733e+03
1.171023507665518991e+03
1.160855650843440799e+03
1.153597194563049243e+03
1.165590313643733680e+03
1.189106929082886836e+03
1.173029790116042022e+03
1.163431252437742160e+03
1.169183440595244065e+03
1.168127865728992219e+03
1.182902882388046010e+03
1.190524000509765301e+03
1.170694928994956172e+03
1.182848496230977617e+03
1.172129872593541450e+03
1.175469008674438783e+03
1.157175509351663322e+03
1.169135554050191558e+03
1.173277722683962565e+03
1.173478463702442241e+03
1.182886382841414161e+03
1.191316463395097344e+03
1.182190811779360502e+03
1.180635943236095954e+03
1.176586204460446879e+03
1.173012184117619427e+03
1.171542853383330112e+03
1.170842119446091374e+03
1.181112019118161015e+03
1.202303478923694684e+03
1.168461749071702343e+03
1.169130630531668430e+03
1.186121818170464394e+03
1.160139017955623785e+03
1.167119297385222353e+03
1.167124711297721433e+03
1.188187088700976119e+03
1.198819533732935952e+03
1.191023465714449003e+03
1.186536289159368835e+03
1.192955086472230960e+03
1.179803710533358981e+03
1.180620459503191114e+03
1.183520083934479771e+03
1.192809554467135740e+03
1.172340432131819398e+03
1.175607153488886297e+03
1.178766501264533190e+03
1.182518832255587995e+03
1.173850605049373144e+03
1.194237358947822713e+03
1.199145606199046370e+03
1.185600704480005561e+03
1.179258707595094847e+03
1.190985218868914444e+03
1.184034338029041692e+03
1.199122697528678600e+03
1.190657382533040618e+03
1.164244460248024780e+03
1.194020698659069467e+03
1.191012212802492741e+03
1.196324801043805337e+03
1.191219717041002468e+03
1.198614842753595667e+03
1.196461436080913700e+03
1.181837697329397542e+03
1.190215857215151573e+03
1.194070653802510833e+03
1.210607475578688991e+03
1.203194393493380858e+03
1.186859624099663051e+03
1.188726495526514327e+03
1.199582843928166994e+03
1.191999257089441471e+03
1.193567004958015787e+03
1.198748368889097947e+03
1.179032974391209791e+03
1.180507517836189209e+03
1.205665556986307593e+03
1.197322206298872970e+03
1.212940347848840702e+03
1.190574584342413573e+03
1.191633008715925826e+03
1.191846110206111234e+03
1.198356644486153755e+03
1.204645874627327430e+03
1.204228054459189480e+03
1.197555606097593682e+03
1.194081135544644440e+03
1.219899661900644105e+03
1.203530597612763131e+03
1.222465095165772709e+03
1.189715056756290096e+03
1.211940946488585723e+03
1.203802115492847406e+03
1.203579217409318517e+03
1.204799378856253043e+03
1.197222151170512689e+03
1.202611100278890262e+03
1.209784948837942920e+03
1.203847514422743870e+03
1.199279721124598609e+03
1.207662735188339866e+03
1.202147134237739465e+03
1.207430568312179048e+03
1.221504772784649958e+03
1.208940085513950862e+03
1.205924804313505547e+03
1.202841926694116864e+03
1.206922713749354671e+03
1.214478433173148687e+03
1.212790195535379780e+03
1.206475112047305402e+03
1.219044591037975579e+03
1.195359867260599458e+03
1.210177954085488636e+03
1.217988208800497432e+03
1.215911206723319083e+03
1.218366899086562398e+03
1.221335462331427607e+03
1.208523253290380580e+03
1.206651536419844660e+03
1.200416937412979451e+03
1.209420843500790625e+03
1.209440889591398218e+03
1.217044915112177705e+03
1.211936364152451688e+03
1.220197504758134755e+03
1.227525221345046702e+03
1.208732009126187677e+03
1.223420370164327323e+03
1.214980536112826712e+03
1.212903726541051583e+03
1.213388444024558112e+03
1.211050368366267321e+03
1.221623672487711247e+03
1.221908289215001332e+03
1.206354035646188549e+03
1.202183018866759767e+03
1.224262930455894320e+03
1.209058128365842094e+03
1.221960904927868114e+03
1.219353226540414198e+03
1.218090484977818505e+03
1.217598029139668597e+03
1.220872848362655986e+03
1.224318992440731336e+03
1.224872718937245509e+03
1.224299174613276818e+03
1.237104440213875250e+03
1.226324894417467249e+03
1.239914751818495688e+03
1.217501797567301537e+03
1.222716301226402265e+03
1.236485329720327627e+03
1.235542860746573297e+03
1.208027898653032025e+03
1.218520877385030190e+03
1.235363453676838390e+03
1.231126368002215486e+03
1.226094395072540237e+03
1.223903073409550871e+03
1.228294657396337016e+03
1.215111113174141337e+03
1.235860684577289248e+03
1.219313632009413595e+03
1.229699778704258506e+03
1.232010763740742959e+03
1.230281760364029651e+03
1.232218038192648009e+03
1.238374900528298895e+03
1.241087629233774578e+03
1.231952351029907049e+03
1.242960460691000208e+03
1.237465338865858712e+03
1.221542199469845627e+03
1.240518838584978766e+03
1.246272178381454978e+03
1.221280083652375197e+03
1.240417075908430434e+03
1.218791739985260847e+03
1.237650237858746323e+03
1.237945453409875654e+03
1.228253338474490874e+03
1.240471073863659058e+03
1.246671389960964234e+03
1.244522703076631842e+03
1.249676267651285343e+03
1.248242033321661211e+03
1.248934701346392785e+03
1.227721873138451429e+03
1.243835694413902729e+03
1.241346852591839024e+03
1.235159524353122151e+03
1.253063885216745348e+03
1.257167681514612468e+03
1.239220049204572206e+03
1.249298643624927990e+03
1.244243152168257211e+03
1.227520458155697497e+03
1.239389851439279028e+03
1.231477313014044967e+03
1.238344114874644902e+03
1.248118981482194613e+03
1.250475366066122888e+03
1.257340202842437975e+03
1.239539251468025441e+03
1.239752689837978096e+03
1.253831202374419945e+03
1.244200297520144431e+03
1.252657973176104861e+03
1.246208398103025274e+03
1.244878066869658369e+03
1.247656405655676963e+03
1.246439619230392054e+03
1.249181572653616740e+03
1.245954339939460851e+03
1.243802796777080630e+03
1.240825671633501315e+03
1.243201218889864322e+03
1.263842853609276972e+03
1.257994616066123626e+03
1.247389333720654122e+03
1.252669475279458084e+03
1.254596027059745893e+03
1.247931385456248108e+03
1.232021026668199966e+03
1.262053528557840764e+03
1.235939122847080853e+03
1.248184239001587457e+03
1.263904111742951727e+03
1.258474592204204782e+03
1.279349740574734369e+03
1.251717047438640293e+03
1.263940490344204363e+03
1.255006660866717539e+03
1.257966703581491402e+03
1.270785408809131468e+03
1.243464288461520482e+03
1.260825392777835987e+03
1.265257858153144753e+03
1.258224456926762741e+03
1.266542281074733182e+03
1.259025784976245177e+03
1.275976193365392646e+03
1.264013745226775654e+03
1.259931103152953710e+03
1.254106911195066914e+03
1.262587893477361376e+03
1.274138878569131521e+03
1.249872229477118708e+03
1.263431588023465110e+03
1.267432402160477295e+03
1.250064060776149290e+03
1.265940155514732169e+03
1.272964344131916278e+03
1.270723720031733137e+03
1.271737315731438684e+03
1.258307791156541043e+03
1.261917055271364688e+03
1.272447598350128146e+03
1.270017760292906360e+03
1.280084990732563483e+03
1.257192675110812615e+03
1.257704061920525874e+03
1.275410503573222513e+03
1.265964311638533445e+03
1.277231449271117526e+03
1.280680929379348299e+03
1.274774828782157101e+03
1.276019771239155489e+03
1.273865553485931059e+03
1.278456226469695366e+03
1.276132801045073847e+03
1.266751870939429637e+03
1.282640444321958512e+03
1.281303197368067003e+03
1.284103241317413904e+03
1.270339017951979031e+03
1.287184571079310672e+03
1.269735625665378166e+03
1.275191906965995031e+03
1.282109747460891185e+03
1.276850484774532333e+03
1.277847766233535140e+03
1.280693805132001444e+03
1.281858276775370769e+03
1.281013193685635997e+03
1.281295741200047360e+03
1.281469947616328227e+03
1.277494667626582896e+03
1.286195398756182385e+03
1.292963869288447768e+03
1.284698485785655066e+03
1.284721189268450189e+03
1.290650159066609831e+03
1.280336868826560703e+03
1.275852325010461982e+03
1.265599132273619716e+03
1.282100045919756212e+03
1.276312707196202609e+03
1.282979344075538620e+03
1.288717180170636766e+03
1.287686890870563957e+03
1.281958189921111625e+03
1.287523775028356340e+03
1.281887402449410956e+03
1.285120140778296673e+03
1.296468803073215668e+03
1.291546351378643521e+03
1.288007512179732203e+03
1.276499868495639021e+03
1.299774626206004541e+03
1.301656408315252520e+03
1.296876024071959591e+03
1.301808984252302707e+03
1.291255653645339862e+03
1.308372893770775818e+03
1.291323061247954683e+03
1.299858601687504233e+03
1.301778930795056567e+03
1.292923508628141462e+03
1.300190715414545139e+03
1.305250218671799757e+03
1.296557695019870607e+03
1.302455060564229825e+03
1.301151017524244480e+03
1.298357986337592592e+03
1.300942568289462770e+03
1.291820828401027484e+03
1.309420962939974743e+03
1.287310496663647427e+03
1.281093109280560384e+03
1.308534040798159140e+03
1.293259102025803486e+03
1.305611734739247595e+03
1.299946053038190939e+03
1.304185522908698204e+03
1.292112648308619328e+03
1.289126813113497064e+03
1.297372741588402278e+03
1.303894604229755942e+03
1.302629328929822805e+03
1.300513953013955415e+03
1.300139820147413275e+03
1.301238230205770833e+03
1.298380662836832016e+03
1.315195476122235505e+03
1.310165969032005023e+03
1.304993226009472210e+03
1.298762524397853895e+03
1.308085607682468662e+03
1.317015583761117341e+03
1.306847758595873756e+03
1.309619539315819566e+03
1.316529438804907386e+03
1.306902712615142946e+03
1.309711482786513216e+03
1.314768133865138452e+03
1.312730046013140282e+03
1.296132049141408288e+03
1.311089981229410796e+03
1.296242712227039874e+03
1.322557301009997445e+03
1.307285946335747667e+03
1.308855035581878610e+03
1.322418036716343750e+03
1.314547792788646575e+03
1.314503261190259991e+03
1.301624887986332396e+03
1.295527402136437104e+03
1.312335715344126129e+03
1.325139051750482849e+03
1.325936267688188309e+03
1.319722025861956126e+03
1.300591544499213796e+03
1.310647336636087175e+03
1.311921760979959799e+03
1.311621288308761905e+03
1.316162202257377658e+03
1.312415508270595183e+03
1.320884852064637926e+03
1.327188125019196832e+03
1.322487115912629179e+03
1.315702235102457280e+03
1.328460801638680323e+03
1.307402949054835062e+03
1.329496072101480422e+03
1.338770834237250028e+03
1.308440731398196704e+03
1.337193398626497810e+03
1.326736460612508154e+03
1.332100703242391091e+03
1.328409611001270605e+03
1.336046137979491732e+03
1.325275472588331695e+03
1.350337933955383050e+03
1.307441288671559732e+03
1.332169209429906914e+03
1.328639697928097121e+03
1.324400029931508698e+03
1.327786920091920820e+03
1.325404230020219529e+03
1.327841034912280520e+03
1.331409412855208075e+03
1.320668210856471433e+03
1.318847899709925514e+03
1.333201494814951957e+03
1.339822801684449587e+03
1.323137450985261694e+03
1.344913608630740327e+03
1.338821671725975648e+03
1.332682078595057192e+03
1.336789414849782361e+03
1.345484607338466958e+03
1.334345087677060292e+03
1.325705497918127776e+03
1.314344067747288818e+03
1.329035760589061738e+03
1.325571651911684285e+03
1.354311533405873888e+03
1.334840126822341745e+03
1.330747936081539137e+03
1.328904591141519859e+03
1.325321596698115627e+03
1.338745002893204628e+03
1.342939593184300293e+03
1.338475748994418154e+03
1.355036059332681816e+03
1.341598612707424081e+03
1.345082556903467776e+03
1.345700281366945774e+03
1.338533316924846304e+03
1.341184548689953090e+03
1.353703850344079001e+03
1.356297077849477546e+03
1.337093840452589120e+03
1.347436812817092232e+03
1.351939136811094386e+03
1.356624342096124792e+03
1.356961966023214245e+03
1.339881613211333615e+03
1.342431475486100226e+03
1.341045179950046304e+03
1.353583202077326860e+03
1.340143978146365725e+03
1.353347002502237501e+03
1.347105506095539567e+03
1.348233923021836972e+03
1.350132180850974009e+03
1.345431207858647440e+03
1.351059153614119168e+03
1.365917232751824940e+03
1.368922344833749548e+03
1.344337118955043707e+03
1.345604393357288473e+03
1.341801234747565104e+03
1.344808269916579775e+03
1.348577783825807728e+03
1.366254621717744385e+03
1.365029828907278215e+03
1.351136185588992930e+03
1.357448927588190827e+03
1.358024165284547735e+03
1.376630993605994945e+03
1.358035837109233398e+03
1.369438260594530902e+03
1.371536689316356842e+03
1.357176262471937889e+03
1.361914395766120606e+03
1.379724418550600603e+03
1.354828241038588658e+03
1.369219204492866538e+03
1.363029995424519257e+03
1.361249561383844821e+03
1.351479865909251430e+03
1.368654817106904375e+03
1.382817768242782222e+03
1.371155568350308158e+03
1.349546946840322562e+03
1.367539520221537714e+03
1.358028285922360510e+03
1.367057837498845174e+03
1.377817785827325906e+03
1.370481048951303819e+03
1.373698692696420267e+03
1.353064777386856804e+03
1.350314102765962843e+03
1.364806669471047371e+03
1.354223312470473047e+03
1.376966245415241474e+03
1.368972557096392393e+03
1.364963992030797954e+03
1.375768556155357146e+03
1.382730060486072261e+03
1.363351075239792635e+03
1.374789914593997992e+03
1.372237243810910968e+03
1.372746461745650777e+03
1.372467613593812302e+03
1.389833159220187781e+03
1.383428698667293475e+03
1.382580468575354416e+03
1.377372010965777918e+03
1.380940960100350594e+03
1.379593720449677676e+03
1.384796488393807522e+03
1.365853062312200109e+03
1.384054250739579402e+03
1.389674624402536892e+03
1.386400252438656253e+03
1.393753739735150475e+03
1.380028428194085109e+03
1.397561491604389857e+03
1.381643491217361088e+03
1.378857806611602882e+03
1.389419683150899118e+03
1.386515920012417610e+03
1.382441860567278127e+03
1.383421327552122193e+03
1.391197600080648044e+03
1.390661169637647163e+03
1.365352605854313197e+03
1.401196651862074305e+03
1.388896735277530752e+03
1.386756198456190532e+03
1.380990967160594892e+03
1.400206095394717067e+03
1.392783959291232577e+03
1.385639982908071715e+03
1.403417667313089396e+03
1.396261475792683541e+03
1.413653848204215365e+03
1.391877049738438018e+03
1.386125412512812545e+03
1.398922483682366419e+03
1.391070992245510979e+03
1.396866987512972173e+03
1.399591915747820167e+03
1.398943899003277011e+03
1.400616602532488059e+03
1.391755412725894303e+03
1.399605833113853350e+03
1.414176066910899181e+03
1.402649538653148056e+03
1.397238577345658541e+03
1.418959461656060284e+03
1.411729426166163876e+03
1.405528249302682752e+03
1.385911492576295814e+03
1.416829550387113386e+03
1.394177644680685944e+03
1.392356740212195746e+03
1.424541445633360127e+03
1.399761554606167010e+03
1.410082032144114237e+03
1.400497925497177448e+03
1.394966036413699157e+03
1.415325950664039738e+03
1.410477673885489821e+03
1.382980952729302771e+03
1.417329031236312630e+03
1.410593392045538394e+03
1.392087940295197313e+03
1.412260267618065654e+03
1.408751730873008228e+03
1.419619178755528310e+03
1.416704766370341758e+03
1.414298564901048849e+03
1.430772803162994251e+03
1.424288342894644302e+03
1.416856559564128247e+03
1.430444649715998594e+03
1.429165369022524601e+03
1.416183539139301274e+03
1.398902536770430288e+03
1.408669209386867578e+03
1.425407298668303611e+03
1.415218962552383346e+03
1.411267383777910482e+03
1.419740294158665847e+03
1.404817197953531377e+03
1.426445006963447213e+03
1.416942730434326222e+03
1.437371281096904340e+03
1.432686754192453236e+03
1.436030953301299405e+03
1.440816673673054083e+03
1.422437243534464415e+03
1.417813398908335557e+03
1.432987192167478725e+03
1.437127834584005086e+03
1.426364768772157731e+03
1.436316830439519890e+03
1.427058902694392373e+03
1.427278001090535327e+03
1.435071875078594303e+03
1.418199106455112087e+03
1.433600894170999709e+03
1.417012830657776476e+03
1.431733486154423190e+03
1.435908452407452160e+03
1.430664778175625543e+03
1.433519946709615851e+03
1.422098406118098183e+03
1.425551480906586903e+03
1.435464278002917581e+03
1.415428627205631756e+03
1.434662165244908010e+03
1.429527665392566405e+03
1.419729797199255927e+03
1.447471281873151156e+03
1.434149120831488290e+03
1.434257209955498183e+03
1.429479769423029666e+03
1.428392287795193624e+03
1.445552365942647157e+03
1.425981041181104956e+03
1.437118453438063398e+03
1.447814599743193412e+03
1.439271738005575799e+03
1.454089595015148461e+03
1.445641790012287629e+03
1.441323625850473945e+03
1.444071264804366137e+03
1.437999520228673191e+03
1.449118491649930775e+03
1.450786150535507659e+03
1.441079379845523590e+03
1.445252816674431870e+03
1.458579107371877399e+03
1.461088556317741677e+03
1.442758541236492420e+03
1.454558956088450714e+03
1.443141362897998533e+03
1.456878470339448086e+03
1.453537443462178089e+03
1.437368611730228395e+03
1.453982976988796281e+03
1.442983849738910976e+03
1.444218460499587763e+03
1.449948626759390663e+03
1.448967827098946600e+03
1.454830641762700679e+03
1.461457299124819883e+03
1.451337279944542615e+03
1.453932361237703162e+03
1.453625633397275806e+03
1.457100669757716560e+03
1.462416679730415126e+03
1.470421996216042999e+03
1.465893231123242685e+03
1.459812382409199699e+03
1.471494671987025868e+03
1.447611818269690275e+03
1.461709773014317079e+03
1.455505156945000863e+03
1.467324339402362057e+03
1.471790910909129025e+03
1.473797634873088327e+03
1.461952384775047904e+03
1.462981578575232334e+03
1.464455791211477617e+03
1.463605416291598203e+03
1.471557884300443220e+03
1.453512381903785581e+03
1.463289946353557070e+03
1.467125476516151821e+03
1.464500269287379524e+03
1.464070813400022644e+03
1.469689682099973197e+03
1.466721082155492240e+03
1.457645288224538490e+03
1.480044823436029901e+03
1.471215884385595018e+03
1.476692779744991412e+03
1.479147920583016685e+03
1.481051014518924148e+03
1.459412191524637365e+03
1.478634565215847033e+03
1.485149455339552333e+03
1.487599793850085689e+03
1.467765928700127233e+03
1.489035370816652630e+03
1.477480682293342170e+03
1.473870302597071714e+03
1.484319240610880570e+03
1.483925698019010042e+03
1.488847443583970517e+03
1.469297105889784007e+03
1.468163099517072851e+03
1.469315815990965120e+03
1.472300189344843375e+03
1.471462835396391938e+03
1.479990100143597147e+03
1.501907828222384524e+03
1.478743525543528449e+03
1.483803182270994057e+03
1.499876803649141493e+03
1.487934832953390242e+03
1.484247396840147758e+03
1.503790645473171708e+03
1.500425322500220318e+03
1.496691348342068295e+03
1.503705765784394998e+03
1.500368013810544880e+03
1.482136738912970031e+03
1.490909656878967780e+03
1.491863655608276076e+03
1.507546540819940901e+03
1.488614679395271196e+03
1.495910766443588727e+03
1.509714584328335604e+03
1.502878059347607632e+03
1.498984479267827282e+03
1.502006380343114643e+03
1.503511444986597098e+03
1.497342288419951274e+03
1.507790984057453898e+03
1.513317002640343162e+03
1.508336646847269776e+03
1.501522790057344764e+03
1.508371925214839848e+03
1.500391406223621061e+03
1.499489190174574787e+03
1.504131221587364735e+03
1.505938324151582037e+03
1.510953780977234601e+03
1.508309656511689354e+03
1.517809616452099135e+03
1.499374005520159017e+03
1.499449137936328270e+03
1.496839560772170216e+03
1.511616605682725094e+03
1.506249817228184384e+03
1.520210823692357508e+03
1.508682612867889475e+03
1.518606320392837006e+03
1.510798244296748180e+03
1.512786846410593625e+03
1.516475120680822556e+03
1.513914905585941369e+03
1.534466188540422536e+03
1.531812347619155616e+03
1.529375240953083903e+03
1.518857533347425942e+03
1.516307348844753051e+03
1.506880231032467691e+03
1.509568119464138363e+03
1.527503044457175065e+03
1.515440011724223950e+03
1.528265380583023671e+03
1.520933169680821266e+03
1.514338406730039878e+03
1.517224564936093657e+03
1.523997501122628364e+03
1.515136875087280487e+03
1.529896426789224279e+03
1.533437235874622047e+03
1.516279599137488049e+03
1.531601916706220891e+03
1.532652557427454212e+03
1.523729164297407351e+03
1.531634493339410938e+03
1.538361841202658752e+03
1.516636874476544108e+03
1.546715104890972498e+03
1.523907394882616018e+03
1.537631089623021126e+03
1.545578159874015910e+03
1.532940736244824620e+03
1.539507266720709367e+03
1.549175614894424825e+03
1.547324445524178827e+03
1.530722774945421861e+03
1.530277916523238446e+03
1.557796117451385044e+03
1.532550639573726130e+03
1.547050161877609071e+03
1.534683168977473997e+03
1.554126399290002837e+03
1.531554248964407861e+03
1.534071986690775248e+03
1.558742469701112668e+03
1.551092727251803353e+03
1.550834551199588759e+03
1.538781672004970915e+03
1.538624743928227417e+03
1.527997900040500099e+03
1.543164523733017631e+03
1.541202560325342802e+03
1.531066938509698730e+03
1.532428851179213325e+03
1.550019734982147838e+03
1.542495900624626756e+03
1.545070095899691751e+03
1.553987187244576035e+03
1.544331448811593646e+03
1.555720061813877919e+03
1.546359586678703181e+03
1.552717647384338306e+03
1.552533979517514126e+03
1.555737405626156033e+03
1.550870853193804123e+03
1.565627929843089078e+03
1.543551406055617235e+03
1.563929320437288879e+03
1.546884279515171329e+03
1.544587933934182274e+03
1.552960058957150750e+03
1.574297636203811862e+03
1.567171106030610645e+03
1.554572316837780591e+03
1.559167388446927816e+03
1.561016441774322629e+03
1.562545412733027206e+03
1.574345007086250916e+03
1.570439514449639319e+03
1.560598795593034311e+03
1.581470628677211380e+03
1.550519648969611580e+03
1.568712484997141473e+03
1.580325925903634243e+03
1.549359052916354813e+03
1.573822551315378178e+03
1.569867696913604505e+03
1.573103369004127671e+03
1.579734477650565850e+03
1.578051139784846100e+03
1.568670202823377394e+03
1.570772778718846212e+03
1.567230630511413665e+03
1.561591093971313285e+03
1.573694256300935876e+03
1.572499717287078511e+03
1.583710243571369801e+03
1.574795444702003579e+03
1.583612791142902552e+03
1.572501954556776354e+03
1.590963424549136789e+03
1.568890282198315163e+03
1.573344897719646042e+03
1.588924903106313650e+03
1.576397623750398679e+03
1.576215128767979422e+03
1.586371438057853538e+03
1.589797987449930133e+03
1.589429513597231107e+03
1.598847784026029558e+03
1.585470015884891154e+03
1.581879201292809739e+03
1.585990270308451727e+03
1.581310930764476325e+03
1.593507881931720249e+03
1.583965058563367165e+03
1.605783361480247095e+03
1.584043713428791307e+03
1.577641093338500696e+03
1.605778324166451739e+03
1.603989506627970968e+03
1.583024582450021398e+03
1.597348319784059413e+03
1.602603120947081379e+03
1.601577974197748745e+03
1.602769348834855691e+03
1.604267732141546958e+03
1.596568197987297026e+03
1.601298638986170090e+03
1.604796572524416206e+03
1.620964722761296798e+03
1.601128716699307233e+03
1.595174249717451858e+03
1.587635383097644763e+03
1.598494638314337863e+03
1.601509682874552709e+03
1.598054166074297427e+03
1.609602428099744884e+03
1.617935202049998679e+03
1.615062096831626604e+03
1.616559629814917798e+03
1.607986902742691655e+03
1.611974649259562057e+03
1.631613347942357450e+03
1.612987734483568602e+03
1.622188707024904716e+03
1.617366998500186355e+03
1.611231550108851252e+03
1.607532735456445153e+03
1.611932773613666996e+03
1.627575545441196709e+03
1.618957524140591204e+03
1.615719167934420284e+03
1.620494904889937743e+03
1.626731889828257636e+03
1.624222047545216356e+03
1.622716582843294873e+03
1.624926153985542669e+03
1.624852126238422215e+03
1.606196863287069846e+03
1.628443673005950359e+03
1.643613934425916341e+03
1.631915185344184465e+03
1.637940369533770081e+03
1.636252848538318403e+03
1.634823645615185796e+03
1.634485030177592080e+03
1.634383755731930705e+03
1.632034984719688964e+03
1.628665161274085449e+03
1.643545276504609546e+03
1.620323627782165659e+03
1.620569877252103879e+03
1.639550701857721833e+03
1.635839120642193393e+03
1.628635626040575517e+03
1.646344797272274718e+03
1.632521505545629452e+03
1.639477752568789811e+03
1.641748997414966652e+03
1.636061590842027726e+03
1.652600555228479607e+03
1.628238111679816257e+03
1.647128143779596940e+03
1.648838979108576268e+03
1.643512237301791629e+03
1.670058829943609226e+03
1.663414532661167186e+03
1.644869683880174080e+03
1.654554629913650388e+03
1.655129617151618049e+03
1.644002463217088462e+03
1.657803613603619397e+03
1.643917605454618069e+03
1.652860850006886267e+03
1.653398319180864519e+03
1.640624432248363064e+03
1.651482724754634773e+03
1.651678862013842490e+03
1.654379171364231979e+03
1.663924395022414956e+03
1.670972559575321156e+03
1.651487523994135927e+03
1.643129769735733817e+03
1.652598695893131662e+03
1.666286283239447584e+03
1.663055368274009197e+03
1.670564690213630001e+03
1.666441163870126275e+03
1.644727830686421612e+03
1.667911148531016124e+03
1.685403789271744017e+03
1.650981587139108115e+03
1.663106904786497580e+03
1.674883040696239277e+03
1.681012807394454285e+03
1.689857238915531298e+03
1.670081308743977615e+03
1.658343071502789826e+03
1.665094330018941037e+03
1.674076581942345456e+03
1.676879532296176421e+03
1.675539391144523279e+03
1.663848275675698005e+03
1.660461365734075343e+03
1.701740843688222867e+03
1.682705165141730276e+03
1.692757226938874055e+03
1.661675566896519285e+03
1.679182473468792523e+03
1.686971802699119735e+03
1.694272108359934464e+03
1.677093930796241011e+03
1.684022729239464525e+03
1.672236099345114553e+03
1.689373541164853350e+03
1.675037098683395016e+03
1.671975311649181094e+03
1.685220353139750614e+03
1.685203797101727787e+03
1.684240314603424849e+03
1.698128821589644758e+03
1.692761155535974922e+03
1.686172298490577759e+03
1.687013609724039270e+03
1.699425902349022863e+03
1.674085373686946014e+03
1.690784068342989030e+03
1.702315381257415311e+03
1.705447085214726030e+03
1.696054370277029420e+03
1.685577303522250531e+03
1.692211008494189173e+03
1.700929039776333639e+03
1.709837165281112675e+03
1.698460708810782535e+03
1.698353017187524074e+03
1.695547065933876411e+03
1.707334265019461327e+03
1.691940188006118888e+03
1.712298607598840590e+03
1.712081215344363500e+03
1.712293611553526489e+03
1.702021432366499766e+03
1.710429673092143275e+03
1.707524850647776248e+03
1.710424548480688827e+03
1.725133908430736483e+03
1.699073866090992169e+03
1.706472313180410993e+03
1.726072145666800907e+03
1.708087447175576926e+03
1.711094612727520826e+03
1.707156897058894401e+03
1.706439931765569327e+03
1.740279625791616581e+03
1.716682131379276370e+03
1.722736026816265166e+03
1.724941143321199661e+03
1.710660081395660882e+03
1.730388525281696047e+03
1.730196185894762039e+03
1.730210603064646648e+03
1.729077983413563516e+03
1.729936449058348899e+03
1.731359477670157958e+03
1.731214157423021334e+03
1.727584961851473963e+03
1.727438957154551190e+03
1.731810401110863722e+03
1.742959531384161210e+03
1.737421323607105478e+03
1.724513378504596858e+03
1.740794183718313434e+03
1.726077796440988777e+03
1.736565900142302326e+03
1.740861143246607753e+03
1.724191989989418516e+03
1.729278618810494663e+03
1.746361357228244970e+03
1.752355332399125246e+03
1.743361699618369585e+03
1.740018493737268273e+03
1.728143373880817762e+03
1.747281282274079103e+03
1.728714754225563865e+03
1.725938338449722096e+03
1.753276831102393999e+03
1.749627467138940347e+03
1.762691662156089023e+03
1.754584388314969146e+03
1.762075879866375772e+03
1.759458606235172510e+03
1.749609981350703038e+03
1.747160724567762827e+03
1.750463678056251183e+03
1.762461285783790345e+03
1.757815717739397769e+03
1.751859211198202956e+03
1.757670429106938400e+03
1.753440658782148603e+03
1.756183608151526187e+03
1.764623976600650622e+03
1.769722995855278214e+03
1.760323898847092323e+03
1.764462259143901292e+03
1.762459343342279226e+03
1.775642681417686845e+03
1.770006796815331427e+03
1.766991100425233526e+03
1.775548244121438756e+03
1.759909123176183130e+03
1.780538339893601460e+03
1.791605738309834805e+03
1.777685228466483522e+03
1.778209757762578192e+03
1.771353845791822323e+03
1.774770875351883205e+03
1.781232043115839360e+03
1.771631500447661210e+03
1.782290112289018680e+03
1.783056387756450476e+03
1.768829405588311374e+03
1.798608055716113086e+03
1.786100953413731304e+03
1.771106898361219464e+03
1.784828413983328346e+03
1.785732643420826889e+03
1.785886636088690238e+03
1.800931397524574322e+03
1.787421582548930701e+03
1.776269781216160027e+03
1.794701720879928644e+03
1.784955967353772621e+03
1.791929239652165961e+03
1.807911479749938508e+03
1.789009222835412174e+03
1.792141301149702485e+03
1.809702806107854940e+03
1.817710980801725555e+03
1.791509351625878708e+03
1.811439415939682476e+03
1.812615274834851789e+03
1.800567243679321564e+03
1.789036125024702869e+03
1.813600266684326698e+03
1.778961754572143946e+03
1.789992158344493191e+03
1.819590199587805273e+03
1.811476378332391732e+03
1.825525526293857638e+03
1.808797598450858686e+03
1.814282655036641017e+03
1.814951854156298623e+03
1.804194164692890126e+03
1.807097367946064423e+03
1.803695959199148092e+03
1.797831921008518975e+03
1.803447616048719055e+03
1.799962746209923353e+03
1.823208310152828744e+03
1.814855836858123439e+03
1.818397999177897418e+03
1.809752151078613451e+03
1.814693098167831522e+03
1.838256687982166795e+03
1.825237607619099435e+03
1.807864570462335678e+03
1.838380570085367935e+03
1.831023169388559381e+03
1.825092194192126954e+03
1.832672972068070521e+03
1.822740031395095684e+03
1.830643219532590138e+03
1.824786325660782495e+03
1.827647459849111328e+03
1.832491459163420586e+03
1.833475968673947818e+03
1.852182821372165563e+03
1.839547482309609222e+03
1.847679686752323505e+03
1.850591946815907704e+03
1.837504242918343834e+03
1.828517519036447993e+03
1.832919315929257436e+03
1.827449631430867385e+03
1.837549204662652983e+03
1.830589139359759656e+03
1.850943188618584600e+03
1.856580744479366786e+03
1.840053165374622040e+03
1.854712496409079904e+03
1.846400815621987704e+03
1.837334417243946518e+03
1.849359959116577784e+03
1.868216797833396640e+03
1.845207046522286191e+03
1.846590690630036534e+03
1.865849037587142675e+03
1.849269278274733551e+03
1.860568724522130879e+03
1.858682400214904874e+03
1.859239906330727081e+03
1.868224336807002601e+03
1.855968103094107164e+03
1.855851221064183164e+03
1.877573682366199137e+03
1.856236369419682660e+03
1.880779566741992085e+03
1.875116332589155490e+03
1.855457994885376365e+03
1.877158482864787175e+03
1.889209134437607872e+03
1.878781899455865641e+03
1.857919608781282705e+03
1.860993519939912176e+03
1.867632719004690443e+03
1.869364957299430671e+03
1.875782671995475084e+03
1.866164571706130118e+03
1.866633084752252898e+03
1.898270925921133767e+03
1.881498996215367242e+03
1.885112980342368246e+03
1.868141657525286519e+03
1.878049220775803633e+03
1.883022279683706756e+03
1.876939855747482625e+03
1.874365066963334357e+03
1.866470335219265280e+03
1.878333512251331285e+03
1.899866809930686941e+03
1.891411528474353190e+03
1.897015217294261447e+03
1.894748518419811944e+03
1.879986464471042154e+03
1.884265167880179661e+03
1.898577556337638953e+03
1.899960330823875211e+03
1.908572354887513029e+03
1.909421562795983846e+03
1.895390175182887106e+03
1.895971504916853974e+03
1.912951552467511647e+03
1.903063520540924401e+03
1.935027786016372147e+03
1.906654116873335852e+03
1.916406916078949735e+03
1.899482182789627814e+03
1.903664018085578391e+03
1.909743527864040516e+03
1.919650664191133728e+03
1.922349823437475379e+03
1.915678163480910825e+03
1.912738232547416828e+03
1.923638691873954713e+03
1.900905474335111649e+03
1.912973164860049792e+03
1.923253647467560540e+03
1.903960225233877054e+03
1.919832332641102084e+03
1.929130269979632885e+03
1.932837380868362061e+03
1.917636207538617782e+03
1.922488743297075189e+03
1.921226587721592296e+03
1.924421977876234905e+03
1.939271529764427441e+03
1.929821402346449986e+03
1.926409376330013174e+03
1.930338609633181932e+03
1.912429654749289512e+03
1.933783931787783786e+03
1.934721017074655720e+03
1.937403257045264127e+03
1.932486587884017126e+03
1.926391057957697285e+03
1.921291876953604969e+03
1.929833999190931536e+03
1.932376873893768334e+03
1.945727069151319256e+03
1.942855767982268389e+03
1.927843195092583301e+03
1.932831149933190318e+03
1.949280915623115789e+03
1.956490256749317041e+03
1.939517880062849144e+03
1.958646602287630913e+03
1.930756438834448545e+03
1.947491589511938628e+03
1.955631496155154082e+03
1.957653827704797322e+03
1.957829804812845396e+03
1.968372467173077666e+03
1.963959442975939737e+03
1.968141401808165028e+03
1.959872574317782437e+03
1.963991278583425810e+03
1.957760237443346341e+03
1.973272408453970911e+03
1.960434950524752821e+03
1.965590440395057385e+03
1.972922387607912924e+03
1.958934227666641618e+03
1.979783692334427997e+03
1.974755246897132338e+03
1.966461163516325996e+03
1.948060587762133082e+03
1.984683744367866893e+03
1.976077906730325822e+03
1.972502884250278385e+03
1.965645218805543891e+03
1.967573680923504526e+03
1.984874367690948020e+03
1.981886021818476138e+03
1.995793678084598696e+03
1.980418419214873438e+03
1.983397613763125491e+03
1.985791381788584658e+03
1.974871719468318588e+03
1.996376650289195823e+03
1.993071526455197272e+03
1.978764108745752310e+03
1.984409554277217921e+03
2.004632664042709621e+03
1.993766140837297826e+03
1.986000474284875736e+03
2.006842326057274022e+03
1.998145810167602804e+03
2.011174374610006907e+03
2.005199553159401148e+03
2.011710139105633743e+03
2.005959344750571745e+03
1.999770651145438251e+03
2.002933736851860431e+03
2.007114986803182319e+03
2.004252720175285731e+03
2.004849454148068617e+03
1.999099309104229405e+03
2.013902633483725822e+03
2.007825937692848584e+03
2.013599839037454331e+03
1.999689031690436195e+03
2.023442705475109051e+03
2.018466703178143007e+03
2.022860335775522344e+03
2.025050395667841030e+03
2.015380827789849491e+03
2.023302767111980984e+03
2.025426433743144571e+03
2.029660288201102730e+03
2.042793870927144781e+03
2.023087357729335963e+03
2.039792418125558925e+03
2.044315053738710503e+03
2.036195817144903913e+03
2.025979406144366749e+03
2.042540293235819718e+03
2.040073146745666918e+03
2.043847832276002464e+03
2.052598754294753689e+03
2.040432560965095035e+03
2.037448595160489731e+03
2.049821919059914762e+03
2.036199065000332439e+03
2.049578117696591562e+03
2.039904565349793074e+03
2.053041429178960243e+03
2.066612062004799100e+03
2.041449204748257671e+03
2.049524812990333430e+03
2.057746277504615591e+03
2.064081463492889725e+03
2.065477356382945800e+03
2.059558428340182672e+03
2.060201626691097317e+03
2.062992236219520692e+03
2.056653366344276492e+03
2.050983972207066017e+03
2.054230309867627511e+03
2.064694032654514103e+03
2.057549991106671769e+03
2.074694280107923532e+03
2.059056292447851774e+03
2.069538679293306814e+03
2.075464400844662578e+03
2.052882788019975578e+03
2.088270718034794754e+03
2.066714674217568700e+03
2.090584509925202838e+03
2.062909101616673524e+03
2.085213028701975873e+03
2.079649362536981243e+03
2.072438272264142597e+03
2.091625104957372514e+03
2.084875923576993046e+03
2.084445063487851712e+03
2.076977909665912193e+03
2.107122413613328717e+03
2.093101774678365928e+03
2.072966567947043586e+03
2.093624926578021132e+03
2.094664366034024624e+03
2.096434555765508776e+03
2.100834001223569430e+03
2.098695887282051444e+03
2.093188603707165385e+03
2.103474052213505274e+03
2.101504834804969505e+03
2.113688712518720422e+03
2.111324934651740477e+03
2.114260514719946514e+03
2.111754833591603074e+03
2.105462755860193738e+03
2.116120550762916082e+03
2.096907115136909852e+03
2.114578652245343619e+03
2.116126549439019982e+03
2.115247648135706640e+03
2.106966308017368647e+03
2.122285336203041879e+03
2.124966401805817441e+03
2.120514181096191351e+03
2.124166804088525168e+03
2.122593847376608664e+03
2.136294487345052403e+03
2.125897447352233939e+03
2.106719019197845228e+03
2.133882857181014060e+03
2.117504674741798681e+03
2.142038167059420175e+03
2.136494798730991079e+03
2.129222812652972607e+03
2.135349994053550745e+03
2.133368007543547719e+03
2.128945665331837063e+03
2.126818010931182926e+03
2.144942226043511710e+03
2.140073367557419715e+03
2.169458177617114870e+03
2.145714875297126582e+03
2.145175377474383367e+03
2.140693990112541542e+03
2.137662960009580274e+03
2.157847036109983037e+03
2.149549380984493382e+03
2.149352052883786200e+03
2.152804628822485029e+03
2.159478887847283204e+03
2.160545668129372643e+03
2.144685267490520346e+03
2.154131776197563340e+03
2.151971662664112500e+03
2.165050838829902204e+03
2.167044466828091572e+03
2.171370912364602646e+03
2.172327002296653063e+03
2.181522524305237312e+03
2.161601648204198227e+03
2.179029042248752376e+03
2.152755670171734437e+03
2.171493605694793132e+03
2.164715048537815164e+03
2.178849430473661414e+03
2.187683053800819835e+03
2.182564133484216654e+03
2.187892487966732006e+03
2.182625780462646162e+03
2.160810782711039792e+03
2.180625308038916955e+03
2.186956298027817411e+03
2.183459650717999921e+03
2.196480852440417948e+03
2.199859599544833145e+03
2.180563407123210254e+03
2.197679591581848399e+03
2.204399007932980112e+03
2.197157257214309084e+03
2.205057405247584484e+03
2.199271340253486414e+03
2.187567752014684174e+03
2.200122541392839139e+03
2.204625556481697458e+03
2.211186667900980865e+03
2.202697845436519401e+03
2.214997422367371200e+03
2.196958473938060706e+03
2.223622496029448030e+03
2.219516768471418345e+03
2.215641316147479301e+03
2.229069200223384087e+03
2.227646110448540639e+03
2.223683851605615473e+03
2.232291286924742053e+03
2.216006774499127005e+03
2.214433591537688244e+03
2.232551472358192768e+03
2.218592512760403679e+03
2.227934103359335040e+03
2.235508265956337709e+03
2.226428120113118439e+03
2.224523205688165035e+03
2.240819190416977563e+03
2.242276271314292899e+03
2.230959627434144750e+03
2.234624467508789621e+03
2.251923535362161147e+03
2.243039427021067240e+03
2.240280109914690911e+03
2.226196736569240329e+03
2.244779052133125333e+03
2.240837165300657944e+03
2.245902872314451997e+03
2.250763094473385081e+03
2.243823712523694212e+03
2.251558550804914830e+03
2.238899854226110165e+03
2.254653562201639488e+03
2.236079015484850515e+03
2.266630434675921606e+03
2.258026689587407873e+03
2.253404701498622671e+03
2.262710544790972563e+03
2.263307349649569005e+03
2.271436921341984089e+03
2.275912354490706548e+03
2.283771406376650702e+03
2.258598919359570573e+03
2.261617875508524776e+03
2.285627761226033726e+03
2.279903037759716881e+03
2.276687413397828095e+03
2.292033466929364295e+03
2.277226699851712056e+03
2.278217000632657346e+03
2.272644656894735363e+03
2.275592081542852611e+03
2.298680391532102476e+03
2.285830375774165077e+03
2.295690181078141904e+03
2.300822567496260945e+03
2.283049606869035870e+03
2.293005498971853285e+03
2.284319486563572354e+03
2.295835998383860897e+03
2.295163079523928445e+03
2.306670134427872199e+03
2.295115987952483465e+03
2.322968935293169125e+03
2.307097662103621587e+03
2.312353059396272329e+03
2.311135437040994020e+03
2.317423161654858177e+03
2.313970062921046519e+03
2.322868303481987823e+03
2.309453603109548112e+03
2.345565306689732097e+03
2.334009899402943574e+03
2.337656391118610372e+03
2.334408330090655454e+03
2.317588550131168176e+03
2.332042955176986197e+03
2.335536398537364676e+03
2.336263672175822194e+03
2.328378957622788676e+03
2.351348202875356947e+03
2.345650113387167039e+03
2.339355044063769128e+03
2.346407617371577544e+03
2.343676709305098939e+03
2.342314160291523876e+03
2.333830683924543791e+03
2.348696429206977882e+03
2.354877416808405087e+03
2.338598795432245424e+03
2.364763379451592300e+03
2.363059747800406058e+03
2.353175532541975826e+03
2.369106594495945956e+03
2.360519194040452021e+03
2.357991636809646479e+03
2.351073230558169143e+03
2.351978644493884985e+03
2.375119839013542787e+03
2.375382126866207727e+03
2.378184421364885566e+03
2.358664245179650152e+03
2.349402176612924450e+03
2.386725873233634957e+03
2.373529095941411924e+03
2.380392408288654678e+03
2.376914804104679206e+03
2.388015982604717010e+03
2.382985527234444362e+03
2.405626358498108857e+03
2.388725268987669551e+03
2.392968373563624482e+03
2.390195739692102052e+03
2.407850163559703105e+03
2.394767597413876047e+03
2.396226171191440244e+03
2.400017426252880341e+03
2.404886404626501644e+03
2.409619705280683320e+03
2.402610262542899818e+03
2.406875215021854274e+03
2.411013630029409342e+03
2.414152062356177339e+03
2.406928561898488624e+03
2.396633724996062938e+03
2.415469338660017911e+03
2.436986963287906747e+03
2.422452830885225467e+03
2.420306092520605034e+03
2.412767112469492986e+03
2.418693116180389097e+03
2.428644821963297545e+03
2.434096505744971637e+03
2.421283214851639059e+03
2.445707866416181787e+03
2.433174273522844032e+03
2.432367587099848606e+03
2.428567611402149396e+03
2.432396178453439006e+03
2.439449752670627731e+03
2.439120899710468166e+03
2.444014311005238596e+03
2.444278713369536035e+03
2.425782411037330803e+03
2.456135760628097614e+03
2.459936624336095065e+03
2.438840768123141970e+03
2.457464012819025356e+03
2.458439137545167341e+03
2.433216278419065475e+03
2.460112318884899196e+03
2.455991236891374683e+03
2.453926614307601540e+03
2.463855899233208675e+03
2.455735881027875166e+03
2.462014183345662332e+03
2.476290013923912738e+03
2.466241859972503335e+03
2.465161696735894566e+03
2.464546909378419514e+03
2.487523304094244395e+03
2.468902009526839720e+03
2.477579888403597579e+03
2.484146824330274740e+03
2.478563557097339981e+03
2.484358700779676838e+03
2.478286012758869674e+03
2.488936875971628069e+03
2.480679394049007897e+03
2.483244865949141058e+03
2.499754217437884108e+03
2.495632122568571958e+03
2.499394080156143445e+03
2.495663274371947409e+03
2.511023085684199032e+03
2.519790030125519934e+03
2.504033627455422447e+03
2.509117310893324884e+03
2.508474974171238046e+03
2.492835085180498027e+03
2.526046497697013820e+03
2.515905254870379849e+03
2.529973022733677226e+03
2.533150384977203885e+03
2.529639294189705652e+03
2.527782539276819080e+03
2.512812605852329852e+03
2.545043163896953956e+03
2.525424195644015526e+03
2.531290152880185815e+03
2.520987920347435193e+03
2.515357950973797870e+03
2.537257345607813022e+03
2.553205200638442420e+03
2.535031075325700385e+03
2.548464882527110149e+03
2.527837629733504855e+03
2.541260808082181484e+03
2.546726290546474956e+03
2.562865640064320814e+03
2.541888829429341058e+03
2.554034433872439877e+03
2.548356925405877519e+03
2.579470523338360636e+03
2.554971802800087971e+03
2.568298294104036358e+03
2.557647164426838572e+03
2.558296042939141898e+03
2.558470188384566427e+03
2.567388322270749086e+03
2.565470445620030659e+03
2.563616151568613532e+03
2.579908496118375751e+03
2.574896741465064224e+03
2.599056656385123460e+03
2.590190210450079121e+03
2.584172914802844389e+03
2.593456793543692129e+03
2.587534568730885439e+03
2.609768326546166463e+03
2.588054143832242062e+03
2.595880339240053218e+03
2.592373246964242753e+03
2.603944720487952964e+03
2.591586822739233412e+03
2.600062362031281282e+03
2.605996964676561674e+03
2.602079738123989046e+03
2.603196345146809563e+03
2.613751964850144304e+03
2.607957794579563142e+03
2.616298177615205077e+03
2.604073379628577186e+03
2.614219061928964038e+03
2.621242188383328084e+03
2.618616109091981798e+03
2.637297083879786442e+03
2.627584428203497282e+03
2.634763300771933245e+03
2.626901821233815099e+03
2.633214486329349256e+03
2.637847639554140642e+03
2.641187938228443272e+03
2.642995519770039664e+03
2.639016898523780128e+03
2.634506571469750270e+03
2.637357202767192575e+03
2.638738279984907876e+03
2.649935902702983185e+03
2.637100565094601734e+03
2.649443496878921906e+03
2.654895549769129502e+03
2.665628263273522862e+03
2.670703787198920054e+03
2.675188394046844223e+03
2.661286963638056932e+03
2.678132705942002303e+03
2.657750401903512284e+03
2.669667300394389713e+03
2.670588847391969466e+03
2.672636774113264437e+03
2.661820792571132642e+03
2.686188499266986582e+03
2.668949832688149399e+03
2.676988695035640831e+03
2.670285392029104514e+03
2.701382471406897821e+03
2.697495875632192110e+03
2.673282322813375686e+03
2.711350105528837048e+03
2.695611273561599774e+03
2.700131099421082126e+03
2.701071589469366245e+03
2.722276883209463449e+03
2.702435955850788559e+03
2.714202025014754781e+03
2.701645550859361265e+03
2.719930423958203846e+03
2.725802478283116216e+03
2.710239900160771413e+03
2.717697700933524629e+03
2.711920420199344335e+03
2.720247030510327477e+03
2.738601095225103109e+03
2.734256395278970103e+03
2.730226461747621215e+03
2.746809955739697216e+03
2.748970263617588898e+03
2.741314239819933846e+03
2.736460349014264466e+03
2.733403212504476414e+03
2.736670847523818793e+03
2.746729093675856802e+03
2.754499080356689319e+03
2.755271602290225928e+03
2.739729581576559212e+03
2.754740754233451298e+03
2.768130015832518438e+03
2.780637615582738817e+03
2.761417869971594882e+03
2.774820721474692164e+03
2.783536943499726021e+03
2.765760294898782831e+03
2.778937847233717093e+03
2.770065957533829987e+03
2.780422030104819441e+03
2.776029503761008982e+03
2.777800930066469391e+03
2.782836136551586151e+03
2.771154911660629750e+03
2.795447295362797831e+03
2.781611779038324585e+03
2.787107648593523663e+03
2.796608074080079859e+03
2.795298043097524442e+03
2.784716699298993262e+03
2.802449360386362059e+03
2.805257305896735033e+03
2.811556197263638751e+03
2.802461187809144576e+03
2.819418548968975301e+03
2.821328385936289578e+03
2.809774114843105053e+03
2.823064827869647161e+03
2.819737127956710538e+03
2.808604722963700624e+03
2.831863469671045095e+03
2.837440787922718300e+03
2.817386581458844830e+03
2.845143951248313897e+03
2.823349746026139655e+03
2.831966752974030442e+03
2.821683743055998093e+03
2.837108383027895343e+03
2.828335940786989340e+03
2.857739411677144744e+03
2.855504162832808561e+03
2.849317208457080142e+03
2.866825112108962458e+03
2.868252675790339708e+03
2.841175892907278467e+03
2.856918585347751105e+03
2.859600243246078207e+03
2.866132952633432978e+03
2.860938145975996122e+03
2.889199385859169524e+03
2.868248289173262947e+03
2.870897351304491622e+03
2.883268569635667973e+03
2.885232400693440468e+03
2.872118279287576115e+03
2.886366719678084337e+03
2.876002652327768828e+03
2.906458979297601672e+03
2.905359808970985796e+03
2.890290161252092275e+03
2.895870788962491588e+03
2.904180191195349380e+03
2.901083198483192064e+03
2.908634746649844146e+03
2.930201971252189651e+03
2.913849526933759080e+03
2.907513880336078273e+03
2.903768599374332098e+03
2.918898153287693276e+03
2.920304008602656722e+03
2.917796133051755078e+03
2.930099250229801328e+03
2.917213264358252673e+03
2.925990635660686166e+03
2.932302787180281484e+03
2.937777424620791408e+03
2.946578536295304275e+03
2.944614696416668721e+03
2.953512957938417912e+03
2.952291033923616851e+03
2.956212391292721804e+03
2.963346911780154642e+03
2.947172673676903742e+03
2.947156485943513417e+03
2.970916599755679272e+03
2.975992994419070328e+03
2.966322244957533712e+03
2.955527183499565126e+03
2.957639697019973028e+03
2.986109983418025877e+03
2.967418440731509691e+03
2.969716657544982809e+03
2.996366024809984992e+03
2.984035335618672434e+03
2.978111441897300210e+03
2.991122236343554050e+03
2.994369116971410222e+03
3.012981573158845094e+03
2.984320765400824257e+03
3.006261949933933465e+03
2.988873372504626332e+03
2.997928490609316214e+03
3.014248394771129369e+03
3.016001075920346921e+03
2.994991262464460306e+03
3.030632522218059421e+03
3.004806816265231646e+03
3.007037389975514998e+03
3.035565025323212467e+03
3.044115702881449124e+03
3.024284219779686282e+03
3.022412576692990569e+03
3.022143852597766454e+03
3.041135984516037752e+03
3.034130358376481581e+03
3.034534582113302349e+03
3.042036758454356914e+03
3.051138207169668931e+03
3.059147442772962677e+03
3.071269670339967888e+03
3.042889937517810722e+03
3.061784292203447876e+03
3.066532223838424216e+03
3.066862276800095060e+03
3.069338226354085691e+03
3.080925272143597795e+03
3.066471501203677690e+03
3.063551230673983355e+03
3.073747811484211979e+03
3.078690372225416922e+03
3.075366104045377597e+03
3.084588316455423865e+03
3.086401035424238216e+03
3.105654203593412149e+03
3.082847573758864200e+03
3.084478963751049832e+03
3.098076067587953276e+03
3.102370861587269701e+03
3.113393802063054409e+03
3.122772538975687439e+03
3.111876710813914997e+03
3.116180255682184907e+03
3.118106051104140988e+03
3.124586012923447015e+03
3.123363657401962882e+03
3.122698039903083554e+03
3.140080443859708339e+03
3.115672473664739300e+03
3.136086028909709512e+03
3.149577347139315862e+03
3.153042638857146812e+03
3.133448760578874953e+03
3.152683138142357166e+03
3.151047328748139989e+03
3.155401459096509825e+03
3.150695272529157137e+03
3.164383826740868699e+03
3.146089649893173373e+03
3.149772496066489566e+03
3.179126184928810744e+03
3.164425856115886290e+03
3.164492254308645897e+03
3.170210105975992519e+03
3.181405259332354944e+03
3.181709773660574683e+03
3.177978434790000847e+03
3.182713933658925725e+03
3.198903969979737667e+03
3.195001662667057644e+03
3.192534027214055641e+03
3.200218041995079602e+03
3.208227415596991250e+03
3.201777883802121323e+03
3.198210438792777495e+03
3.209972093362548549e+03
3.213080268442919078e+03
3.209702349364674319e+03
3.204541520091322127e+03
3.208541646183657122e+03
3.216258807263635390e+03
3.219075366031654994e+03
3.230368042562977280e+03
3.240525007638342686e+03
3.249010419178202028e+03
3.240969377303562851e+03
3.254209502952979619e+03
3.237001053620759649e+03
3.237675200946624955e+03
3.259644658564851397e+03
3.242697239211778651e+03
3.274797956884306132e+03
3.262639239264819935e+03
3.278605263534095684e+03
3.272528092540036596e+03
3.278613792271766670e+03
3.280681658879105271e+03
3.282021399286334599e+03
3.298803745098248783e+03
3.285823047725293236e+03
3.284820728203580074e+03
3.284931044876270334e+03
3.302274214842942911e+03
3.314309818026437824e+03
3.300156410718470852e+03
3.311114771794007083e+03
3.311279926383847851e+03
3.314354410600422398e+03
3.317854322046875041e+03
3.314617638681483186e+03
3.315031504860178757e+03
3.313468120939123310e+03
3.328872216592740642e+03
3.333987967059751554e+03
3.343849738303569211e+03
3.340383743282963223e+03
3.343520440773358587e+03
3.342791304393114387e+03
3.340887913420778204e+03
3.353201147437291183e+03
3.358630648292674778e+03
3.360039631038345306e+03
3.369494082625135434e+03
3.362511062015474636e+03
3.369151673537106944e+03
3.365510571340085335e+03
3.369861643673862545e+03
3.380200198790632385e+03
3.393965863278804136e+03
3.384326434010019511e+03
3.380542242293061008e+03
3.401892408089902347e+03
3.402937899132895836e+03
3.400978019510588183e+03
3.390731323924977460e+03
3.405829188829290160e+03
3.410863211915630473e+03
3.412535908746502628e+03
3.429600815015239732e+03
3.404422273000285259e+03
3.402028871380485270e+03
3.430611880941474283e+03
3.428982312921858011e+03
3.423717494260010426e+03
3.446783699152839290e+03
3.438448679076966073e+03
3.447707146561051104e+03
3.421200623654506671e+03
3.458756203584115610e+03
3.441871142889754992e+03
3.465543567936074851e+03
3.453991231799209345e+03
3.459546169171235306e+03
3.467563553623295320e+03
3.476326718328276456e+03
3.491881207405835085e+03
3.470933837452756052e+03
3.471477638355642284e+03
3.478821483858581814e+03
3.479748561759060976e+03
3.480289798182564482e+03
3.501616626720357999e+03
3.485404282259708907e+03
3.499423746711528111e+03
3.489742157952477555e+03
3.500375517116152423e+03
3.509270936660778716e+03
3.517648881873730716e+03
3.524647081622642872e+03
3.536230617860253460e+03
3.531169359504038312e+03
3.525781506471020748e+03
3.534166988750483597e+03
3.517046060385648161e+03
3.542704572299227493e+03
3.544682747562271288e+03
3.540436278291444069e+03
3.550550738360874220e+03
3.553950559523545962e+03
3.562363279322883045e+03
3.582669005369943534e+03
3.558595698474709025e+03
3.568335411692225534e+03
3.556386725423266398e+03
3.581252065465541364e+03
3.582823975334400984e+03
3.580275566848025392e+03
3.568233972291839109e+03
3.594282742169639732e+03
3.599987367088222527e+03
3.601648669222724948e+03
3.596069629280356821e+03
3.589110452005055322e+03
3.613626772724760485e+03
3.600626408009005445e+03
3.623898834355934468e+03
3.619030387828937819e+03
3.610621895468121693e+03
3.620917699959135007e+03
3.631137559216472255e+03
3.620419488937671758e+03
3.638046374598553939e+03
3.647935701256338689e+03
3.655648247478281064e+03
3.648604733506488174e+03
3.657525228397291812e+03
3.653127835186685843e+03
3.669464908491042479e+03
3.654656102146829198e+03
3.677541754518136713e+03
3.679503902792900135e+03
3.673231406571817388e+03
3.681072411746540183e+03
3.696145844429908720e+03
3.682380518995315015e+03
3.699406636591346341e+03
3.688143564317907931e+03
3.702211348884609833e+03
3.713347575045080703e+03
3.698909012076710042e+03
3.715144162764544490e+03
3.703906261985158380e+03
3.712454243651372053e+03
3.721719756374228837e+03
3.728641593249256857e+03
3.714201990730336547e+03
3.730669676937316126e+03
3.736180097125533393e+03
3.764997810697185741e+03
3.748149351473726256e+03
3.766972075463052079e+03
3.763689066163959069e+03
3.765091106770523766e+03
3.760129842539286528e+03
3.765203567519903572e+03
3.758508035039105380e+03
3.775894246031233251e+03
3.783571872989385611e+03
3.776165630717276599e+03
3.801715572464613615e+03
3.801171332009187154e+03
3.810949778233132292e+03
3.788312723306349199e+03
3.793052183353735472e+03
3.807930931690673788e+03
3.814626236780568888e+03
3.818405347370297932e+03
3.808025741684158675e+03
3.824894424889670518e+03
3.815767151447761535e+03
3.826974539990737412e+03
3.850297096498763494e+03
3.845142450994021601e+03
3.830132734219898339e+03
3.850012189606562060e+03
3.845577139262217770e+03
3.851450268112588674e+03
3.859513971791528093e+03
3.872792836245772378e+03
3.878208882723163697e+03
3.882437048571676769e+03
3.885614205908211716e+03
3.885357118755545343e+03
3.888615669584237367e+03
3.897716030553852761e+03
3.893925517543797014e+03
3.895073105274771478e+03
3.908026738802173440e+03
3.911667187968301732e+03
3.912464440556055706e+03
3.909975994752477618e+03
3.921956287988503846e+03
3.925412103280448719e+03
3.927068399526249323e+03
3.941857913209872549e+03
3.954937764713250999e+03
3.940395980008997867e+03
3.947591124616282286e+03
3.960198420401164640e+03
3.970877290724034538e+03
3.958990037198213486e+03
3.960081192444438784e+03
3.960668536419806514e+03
3.965492949465023685e+03
3.967298404522931833e+03
3.988559917147890701e+03
4.000806545025959622e+03
3.992323221534613367e+03
4.000081909468116919e+03
3.992291510951206419e+03
3.999232960640138117e+03
4.006701854712027853e+03
4.019113490517924674e+03
4.019161159708236482e+03
4.027622455011027341e+03
4.033592918189869124e+03
4.016714750542390448e+03
4.041938144708289656e+03
4.038728314011242674e+03
4.036112320227437067e+03
4.062572419004819949e+03
4.066126102291188090e+03
4.063173471799242179e+03
4.063616979026536228e+03
4.073972505276581614e+03
4.074603764380583016e+03
4.072549378871253339e+03
4.089823097418366160e+03
4.090340731426359980e+03
4.082655057595350172e+03
4.104808490912859270e+03
4.100586111438629814e+03
4.106925157129619947e+03
4.098259788500912691e+03
4.104064352035197771e+03
4.117952499199323029e+03
4.127622364677245969e+03
4.138342469382828313e+03
4.132822048089458804e+03
4.135874487067700102e+03
4.126864346687384568e+03
4.145426458530812852e+03
4.153598401675028981e+03
4.152383420832320553e+03
4.171082871699863972e+03
4.161704106286343631e+03
4.181759545665061523e+03
4.182604749294212525e+03
4.193092184330595956e+03
4.171410843887233568e+03
4.203394609900733485e+03
4.194072456403402612e+03
4.204679479323483065e+03
4.199238711725930443e+03
4.196210089592548684e+03
4.215637978611876861e+03
4.229769235375693825e+03
4.222392524848025460e+03
4.212970173874237844e+03
4.223482184178126772e+03
4.226897350374715643e+03
4.242873843120075435e+03
4.249592796568284939e+03
4.257081434703074592e+03
4.262463834227640291e+03
4.274975746301966865e+03
4.258792864097857091e+03
4.272225541751397031e+03
4.280471034477632202e+03
4.277145457130610339e+03
4.288595719851677131e+03
4.293814424071851136e+03
4.282889833869388895e+03
4.330303366728961009e+03
4.301954553423448488e+03
4.306354581211113327e+03
4.315083865941544900e+03
4.329917472898467167e+03
4.308406677861617027e+03
4.317689091767759237e+03
4.338635435950056490e+03
4.353149038682091486e+03
4.338324473523947745e+03
4.342865748857698236e+03
4.363806320635966586e+03
4.360639874940812660e+03
4.354744496831491233e+03
4.377742430576275183e+03
4.372254658256179027e+03
4.394562170923957638e+03
4.389559157700289688e+03
4.405316041497269907e+03
4.405473394654764888e+03
4.415965667812829452e+03
4.424944762327027092e+03
4.408026159014298173e+03
4.418602438005133081e+03
4.417617781015066612e+03
4.438680596128146135e+03
4.431698412034742432e+03
4.443908481227150332e+03
4.426701540549631318e+03
4.450730167941359468e+03
4.464092106071227136e+03
4.457931875623778069e+03
4.464712151475186147e+03
4.475249754049589683e+03
4.485820243780272904e+03
4.483871077887002684e+03
4.476233266622631163e+03
4.499561200036483569e+03
4.499002347805111640e+03
4.506389961762575695e+03
4.518948908014949666e+03
4.517029230424428533e+03
4.520109786105876992e+03
4.511505728801783334e+03
4.503509742172577717e+03
4.543833043648352941e+03
4.547995175028376252e+03
4.546887323765009569e+03
4.552398276020388948e+03
4.554628797482167101e+03
4.569661579463469025e+03
4.570714456962525219e+03
4.582971492134136497e+03
4.576968132380911811e+03
4.586038623814856692e+03
4.578675069031170096e+03
4.613889871463978125e+03
4.607246729390984001e+03
4.612554822785578835e+03
4.628186579110825733e+03
4.621144459498851575e+03
4.630236566373264395e+03
4.633486540736264942e+03
4.643544527746804306e+03
4.639540619077423798e+03
4.651817884726270677e+03
4.656087956811164076e+03
4.659371932707436827e+03
4.684770954678750968e+03
4.669240724562882860e+03
4.690611425103178590e+03
4.691839882402446165e+03
4.689385744317814897e+03
4.685483740577405115e+03
4.718840675318011563e+03
4.717518077358391565e+03
4.694570846007269211e+03
4.730053404010500344e+03
4.731440447670902358e+03
4.735937840319300449e+03
4.750118490096940150e+03
4.734184626373613355e+03
4.770983404833199529e+03
4.763170480355732252e+03
4.768490347693519652e+03
4.755675502999629316e+03
4.775045778212914229e+03
4.778247948349391663e+03
4.776319662131640143e+03
4.784218976774524890e+03
4.807196591167215047e+03
4.813730412987762065e+03
4.817895614150439542e+03
4.812862986310126871e+03
4.823072761341860314e+03
4.833799123163779768e+03
4.827373016549508975e+03
4.841058629873566133e+03
4.847379082271221705e+03
4.841317727379079770e+03
4.865939119515296625e+03
4.877381949793768399e+03
4.862569075702263945e+03
4.889367994384667327e+03
4.881282314740852598e+03
4.892160914230333219e+03
4.896169581831744836e+03
4.910116222871189166e+03
4.914854244099027710e+03
4.921514561642321496e+03
4.916463077204492038e+03
4.928534517026597314e+03
4.936038983355742857e+03
4.932537672431234569e+03
4.964102672371947847e+03
4.945792676995730289e+03
4.956784628176929800e+03
4.976140285125121409e+03
4.964493125896418860e+03
4.963840388125338905e+03
4.975427725430417013e+03
4.991474937878642777e+03
5.007723299574786324e+03
5.007788677005513819e+03
5.013442148342819564e+03
5.004354828429796726e+03
5.028666611012337853e+03
5.013992474805761958e+03
5.037372638141380776e+03
5.043942588742579574e+03
5.035599556810364447e+03
5.054772384810853509e+03
5.053199149414040221e+03
5.084708647628140170e+03
5.082053144490544582e+03
5.063279520573170885e+03
5.091652915141017729e+03
5.082749406454512609e+03
5.112965593754644033e+03
5.099015572053502183e+03
5.120290407471442450e+03
5.119139082814831454e+03
5.130696889062148330e+03
5.137940034938095778e+03
5.146687371640733545e+03
5.146134992246425099e+03
5.163814673569001570e+03
5.160326465268270113e+03
5.172073371683450205e+03
5.169752344101765630e+03
5.196070953251879473e+03
5.185522884011695169e+03
5.202430353645548166e+03
5.207347808936374349e+03
5.208288533479729267e+03
5.225794946061602786e+03
5.225407744549715972e+03
5.241410362304465707e+03
5.249336017470875049e+03
5.241515376808383735e+03
5.249130465904737321e+03
5.250559401237970633e+03
5.262755056030296146e+03
5.265628486341971438e+03
5.276822417918008796e+03
5.297178139773626754e+03
5.301007979118187905e+03
5.312256552791307513e+03
5.310602245312092236e+03
5.323441362391527036e+03
5.315021817887675752e+03
5.343951731285144888e+03
5.342293896076696910e+03
5.342907352140353396e+03
5.352268206371836641e+03
5.355130054206872046e+03
5.358992608408358137e+03
5.372902565000382310e+03
5.376785825666182973e+03
5.399510325670962629e+03
5.403574226986840586e+03
5.403667378060513329e+03
5.415825965764945067e+03
5.430802361445166753e+03
5.436105477835142665e+03
5.428353731917480218e+03
5.462260059406082291e+03
5.443470335999473718e+03
5.440280931595570109e+03
5.467828962555113321e+03
5.481504760854743836e+03
5.495305882303487124e+03
5.491886696491565999e+03
5.486416166509409777e+03
5.497764590808639696e+03
5.510696027734682502e+03
5.508728074589304924e+03
5.521182003715691280e+03
5.526108593213595668e+03
5.535554016193001189e+03
5.548587303153656649e+03
5.563447273069866242e+03
5.574141917205617574e+03
5.571823851897688655e+03
5.577034501774971432e+03
5.595568862399372847e+03
5.610202722124238790e+03
5.599273083125765879e+03
5.631212105370255813e+03
5.608880634185589770e+03
5.617026985211421561e+03
5.641112846208930932e+03
5.644261464185316981e+03
5.668765772357524838e+03
5.658526454342839315e+03
5.656595180590818018e+03
5.675582133938615698e+03
5.680568009963700206e+03
5.679218149856048512e+03
5.689344214176205242e+03
5.701676922551708230e+03
5.715987393995213097e+03
5.727561082486805390e+03
5.731947040623488647e+03
5.723149100489945340e+03
5.760245928326605281e+03
5.739441067347781427e+03
5.762939789970469974e+03
5.773033846652146167e+03
5.780933714683992548e+03
5.787401252748541083e+03
5.787560275209184510e+03
5.819700458040690137e+03
5.791338780098620191e+03
5.826161904053099533e+03
5.821825047341128084e+03
5.848062151763406291e+03
5.849574558626879480e+03
5.847625675378782944e+03
5.856866643219364050e+03
5.858929627288765005e+03
5.886375428187710895e+03
5.890063906243968631e+03
5.885599831866474233e+03
5.902871632275438969e+03
5.906481981336511126e+03
5.921373828964590757e+03
5.940862530654084367e+03
5.940215023453572030e+03
5.957835331279557067e+03
5.943978983001974484e+03
5.975388800488552079e+03
5.989781827017634896e+03
5.990432308135511448e+03
5.984970930032040997e+03
6.002563163681937112e+03
6.005161408830979781e+03
6.024432233381763581e+03
6.020539486006804509e+03
6.040335185368400744e+03
6.036001592315864400e+03
6.050371679736193983e+03
6.058119267251812744e+03
6.077445666355026333e+03
6.077880001896788599e+03
6.093141459558009956e+03
6.109652371042608138e+03
6.105945695757109206e+03
6.126050518222747996e+03
6.128822782133600413e+03
6.126159943346738146e+03
6.150959608236605163e+03
6.136038940840221585e+03
6.154463088138099920e+03
6.170424525729099514e+03
6.179241986702733811e+03
6.178700280706053491e+03
6.204627519622577893e+03
6.209601209775674761e+03
6.210142660908287326e+03
6.234554178725406018e+03
6.232967215124530412e+03
6.226300622180150640e+03
6.238257397846309686e+03
6.250885812374921443e+03
6.261207862665473840e+03
6.285655330817519825e+03
6.299456086802274513e+03
6.293231549396944501e+03
6.307336821694408172e+03
6.313270006927856230e+03
6.316005939318614764e+03
6.332829408270377826e+03
6.349301780890311420e+03
6.362380093166359075e+03
6.370347660114667633e+03
6.370105587966022540e+03
6.364912654356141502e+03
6.393396703542141950e+03
6.394797746682872457e+03
6.413174085901189756e+03
6.437283508977336169e+03
6.427198546797677409e+03
6.455491217665373370e+03
6.447525299530469056e+03
6.473746515051287133e+03
6.481364365281880055e+03
6.490856778450675847e+03
6.503643605015528919e+03
6.498985367046000647e+03
6.505266045501490225e+03
6.517349837874321565e+03
6.527850249924061245e+03
6.537731083259197476e+03
6.549869314894442141e+03
6.557397612192860834e+03
6.585236326737805030e+03
6.577046759509805270e+03
6.589931234596797367e+03
6.606146306048791303e+03
6.604497675691452969e+03
6.629037377064096290e+03
6.627751561606669384e+03
6.634901061511754961e+03
6.648795714025201050e+03
6.662637391713657962e+03
6.683888774829581962e+03
6.679633289052586406e+03
6.685651943389081680e+03
6.709065772238915088e+03
6.711694034390910929e+03
6.727185157401203469e+03
6.741135608071885144e+03
6.756651293365869606e+03
6.771938487296137282e+03
6.773219681092356950e+03
6.754641243205967839e+03
6.784693536534763552e+03
6.794949446069705118e+03
6.808633520702716851e+03
6.812433154974022727e+03
6.828856937128311074e+03
6.845633387948797463e+03
6.853567141678769076e+03
6.861725623913657728e+03
6.871113840325493584e+03
6.880505010915852836e+03
6.888919443633937590e+03
6.915552812835692748e+03
6.918032896410826652e+03
