9.206066467003727212e+02
9.117191168986300909e+02
9.223554003572426154e+02
9.003087584169126103e+02
9.166341318709744428e+02
9.229427600901130972e+02
9.195933953324082495e+02
9.123654673521693894e+02
9.154945370151866655e+02
9.195993682884101190e+02
9.235253180195929872e+02
9.187575638915639047e+02
9.326042952723888675e+02
9.117230942329747450e+02
9.062575013321314827e+02
9.053480463781428398e+02
9.250454287746314321e+02
9.095200422357472689e+02
9.158522520683465018e+02
9.131290949215658657e+02
9.266150113352100561e+02
9.133992308444700257e+02
9.135595967475992438e+02
9.189137183191627400e+02
9.188302584642827924e+02
9.254277890731588059e+02
9.134828341140134853e+02
9.259485566539071897e+02
9.214184894625108200e+02
9.169688493964760028e+02
9.098064397437505022e+02
9.269310745890051066e+02
9.121277532999270079e+02
9.244681318429969679e+02
9.202600333564668063e+02
9.317047682317815998e+02
9.132042650024727664e+02
9.072635624528635390e+02
9.261042399480398899e+02
9.122847890919358633e+02
9.217586423200627905e+02
9.287215957480459565e+02
9.081597051526269979e+02
9.148757221199987271e+02
9.254225876608433055e+02
9.356034308298008000e+02
9.267228179720042363e+02
9.309012263791620398e+02
9.226142818960919385e+02
9.388015145764392173e+02
9.371920765823178954e+02
9.171701774146207526e+02
9.202927299376925703e+02
9.313325609367321931e+02
9.133032190143502476e+02
9.243127387240153894e+02
9.294277323783275051e+02
9.170569849426575502e+02
9.236979785039652597e+02
9.396286111545737185e+02
9.222783733127608912e+02
9.376425065024411651e+02
9.427336565149892067e+02
9.184128545435357864e+02
9.278813959727801830e+02
9.380182583972195971e+02
9.349481326637315988e+02
9.076793907716820513e+02
9.234982814015597796e+02
9.335553444840693373e+02
9.111412598768533826e+02
9.314459463904628365e+02
9.143186655742970288e+02
9.229310886121091926e+02
9.146435937734447634e+02
9.273608183408958894e+02
9.269769438465880285e+02
9.389496191057777423e+02
9.286314898484054083e+02
9.229010233149249416e+02
9.288625198706375841e+02
9.345903558800574729e+02
9.311537381840963690e+02
9.266900150411378263e+02
9.243140241013592231e+02
9.387643404563325475e+02
9.400230913565859510e+02
9.354780207385397262e+02
9.332163360280612778e+02
9.299269077092163798e+02
9.326463183293351449e+02
9.140118130881749039e+02
9.214158666248735017e+02
9.274877542189361748e+02
9.171119931645163206e+02
9.302297042366969890e+02
9.077104133264615484e+02
9.336906588460599323e+02
9.210441285556627236e+02
9.417550414306103903e+02
9.153851758756496793e+02
9.264801740568399282e+02
9.173216146449613007e+02
9.394478301592116622e+02
9.338607877650081264e+02
9.154214352322393324e+02
9.180540782952764403e+02
9.272208852710231213e+02
9.309449770269949340e+02
9.208368661060898148e+02
9.282692748992144516e+02
9.254367695836283474e+02
9.311702609283308902e+02
9.233070030768352581e+02
9.294767873645811278e+02
9.246332236624778034e+02
9.231772522028203412e+02
9.284078977543076689e+02
9.447180828478896046e+02
9.381262323278579061e+02
9.234684607921723227e+02
9.312895563646405890e+02
9.274285647364539500e+02
9.345590895043187629e+02
9.240103829711665639e+02
9.278735463570550337e+02
9.161110789697468135e+02
9.403293096757143985e+02
9.202464000718562147e+02
9.265034890641894663e+02
9.331958919854093892e+02
9.240097164007672745e+02
9.394105245298551381e+02
9.364828383672479504e+02
9.338320060196061831e+02
9.291267279204089391e+02
9.312763636120455431e+02
9.147161713264225682e+02
9.229806982174648056e+02
9.269149205244638097e+02
9.183861169216010012e+02
9.265532417628817257e+02
9.311429963358751820e+02
9.352929254066875728e+02
9.262229591975092262e+02
9.454539245694523970e+02
9.216765051697030913e+02
9.239544091181293197e+02
9.406729181221668341e+02
9.389257573363506708e+02
9.385250913394340841e+02
9.395258730027920819e+02
9.270069659447517552e+02
9.221652516956830823e+02
9.406515886538933273e+02
9.329723231889840918e+02
9.228340881643092644e+02
9.309309267177767424e+02
9.387257881807759077e+02
9.266031374303152006e+02
9.490453438046891961e+02
9.178116862052561373e+02
9.297878716317028420e+02
9.138519142160743058e+02
9.371761971199230175e+02
9.330727691887827859e+02
9.394086099456765169e+02
9.476233544494997432e+02
9.308367133746959325e+02
9.149574931936197117e+02
9.397891478939889112e+02
9.218570349037904634e+02
9.324287952238229309e+02
9.349597686813605151e+02
9.240280929707416817e+02
9.331419959268664570e+02
9.468469758706064567e+02
9.381011311999143345e+02
9.364614995720598927e+02
9.310447304995997229e+02
9.292258407915120415e+02
9.413038570198654043e+02
9.309708519785151566e+02
9.325704767802968718e+02
9.300994182060920821e+02
9.283885116662301016e+02
9.263612580843340538e+02
9.325691697832944556e+02
9.196506009744083485e+02
9.418655407846000571e+02
9.382791000922958347e+02
9.290199403650223076e+02
9.443131695050102508e+02
9.446550820031386593e+02
9.188479549001375517e+02
9.205320384188578373e+02
9.320672159103075955e+02
9.424600952416021755e+02
9.222951810170599174e+02
9.294743226739473130e+02
9.372765720432273611e+02
9.410028176952677086e+02
9.393445649294931172e+02
9.440866791376035962e+02
9.346265632701847608e+02
9.286245206573717041e+02
9.486316277893247388e+02
9.561444457554567862e+02
9.356528960983060870e+02
9.236042794761069672e+02
9.548253665056482760e+02
9.225983526774948587e+02
9.327568467394095251e+02
9.348773723467254513e+02
9.358741669511763348e+02
9.217817671453627781e+02
9.431384855716926268e+02
9.279366672059010170e+02
9.382595831332604348e+02
9.315949782728923765e+02
9.297388193986007536e+02
9.393741164474013203e+02
9.241639773474676076e+02
9.220055980462890375e+02
9.400426559760746841e+02
9.368775990924938242e+02
9.419626335221881845e+02
9.449502238989357465e+02
9.308476858762012398e+02
9.430525928089673471e+02
9.261223659761486715e+02
9.252113916751530951e+02
9.458175939624719604e+02
9.365732417600911504e+02
9.466140925139305864e+02
9.387790681104490886e+02
9.349699029122328966e+02
9.522395263576285060e+02
9.306537612275842548e+02
9.254626861800365987e+02
9.384036161555019362e+02
9.488029517305139962e+02
9.160178547627290300e+02
9.340929347725895013e+02
9.288991943515907224e+02
9.434220197075992473e+02
9.453709829255946033e+02
9.378065265004222510e+02
9.353836628880519584e+02
9.384391985118270441e+02
9.425344233833423004e+02
9.281704398219860650e+02
9.365139158862441491e+02
9.378725679116504352e+02
9.415368490278876834e+02
9.348185409199084006e+02
9.330304631171247820e+02
9.463236705805985594e+02
9.415626643709667860e+02
9.453690185375435249e+02
9.372903287785901512e+02
9.297997640816158764e+02
9.356758671362804307e+02
9.419530578625295902e+02
9.456754801750948900e+02
9.516629504352309823e+02
9.428173336316630184e+02
9.284124377552909664e+02
9.483084091324750489e+02
9.369191775238309674e+02
9.299169329591055657e+02
9.463675631090492288e+02
9.290309428225140209e+02
9.227667350016201908e+02
9.267384445431052882e+02
9.416890426129627940e+02
9.341330552471090414e+02
9.515321123083040220e+02
9.409238355268571468e+02
9.505254146884951751e+02
9.290227948982388853e+02
9.416553148877669628e+02
9.537514148829137639e+02
9.410161627951208629e+02
9.495468795449961590e+02
9.493695470848487048e+02
9.326548113392683490e+02
9.294280264753228948e+02
9.490651442196639209e+02
9.355221993423541562e+02
9.431714152720887796e+02
9.379347821479558434e+02
9.364625734461903903e+02
9.564935440475876476e+02
9.432940041072563417e+02
9.281679090401278245e+02
9.519290085346999604e+02
9.279450205380670695e+02
9.450669512730187307e+02
9.483749580280593818e+02
9.414480899892168964e+02
9.403152747326388408e+02
9.343614933077880096e+02
9.508571508655552407e+02
9.445254842142959433e+02
9.546970794213486897e+02
9.290972086560833532e+02
9.420470393290191851e+02
9.393831738246578880e+02
9.450376036910754465e+02
9.533420353159675642e+02
9.411179993893669007e+02
9.430533759497616302e+02
9.574117739445709958e+02
9.433151194187129249e+02
9.383238752006661798e+02
9.392600593446570656e+02
9.282250674877449228e+02
9.502327090535299021e+02
9.380259952752976460e+02
9.405850370074721241e+02
9.291472587795154823e+02
9.274977009097539167e+02
9.474733719283530036e+02
9.390401157209499843e+02
9.290982700248505353e+02
9.534165037837667569e+02
9.429912200784413017e+02
9.538406803874740945e+02
9.425366981014905150e+02
9.514336798665264041e+02
9.435878868445312264e+02
9.435380499095466575e+02
9.423607716572286108e+02
9.415815306938666254e+02
9.386937009307847575e+02
9.471680628997480653e+02
9.463121954205461179e+02
9.466969927603173574e+02
9.405782527269590219e+02
9.593599834620493993e+02
9.374140886015438809e+02
9.536024165104944359e+02
9.391005495001218151e+02
9.419202783279364439e+02
9.592730322262132177e+02
9.524129057095251483e+02
9.515413914157179534e+02
9.322833601344973431e+02
9.427461863515793539e+02
9.440347404955405182e+02
9.481971960349291066e+02
9.459368866666794702e+02
9.278086934629910729e+02
9.289807836207143055e+02
9.500314122155469931e+02
9.445193394866138306e+02
9.506731344810632436e+02
9.521441093740874066e+02
9.486454768930575483e+02
9.428089618809160584e+02
9.542728965048825103e+02
9.318823790040779613e+02
9.421456708698883631e+02
9.447310698038821783e+02
9.602823711146440928e+02
9.387993980076669231e+02
9.526604966865850201e+02
9.555818301340970038e+02
9.466144318383039717e+02
9.506347719027257881e+02
9.645562599377356037e+02
9.481414799707951033e+02
9.528873050335282642e+02
9.638478866306795680e+02
9.332058784639357327e+02
9.498831524074425943e+02
9.560676234744369140e+02
9.470456109632657444e+02
9.556616390630199476e+02
9.404731041866774603e+02
9.382741075814641363e+02
9.437051779210286213e+02
9.529355381719159368e+02
9.544522956793682624e+02
9.596149768665737838e+02
9.574877215176475147e+02
9.626073850240599086e+02
9.372167095192307897e+02
9.538709844868703840e+02
9.415270648011081676e+02
9.498185638476027179e+02
9.479744898723408824e+02
9.460474433964302534e+02
9.440618763069127226e+02
9.557364462695236398e+02
9.412063179664729660e+02
9.589186051054880409e+02
9.603290742969264784e+02
9.529181569637730718e+02
9.421175642995068529e+02
9.456936518244733634e+02
9.546877568370425706e+02
9.519288278306057691e+02
9.394836566741395245e+02
9.427535107402771928e+02
9.464975944960032166e+02
9.666159183275728992e+02
9.582957596756215253e+02
9.575670020651807590e+02
9.512536050162445918e+02
9.540908273929901497e+02
9.499547321402164926e+02
9.442867728459314094e+02
9.361336635143499052e+02
9.436121875260363367e+02
9.677357822904424438e+02
9.579628962655140185e+02
9.578932349640858774e+02
9.575145948647714249e+02
9.597799075348839324e+02
9.673571429481137329e+02
9.368564535978417780e+02
9.383043596133562687e+02
9.469701842590920933e+02
9.355351297561164756e+02
9.503068760001654027e+02
9.530340076957163546e+02
9.451708310249688338e+02
9.585352793409277865e+02
9.447600234712118663e+02
9.489612105161453428e+02
9.328368132445117453e+02
9.486510068576342292e+02
9.438102707293380718e+02
9.458039294345945791e+02
9.630058144044752453e+02
9.461440618984800039e+02
9.612613175092751590e+02
9.484224858302163739e+02
9.591815894999052716e+02
9.698081257603834047e+02
9.436386836152937576e+02
9.482169853126657699e+02
9.637055550811508056e+02
9.460554732812778411e+02
9.612955873475320914e+02
9.470344575113427936e+02
9.583196533930145051e+02
9.562627783023669963e+02
9.646287047004766464e+02
9.585705815145946644e+02
9.492017647592365392e+02
9.485577077412741573e+02
9.432816741437000019e+02
9.485003081261511397e+02
9.375842936795019114e+02
9.552164479704539417e+02
9.431047495154741682e+02
9.622126615020799818e+02
9.677821714940660058e+02
9.537486673262446857e+02
9.553301594180061329e+02
9.525936737408704857e+02
9.573264100260988698e+02
9.528289504233448497e+02
9.410102621304126842e+02
9.618045942958945034e+02
9.638283116243022732e+02
9.560367198745839232e+02
9.632273525070531832e+02
9.612188637466520049e+02
9.610386274413996262e+02
9.732770943381390225e+02
9.622135544340553679e+02
9.578639041526417941e+02
9.474790994935658546e+02
9.532518011248650964e+02
9.626810431887563482e+02
9.665499705802449171e+02
9.477725807118358716e+02
9.528002622265552191e+02
9.694032487924980614e+02
9.553072010620854826e+02
9.694408758341277235e+02
9.482407693632851533e+02
9.482492991449298643e+02
9.497901283910074426e+02
9.554521028239951193e+02
9.734810443429671523e+02
9.654792912472157695e+02
9.444726637301672554e+02
9.473755631952637941e+02
9.527718621544281632e+02
9.712674181167146799e+02
9.494087211025964734e+02
9.495020473738146620e+02
9.514203506935338055e+02
9.626456752983526712e+02
9.727209524932248996e+02
9.622263531904088723e+02
9.538299151995921648e+02
9.738020043725863388e+02
9.487130288490492376e+02
9.503536895838451528e+02
9.723623121599715660e+02
9.619942429201153118e+02
9.575603351802321868e+02
9.536915017162921231e+02
9.630361706914218303e+02
9.419270654252576378e+02
9.507317731097635942e+02
9.648048665653629996e+02
9.492892366545631830e+02
9.638607628051674965e+02
9.571400956430530869e+02
9.589004062301443128e+02
9.726290031519195054e+02
9.550353869593067202e+02
9.490208368800815606e+02
9.549117207364533897e+02
9.464446920825782854e+02
9.706756198048254873e+02
9.586122222524928702e+02
9.600407314602011866e+02
9.705077397033020361e+02
9.637679360640454433e+02
9.489803342756645179e+02
9.593042388698740979e+02
9.662312589210298484e+02
9.552552066104304913e+02
9.665166537672366758e+02
9.550461397689211935e+02
9.738993247354384266e+02
9.687658364519807037e+02
9.732659819318790824e+02
9.553702793714878680e+02
9.687147266806757671e+02
9.616387165276454425e+02
9.603195585719449809e+02
9.597337061534210534e+02
9.512033303054347471e+02
9.629152992355153629e+02
9.618757440362081752e+02
9.656600683080463341e+02
9.586068499125854032e+02
9.546729605168832222e+02
9.764894555306948405e+02
9.667519096512883152e+02
9.623988564353838910e+02
9.700838201713684157e+02
9.764756205159745832e+02
9.747759224164252601e+02
9.666159379368251621e+02
9.682379430160355014e+02
9.511966274189630894e+02
9.568732070645870635e+02
9.671345135855863191e+02
9.695620453601741247e+02
9.716989844462647170e+02
9.553074439439901653e+02
9.688948732074904910e+02
9.492461946470359635e+02
9.503190977812270148e+02
9.714957464589474512e+02
9.531082417587930422e+02
9.661989637954956152e+02
9.529718747648000772e+02
9.749024416933979182e+02
9.591064993815795106e+02
9.605573274239177408e+02
9.788101165894395308e+02
9.514807122193727764e+02
9.529537058680093651e+02
9.647836244772186092e+02
9.682368011665842005e+02
9.589944573541222326e+02
9.457159371119206526e+02
9.579276512098385865e+02
9.663071487658410206e+02
9.713504836306499328e+02
9.666956414379726539e+02
9.765078693393812728e+02
9.519668176782430464e+02
9.627122438435253571e+02
9.575841383634711974e+02
9.784633026265966009e+02
9.719096522005115730e+02
9.675747014700231148e+02
9.786705210300672206e+02
9.701629890631202215e+02
9.567852702071331805e+02
9.557941314912825419e+02
9.534378596230474159e+02
9.734890878479108096e+02
9.852392563260992802e+02
9.837977802747300302e+02
9.666137267529603605e+02
9.622097274054819991e+02
9.588035769618237509e+02
9.724922187126448989e+02
9.427398896560050616e+02
9.706862729539690235e+02
9.529701661049615495e+02
9.759077237818685262e+02
9.625765963317537626e+02
9.627569948725224549e+02
9.657054476664159210e+02
9.613254183087360616e+02
9.733837575343637809e+02
9.647737425584216453e+02
9.531209458630289646e+02
9.712188430254427658e+02
9.705910332011985702e+02
9.550256567434314547e+02
9.738997957776147132e+02
9.662595615044313035e+02
9.675213000590334786e+02
9.854131504474532903e+02
9.598478858906944424e+02
9.667491007071095055e+02
9.721491767959588515e+02
9.434997886096704178e+02
9.604669271070982859e+02
9.663828562260614490e+02
9.804259095199763578e+02
9.594358448790177363e+02
9.546115171530310590e+02
9.488582281701055763e+02
9.631532178458440967e+02
9.672782626910642421e+02
9.585748599756958583e+02
9.647555788832365806e+02
9.554540433957018877e+02
9.727879969689830659e+02
9.584326388117837041e+02
9.768161359192309874e+02
9.542756916984762938e+02
9.749623043539743321e+02
9.606906944271877364e+02
9.757588119536058002e+02
9.544344803459553077e+02
9.628693428449421390e+02
9.620504604695360058e+02
9.469708507032528360e+02
9.722525306163383902e+02
9.600098528369722999e+02
9.604254279571269990e+02
9.632179998146652906e+02
9.817039437822105583e+02
9.664744865687296169e+02
9.580087980757366495e+02
9.647511012659075504e+02
9.668432143024662082e+02
9.563895209107997744e+02
9.543375580216262506e+02
9.524778665537052120e+02
9.923859481286157234e+02
9.745303411037243677e+02
9.669858678593342347e+02
9.656607746773975123e+02
9.628590685929132178e+02
9.548169449634398234e+02
9.633853273872738328e+02
9.823529883810236925e+02
9.641135041756951978e+02
9.647653197061036963e+02
9.575470546293930738e+02
9.702781205133256890e+02
9.509941791030238392e+02
9.669647470225785355e+02
9.788216209731034496e+02
9.687639236019277860e+02
9.721940111549064341e+02
9.638212391951319660e+02
9.687482390220483239e+02
9.619739403636300494e+02
9.682313371170317851e+02
9.660240885536364885e+02
9.734153583691667109e+02
9.810878480802381318e+02
9.813504206999439248e+02
9.746235477942019543e+02
9.724448536941134762e+02
9.626244063682947854e+02
9.819791873917920384e+02
9.766070066047399223e+02
9.776535726974411773e+02
9.624767875733896290e+02
9.772993665768932487e+02
9.629118428979886630e+02
9.627681526750145622e+02
9.632119776304363086e+02
9.658748810222872407e+02
9.713124999746687536e+02
9.762899273273284280e+02
9.652878846825774417e+02
9.768213299679771353e+02
9.833085306078093026e+02
9.758736935956508205e+02
9.782017469002787493e+02
9.653454508171882935e+02
9.587768736988947467e+02
9.676417168571655338e+02
9.898298609192080448e+02
9.657409634336233921e+02
9.712411228866452575e+02
9.731331676720058113e+02
9.723724781226537743e+02
9.561002460640293066e+02
9.755705074552845417e+02
9.660685036980323730e+02
9.624706183285678662e+02
9.607652313441565184e+02
9.784976464817644910e+02
9.699356593334272247e+02
9.648966812600810954e+02
9.655627595901459017e+02
9.818131451007710666e+02
9.617237452619582427e+02
9.735837644164462290e+02
9.783888194350497542e+02
9.702427077399970585e+02
9.838150888161027297e+02
9.735673939132200303e+02
9.732039504574316879e+02
9.897351006228295773e+02
9.743741628039232410e+02
9.866212723167868717e+02
9.654337117471767442e+02
9.543256247836941384e+02
9.783967096899930311e+02
9.782038912811952969e+02
9.711137538558087954e+02
9.765104612805412216e+02
9.785929838996395347e+02
9.844834598627414834e+02
9.628971042498119459e+02
9.798119129284118571e+02
9.755802975766378040e+02
9.762645739415024764e+02
9.878760099860708124e+02
9.796616656799624252e+02
9.713584605736996309e+02
9.791788223313570825e+02
9.815132360807612031e+02
9.697226115702518427e+02
9.700031200983343069e+02
9.667065692164654820e+02
9.964732984341146675e+02
9.833445405396424803e+02
9.951780611892187380e+02
9.822420397143429227e+02
9.629507851527378079e+02
9.742967788357786958e+02
9.700682616434086185e+02
9.807733524572337274e+02
9.804094611841368305e+02
9.779665110797603802e+02
9.658347907324109656e+02
9.716474998474835729e+02
9.896057858470767314e+02
9.847850019912937114e+02
9.701202686834794804e+02
9.727034194508419205e+02
9.818936183049220290e+02
9.661694945782575132e+02
9.725019383581875445e+02
9.758159524803490967e+02
9.953894776573507670e+02
9.912758015260952789e+02
9.819266632299952562e+02
9.791796991574708500e+02
9.885661209090025068e+02
9.856388151377128679e+02
9.891288023146594242e+02
9.785371156185901782e+02
9.623601588494070711e+02
9.729524442026096267e+02
9.754843801807936643e+02
9.760966184021793879e+02
9.789830119903707555e+02
9.815256022850403497e+02
9.850829475865493805e+02
9.693144421332445972e+02
9.847452749770490072e+02
9.870123605784192478e+02
9.770955792861060445e+02
9.688975341067462068e+02
9.829848736011144865e+02
9.763858260942880634e+02
9.764162480580015426e+02
9.696016318134120411e+02
9.876221799736487128e+02
9.765798512286165760e+02
9.989271884664700565e+02
9.730581436756806397e+02
9.808168469368907836e+02
9.769818073167033390e+02
9.684329239992229077e+02
9.756499921239840205e+02
9.750795006547615458e+02
9.674822102523077092e+02
9.689574813799082449e+02
9.849934957706667547e+02
9.857737813016426571e+02
9.732133903703838769e+02
9.804013807457193934e+02
9.877007692369546703e+02
9.809911074066737910e+02
9.858564152386547903e+02
9.825852438005894101e+02
9.594880065933729156e+02
9.776880705309504265e+02
9.680613738164752249e+02
9.608607941197672062e+02
9.806246072304253403e+02
9.690740024550522094e+02
9.740226643018338564e+02
9.816462527234925801e+02
9.756163321253429785e+02
9.790608750013919916e+02
9.686082663985408772e+02
9.757239284437969218e+02
9.735767831177236076e+02
9.685687764966093027e+02
9.674301244358563281e+02
9.697234269929539323e+02
9.737767646584152317e+02
9.725584286801574763e+02
9.826971949105050044e+02
9.885962343246326327e+02
9.777435920463443608e+02
9.767288762011523886e+02
9.897752051167977925e+02
9.841349370765749427e+02
9.744759933225278701e+02
9.766686540912080545e+02
9.930655742143067073e+02
9.867481395659893906e+02
9.816882999636145541e+02
9.695237754054521702e+02
9.754293048482900303e+02
9.724128134880421612e+02
9.876297004174422227e+02
9.741564766859720521e+02
9.648746240813225086e+02
9.922431982490818427e+02
9.803709845255496020e+02
9.795700263246610575e+02
9.853852535683726046e+02
9.689279693954985078e+02
9.776026842867671576e+02
9.779455175680209322e+02
9.827477924035421211e+02
9.738335526819905681e+02
9.748300818745359493e+02
9.781819079682896927e+02
9.789612418158244509e+02
9.777881747225217168e+02
9.897702099877793671e+02
9.690198210331395785e+02
9.715461920519259138e+02
9.907338294270066399e+02
9.952974733937697920e+02
9.811849703161467460e+02
9.714546474510831331e+02
9.816707837126168670e+02
9.740586176950822619e+02
9.937135571375231393e+02
9.757317154552193870e+02
9.838129709283640523e+02
9.724305584588053080e+02
9.754934215319544819e+02
9.713150733502121739e+02
9.649639329668827941e+02
9.783027908482729345e+02
1.004168962178982042e+03
9.712657804918691227e+02
9.783222564951257709e+02
9.965046351971004697e+02
9.861153545205575028e+02
9.805521755392998102e+02
9.758531662054182334e+02
9.908489690477084650e+02
9.784286464618888886e+02
9.874041800874434784e+02
9.789521390054115955e+02
9.793860167978099298e+02
9.841769867013225621e+02
9.685217852043200537e+02
9.898267098122911420e+02
9.938542274520266346e+02
9.950801453150512543e+02
9.910116795752140888e+02
9.734817977695054196e+02
9.950220211363681528e+02
9.928934915758911757e+02
9.842912822362278575e+02
9.817139208413872211e+02
9.777436707665090125e+02
9.969613553563390269e+02
9.925101213004548981e+02
9.832152642860791047e+02
9.830908387470296930e+02
9.984286439715895085e+02
9.855182118248590086e+02
9.753527570092843462e+02
9.593780736596036149e+02
9.827746144282914429e+02
9.792676614844497180e+02
9.854592580967787399e+02
9.976357849662080071e+02
9.719046532750958249e+02
9.676777327907637982e+02
9.749370590804546737e+02
9.823658137487400381e+02
9.776492561333967615e+02
9.899074086507403081e+02
9.749771681416568754e+02
9.734513054519654816e+02
9.794619093405000285e+02
9.855149530345213407e+02
9.680523006301349369e+02
9.861827673270188370e+02
9.806617746742631425e+02
9.811817335429956302e+02
9.847243058499728932e+02
9.807478408296263979e+02
9.783190761170108090e+02
9.676340964196677987e+02
9.831681668143080515e+02
9.809795508180538945e+02
9.885251075116434549e+02
9.790209201877287342e+02
9.807205381121520986e+02
9.779358517652725595e+02
9.895441808080786359e+02
1.010913931050007136e+03
9.791069042875435571e+02
9.629988729866188351e+02
9.748413348724652678e+02
9.752905877485891324e+02
9.816313568429940233e+02
9.738409736554469873e+02
9.683268999162062300e+02
9.854307575674677082e+02
9.896523123787296754e+02
9.772107932517260451e+02
9.754828816986942002e+02
9.827018880937507674e+02
9.861301689960506565e+02
9.913895480511667984e+02
9.876037436357044044e+02
9.937484461048160256e+02
9.885779996346491316e+02
9.878768878037677723e+02
9.815398386958679566e+02
9.907981875173908293e+02
9.932803078513896935e+02
9.821859811842990666e+02
9.783336755945533696e+02
9.769379162335843603e+02
9.733484219642997459e+02
9.826331479668851898e+02
9.772923568104364449e+02
9.996976118542636414e+02
9.970592890915883117e+02
9.836295500986436764e+02
9.982018147404961610e+02
1.006193216695616798e+03
9.859838484562654912e+02
9.705150012140403533e+02
9.961944396154999595e+02
9.826680029429065826e+02
9.750751472367983297e+02
9.933812831033901602e+02
9.942323506783995981e+02
9.774216698291335206e+02
9.744182640210254931e+02
9.729021684183679781e+02
9.938233116837942589e+02
9.884977787801205977e+02
9.849900816145377576e+02
9.906665387702081489e+02
1.000881000082696005e+03
9.803857045259263714e+02
9.817227825288732674e+02
9.738154778604216517e+02
9.923647417803920234e+02
9.941149006469709093e+02
9.856856898567477856e+02
9.936935137249910213e+02
9.997795995034662155e+02
9.912396849479754337e+02
9.800845461545817443e+02
9.927391735648556050e+02
9.870853360800725795e+02
9.837961167255344890e+02
9.824737334783593496e+02
1.004987291262393228e+03
9.947610942609035192e+02
9.766487191785217874e+02
9.774557361661884443e+02
9.874762988831662369e+02
9.945676741100622849e+02
9.792962617539550365e+02
9.879653889749658902e+02
9.780417640047851364e+02
9.844498593636926671e+02
9.903811531747159052e+02
9.901046208525143584e+02
1.000940206355734972e+03
9.891955271219453607e+02
9.978367056537452982e+02
9.830937576465696566e+02
9.889023300791533302e+02
9.896348044086241771e+02
9.933828437346739975e+02
9.917072628118361308e+02
9.796944914828891342e+02
1.012623761833756930e+03
9.707045059902447974e+02
9.911674533488230736e+02
9.856302566931991578e+02
9.772486569987653411e+02
9.910381950825945978e+02
9.792709829598918532e+02
9.841704634401310159e+02
9.850387869848120772e+02
9.823654318314675038e+02
9.985118395390715023e+02
9.981338792402627860e+02
9.922098936028045273e+02
1.007552654683828905e+03
9.738125268087596851e+02
9.894148845021753687e+02
9.837221516791697695e+02
9.843720025933957913e+02
9.843861801178936730e+02
9.818371588276146440e+02
9.892795389820230412e+02
1.003964439633164943e+03
9.804730925422555856e+02
9.895094136956852253e+02
9.825215568740732124e+02
9.927901418000607237e+02
9.909436133111246363e+02
9.999580708670002878e+02
9.943487281643092501e+02
1.004212723109093758e+03
9.997345778083824825e+02
9.733727972524404777e+02
9.739079938569580008e+02
1.005924391032725111e+03
9.823118587020516088e+02
1.000248854390619272e+03
9.872104582133854365e+02
1.001396144416349784e+03
9.864616890850932123e+02
9.801409000108812961e+02
9.893652819420649394e+02
9.918692248489140866e+02
9.839328489735211178e+02
9.905667258054008926e+02
9.916234635185213619e+02
9.992269265592439069e+02
9.942362519485187704e+02
9.989117351343119253e+02
9.905022091498126429e+02
9.959339963110828648e+02
9.848437731487814517e+02
9.955910464587786919e+02
9.907320023340672606e+02
9.968884145975187039e+02
9.903700432250756194e+02
1.000139516215989374e+03
9.762840708709577484e+02
1.009594614596252541e+03
9.967288387551402593e+02
9.766639322606752103e+02
9.988844453492149569e+02
9.970269550251022110e+02
9.831588482402070213e+02
9.915914159701358130e+02
9.932649662993063657e+02
9.881674803831408553e+02
9.947497845806574333e+02
9.889615703794877390e+02
9.816537055041159192e+02
9.859220923631078222e+02
9.966898048232035308e+02
9.822875808999272067e+02
9.889966603032005423e+02
9.893680269459274541e+02
9.875371455877730114e+02
9.842006651626592202e+02
1.009065033268235197e+03
9.931825244092361800e+02
9.912714247691976652e+02
9.981961705673844563e+02
1.002323781836123658e+03
9.926795918298848846e+02
9.945899554449033531e+02
9.966706223722707136e+02
9.940333669010716449e+02
9.995749848866933007e+02
9.818661667077096808e+02
9.829438766127861982e+02
9.790473493581980620e+02
9.823941011909751069e+02
9.958508921565752416e+02
9.970597125010414175e+02
9.780265839601753441e+02
9.956629254654988017e+02
9.930976153677339653e+02
9.910341735759254789e+02
9.919705626324785044e+02
9.925404679874178555e+02
9.840660998107249497e+02
9.927319871907608331e+02
1.000436847989918988e+03
1.001868906648294910e+03
9.832634653722459461e+02
9.897832842509628790e+02
9.942200629320246890e+02
9.842184285745199759e+02
9.752528679871821851e+02
9.914792986557521317e+02
9.886585564382251050e+02
9.761460257897848578e+02
9.880170872586763835e+02
9.921131094128363657e+02
9.880658673415344992e+02
9.990464082334582372e+02
9.929027429476151383e+02
9.862148657087917627e+02
9.814995864022864680e+02
9.976846123155754640e+02
9.912115853029694108e+02
9.887316929491943256e+02
9.980101021653496218e+02
1.000531628716009550e+03
9.971984539571993764e+02
9.838848049673637206e+02
9.941314131542798123e+02
9.838692106077030530e+02
9.985869219505241290e+02
1.000813907383794458e+03
9.970389664124451201e+02
9.858388969561286785e+02
9.976254229611524806e+02
9.980634436733080292e+02
9.886450275910294749e+02
9.881969001836941970e+02
1.002003337344720080e+03
9.896806378122387287e+02
9.953714200444405833e+02
9.989853470619835889e+02
1.017822617748498487e+03
9.903295383917221670e+02
1.000033559885766635e+03
9.903501741144765447e+02
9.897440727121223745e+02
9.992944350169051404e+02
9.969663625865981658e+02
9.884075614076502916e+02
9.804980496278867577e+02
9.950357376717955731e+02
9.897930010524548834e+02
1.009919806350006297e+03
9.940922462678427109e+02
1.006866906735745602e+03
1.004548583264305194e+03
1.006852457313295758e+03
1.001839668736155772e+03
9.894506891361043017e+02
9.858500159928884159e+02
1.005318562145283295e+03
9.811765332297837858e+02
9.927649392910751658e+02
1.008283207123728289e+03
9.975327959296738527e+02
9.813055167501278220e+02
9.994396341169103835e+02
9.912650042984084848e+02
9.813855061111228224e+02
9.846203457684996465e+02
1.011782003519951331e+03
9.857867289950828535e+02
9.924164643695214636e+02
9.943093792428622919e+02
1.012730778125908046e+03
9.882539427807366792e+02
9.965907181454761030e+02
9.965849668601028952e+02
9.994148030100220694e+02
9.988409993840201651e+02
9.912702365005222873e+02
9.977757104431694870e+02
9.960190901752041555e+02
9.896708341887243705e+02
1.010850020593483691e+03
9.953247017411622437e+02
9.881867561507120854e+02
9.820259667454814689e+02
9.797109390344916164e+02
9.867480715787897907e+02
9.840938248778510342e+02
9.941999045653781195e+02
9.959608817677077468e+02
9.975878266123435196e+02
9.783823121142490891e+02
9.813153404236716142e+02
9.888867464105302361e+02
9.985851753349779756e+02
9.841242364693949867e+02
9.919576623567005527e+02
9.853936465335176536e+02
9.882920432797459398e+02
9.827707952237274185e+02
9.996833015160218565e+02
1.001472437651143423e+03
9.916305240110511932e+02
9.860916427501178987e+02
1.005546147196033075e+03
1.011026995700837460e+03
9.757431519460393474e+02
9.890960398430552232e+02
1.000944333818830046e+03
9.931952888909817148e+02
1.002922583614585051e+03
9.976158630969928254e+02
1.005831278367172104e+03
9.990521557074711154e+02
1.009397892562021070e+03
9.828006495241057792e+02
9.911765044827835709e+02
9.929710315115021331e+02
9.915863852168955646e+02
9.950830747958133315e+02
1.010018496180543025e+03
9.875444187729215173e+02
9.813178820835787519e+02
1.010294279074905262e+03
9.866883033604203774e+02
1.007641717351737157e+03
1.005009283958081369e+03
1.001027032427345034e+03
1.000281448334378751e+03
1.005952055550524506e+03
9.993468302910007424e+02
9.904864297393212382e+02
9.915576788734646243e+02
1.010609114990293619e+03
1.009752513452569929e+03
1.008757135079915997e+03
1.006369163561857022e+03
9.903505051938282122e+02
9.989252895555222267e+02
1.002958610160906005e+03
1.013732333038728484e+03
9.848289800589474225e+02
9.997444446751668465e+02
9.974018778604761337e+02
9.906325457233220959e+02
9.908330165901620603e+02
1.003053096739390526e+03
9.946265549246259070e+02
9.966580236424947543e+02
1.000003749785291348e+03
9.910559193660978963e+02
9.868729570999265661e+02
1.000514564277863656e+03
9.950495542525077326e+02
9.846460226426812596e+02
9.886269835450860910e+02
9.926579312414640981e+02
1.001481338703069810e+03
9.900507183243456666e+02
1.000641517078860375e+03
1.013019387634446502e+03
9.903917377592288176e+02
9.995762223968147282e+02
9.930180858689260504e+02
1.004509453338618869e+03
1.000392244467521891e+03
9.915930573492239546e+02
9.891679890354724876e+02
9.921287667601230851e+02
9.848754248760652672e+02
1.012655811578091857e+03
1.000068577895194039e+03
1.003916265989376825e+03
9.911509283579017620e+02
9.866875252392254652e+02
1.008738715832997741e+03
1.005014280552564287e+03
1.001710457599414099e+03
9.894077340125246565e+02
9.952817346778010688e+02
9.996779438733537972e+02
9.845518371210046098e+02
1.008563690834876070e+03
1.009093537274188634e+03
1.006664727493502255e+03
1.001886519996559173e+03
9.746237796894822623e+02
9.915454727810147233e+02
9.952970721817806634e+02
9.852386345428699315e+02
9.896721154504448350e+02
1.003100001850076183e+03
9.881211404543562367e+02
9.871853148788387671e+02
9.907453475071230287e+02
9.844182844353094879e+02
1.005209716767529471e+03
1.006822338547356821e+03
9.999865701192393317e+02
1.005643125726483504e+03
9.970317776450513065e+02
9.919622055997176631e+02
1.003636577202183389e+03
9.851872910343499825e+02
9.936571184963232781e+02
9.891753398742463332e+02
1.002624457823440252e+03
1.004002445166622920e+03
1.000232450358915912e+03
9.954080184095051891e+02
1.020613660950197641e+03
9.922206982610107389e+02
1.009164869109206847e+03
9.962349055471656811e+02
1.008373976857561161e+03
1.005403878338667255e+03
9.998101449191906340e+02
1.006146663272355795e+03
9.906637256244622449e+02
1.006432417665435082e+03
9.881734361607441315e+02
1.002473218989252928e+03
9.921819838823058717e+02
9.904157887699617504e+02
9.858784957047458875e+02
9.986775541755370114e+02
1.001799967158836807e+03
9.825051937545621286e+02
9.865769574369725206e+02
9.897926466096029117e+02
1.004538638262503355e+03
1.010371425726652092e+03
9.771970652425019352e+02
9.962010003354006358e+02
9.910288639638396262e+02
9.980206768016356591e+02
1.003577906463696650e+03
9.914078816517039741e+02
1.002344884996029236e+03
9.990718742172123257e+02
9.941122473977062555e+02
9.816514577053446828e+02
9.968822546040348698e+02
1.006719101135949927e+03
9.960208783541695539e+02
9.918505387444999997e+02
9.898208272477278342e+02
9.955546568675393928e+02
9.811930344115479556e+02
1.000572064388815988e+03
1.006016394015596802e+03
1.005966016888991817e+03
9.866730917428487828e+02
9.938727913122824020e+02
9.947468700365682253e+02
9.849428226640413868e+02
9.987529943237447014e+02
9.967866782820445906e+02
1.010007811808682959e+03
9.920805595531719518e+02
9.917620616444301049e+02
1.002151667998224866e+03
9.940182356559112122e+02
9.947392208520499253e+02
1.000956461242523119e+03
1.001989154991482110e+03
9.936374363300697041e+02
1.001862502820755708e+03
9.916874432470849570e+02
1.000950180923501875e+03
9.963062605570858068e+02
9.821734310566441764e+02
1.003172050430721242e+03
9.963902777280354712e+02
9.938576161316160551e+02
1.012738035945757019e+03
1.001644305050959133e+03
9.879674903142708899e+02
9.891120665798351865e+02
1.002199435620405666e+03
1.002329580786050883e+03
9.893362427112897421e+02
1.006249976763885343e+03
1.007168480354101916e+03
9.815999880838988929e+02
1.005623985751364216e+03
9.838635055581339657e+02
1.017353934165560645e+03
1.009319211065158129e+03
1.016524284210863925e+03
9.902292441975641850e+02
1.023697613121034237e+03
9.904205290692875678e+02
1.000549580510098053e+03
9.887299292018052483e+02
1.003999169209386309e+03
1.005314318940991484e+03
9.917959330273548630e+02
1.008925693336721906e+03
9.944410548189860037e+02
1.001822593195144464e+03
9.929635760064813894e+02
9.809730806879431384e+02
9.958654047089171399e+02
1.009479617642045469e+03
1.005686266998076349e+03
1.000242804410712438e+03
9.962569737698327117e+02
1.005109098431194639e+03
1.000814761388956981e+03
9.932174905301812942e+02
9.959102706457804288e+02
1.003659058354841591e+03
1.009568995496983234e+03
1.000252323083208353e+03
1.007403776062115071e+03
9.994714171250449226e+02
1.011705100935058681e+03
9.871721826107605011e+02
1.013817618680280361e+03
9.977304437147751059e+02
9.905736291086133178e+02
1.004271992973106080e+03
1.004351155450602619e+03
9.958373892766469453e+02
1.001358035976423480e+03
1.003754549345330133e+03
1.006968231656654325e+03
9.868557161472684811e+02
1.003674018564083667e+03
9.910556966494416429e+02
9.974899629532928884e+02
1.015432691190264450e+03
1.003215032820168403e+03
9.903041916110316834e+02
9.841617514867557475e+02
9.985503706959514147e+02
1.002543480520766366e+03
9.985133298035123062e+02
9.913377930845925903e+02
9.783729020082728312e+02
9.969518268491642630e+02
9.972576374589738180e+02
9.891050089756754460e+02
9.936881776394628787e+02
1.003487714451056263e+03
1.003916116671939562e+03
9.836439910241426787e+02
9.921610397703541366e+02
1.005260255436406396e+03
1.009945453205168747e+03
9.893209949295660408e+02
1.006323016062377746e+03
1.001520107339510787e+03
1.006086759474695896e+03
1.008067473625251296e+03
9.998721983054973634e+02
1.010338213758917391e+03
9.937270431837032447e+02
1.011022924946282046e+03
1.014655135923562625e+03
1.011030149201330005e+03
9.933937048855664216e+02
9.990558227319443176e+02
9.967566183180463213e+02
1.009047526488596986e+03
1.009153934959828462e+03
9.776217829999484366e+02
9.829578070783566091e+02
1.005844324140846311e+03
9.964333263587361671e+02
9.933677788411558822e+02
1.005794586135461600e+03
1.015790502217084395e+03
9.925452031859265389e+02
1.002420233852262982e+03
1.002184065446847853e+03
1.002918822949900232e+03
9.955065698424217544e+02
9.879669865450121051e+02
9.893366001689786344e+02
9.922476607477111656e+02
1.008312255702196012e+03
9.970943575062759692e+02
1.002379012745429009e+03
1.003852605866225076e+03
1.005743518128517508e+03
1.004200559939809295e+03
1.006023483366600544e+03
1.011025471899404806e+03
9.869501456982725358e+02
1.003379377951322567e+03
9.952344732325020686e+02
1.010191479935785537e+03
1.005395674395157926e+03
1.001842098148553191e+03
9.923247686808051640e+02
9.845352240890819076e+02
1.007633730982042380e+03
9.874114130781266567e+02
1.010791934479157703e+03
9.889059662038660008e+02
1.014091529784777208e+03
1.005627147804423657e+03
1.015187778850755421e+03
1.011983635439784734e+03
1.002458140557209731e+03
9.920393761968878152e+02
9.811762490304045059e+02
9.905570702651244801e+02
9.997006510813694149e+02
9.948302876338249234e+02
1.019459341792674877e+03
1.008247020645562657e+03
9.871811928178808557e+02
9.987762988792136412e+02
1.004496380851149183e+03
1.006515523220932323e+03
9.920091031892478668e+02
1.001326072759468957e+03
9.821524074177250441e+02
1.001308361395439533e+03
9.955039123955814375e+02
1.007538301510022961e+03
9.895422029181233938e+02
1.010788524283576749e+03
9.966558153953160399e+02
1.001479550001220673e+03
1.002738247874312947e+03
9.976315657383794360e+02
9.983636248969396547e+02
1.000533599308574480e+03
1.018009630940408329e+03
1.007927299542555716e+03
1.013792676060613417e+03
9.927770289666881354e+02
9.876993728500208363e+02
9.954678948330977164e+02
9.887348135134568565e+02
1.001706554183692106e+03
1.002988594399945782e+03
1.008007649435200051e+03
1.003851135659368197e+03
9.974816346223775554e+02
9.997043162808970465e+02
1.005673648412001057e+03
1.005014769432701996e+03
9.996346600772195643e+02
1.004282027271117727e+03
1.018606534902703174e+03
1.008525160510840806e+03
1.010186325322343578e+03
9.916592311694087130e+02
1.000048499279042630e+03
1.015912832168248769e+03
9.963013247054174144e+02
9.993521063468969032e+02
1.000519098567013089e+03
9.958188532600977396e+02
9.929339995978283469e+02
1.010113128123367005e+03
1.007828585110319523e+03
1.009401153045045248e+03
9.995136137391799593e+02
1.002318627213886657e+03
1.007150213089436193e+03
1.008936721934809725e+03
9.909475396565266010e+02
9.978749325158383954e+02
9.909278561241328589e+02
9.919529443519347751e+02
1.005760859883272360e+03
9.985727355781984897e+02
1.002795526126136338e+03
1.010142285237969190e+03
1.004641648393020091e+03
9.935956229617642066e+02
9.991218853873413082e+02
9.956591548762064576e+02
9.952917466301387321e+02
1.015028660407938560e+03
1.000420297762869154e+03
1.003883795220069487e+03
1.002749145371680129e+03
1.004161900245179595e+03
9.944281470318385345e+02
1.009948273628833476e+03
1.001189193486374052e+03
1.000471365500366232e+03
9.937064743142980205e+02
1.003986204652808510e+03
9.928558843503119533e+02
1.000436847586436784e+03
9.921317679014204032e+02
1.007135406921504909e+03
1.007338176009974859e+03
9.906379559777324175e+02
1.018829131026734558e+03
1.000113367636859152e+03
1.000244061719854699e+03
1.002023191188460260e+03
9.930879589120204400e+02
1.008151590338422579e+03
1.016546862494164884e+03
9.969528606394002281e+02
9.957106203121699082e+02
1.013465951663639771e+03
9.967046538282012307e+02
9.940770883474056063e+02
9.995849260676710628e+02
1.000063089607954794e+03
1.013986649848984030e+03
9.989563326670413517e+02
1.015613637725327180e+03
9.999432498527445432e+02
9.847712848930407290e+02
9.948678350249404048e+02
9.948376936397733061e+02
1.014119553709131765e+03
1.002414402035238936e+03
9.918687514272859289e+02
1.008509710244445387e+03
1.000310334353115877e+03
9.852720723626807739e+02
1.007622221919097115e+03
1.015303728817848423e+03
9.961840456951978240e+02
1.013283829344165042e+03
9.813599840702229358e+02
1.006130652894126001e+03
9.805730269360103648e+02
1.000299898175611020e+03
1.016717551498507532e+03
1.010648514616591797e+03
9.972889704244079212e+02
9.785088232147053304e+02
1.014220412971904807e+03
9.971357021332186150e+02
9.966919785912057250e+02
1.012981734189846975e+03
9.904612553342175261e+02
1.009956753173730590e+03
1.011048492582546714e+03
1.013468922160094053e+03
9.894347236440754614e+02
1.004663419905180376e+03
9.958604970499619640e+02
1.000292745107243832e+03
9.968186891349961343e+02
9.911441115123894861e+02
9.912077741513176079e+02
1.007578904281087034e+03
9.910117830677636448e+02
9.941386597890110579e+02
9.977313965296075366e+02
9.973427199711554749e+02
9.739526515881088926e+02
1.015280837640148661e+03
9.957424845529352524e+02
9.884566869585390805e+02
1.004338246212292688e+03
1.008001032299286067e+03
1.005642253433161386e+03
1.013221584744302049e+03
1.017282728521538502e+03
1.008501073275587032e+03
9.979571368107278886e+02
1.002629012129815010e+03
1.007904304969603118e+03
9.947235542675251736e+02
1.006321960243992862e+03
1.020260735742798033e+03
9.837267245930661375e+02
9.790663279423781660e+02
9.991443817086849322e+02
1.007655307143433447e+03
1.009430200737729820e+03
9.950352379953210402e+02
1.010069556196487838e+03
1.000121315847336632e+03
9.897689792245412264e+02
9.995907757643485638e+02
9.803531168707065717e+02
9.980247832647462474e+02
9.868252649612642244e+02
1.006625330682315280e+03
9.871781688001775592e+02
9.853937034677306883e+02
9.962884502750375759e+02
1.021472901983014481e+03
1.007209122707226811e+03
9.975350239605870684e+02
9.953833184085648327e+02
1.000890187478564599e+03
1.005658044409328681e+03
9.953385155484540974e+02
9.946889051151224521e+02
9.946210062086217931e+02
1.002909144255665410e+03
1.004470423624362525e+03
9.878402547432644951e+02
9.946260995653219652e+02
9.960103694901612243e+02
9.981629261612315531e+02
9.972780938531798256e+02
9.770021625521320630e+02
9.997182550589852781e+02
9.940589103919609215e+02
1.006194759684443966e+03
1.015532217412061641e+03
9.966313649848980276e+02
9.938201407485382788e+02
9.945460325210171959e+02
9.879870763964910338e+02
9.971389228243027674e+02
1.002337123426745848e+03
1.005049217000316389e+03
9.974586503328944218e+02
1.008711079850194665e+03
9.906265974739985722e+02
1.004644274734125815e+03
9.938409353186269755e+02
9.862888039713893704e+02
9.977879962768446376e+02
1.011063099241440227e+03
9.926980807214586093e+02
1.001110181535533343e+03
1.005333076307482656e+03
1.014435037987490318e+03
9.952676837352340726e+02
9.848613609522633396e+02
9.990785414117092387e+02
1.001449921715013829e+03
1.012383647869910874e+03
9.788356970213585555e+02
9.881856771957678802e+02
1.002927932939068455e+03
1.008469074336651261e+03
9.980288138138781733e+02
9.845000036794132257e+02
1.012205650456496755e+03
1.004748139891125334e+03
9.967112951842236725e+02
9.952644163369129728e+02
9.949954357692313351e+02
1.009119073154300395e+03
9.977192584256183636e+02
1.024791973291015438e+03
9.992002639603904299e+02
1.003737585785000761e+03
9.949979884923490090e+02
9.979510125815302217e+02
1.006820448636188075e+03
9.770851315127928274e+02
9.756535628814023084e+02
9.899772170854195110e+02
9.959346503644792392e+02
9.984448421054833034e+02
1.004171342821190819e+03
9.956535227007477715e+02
9.901550652171449656e+02
9.894454369554183586e+02
1.008414781641990089e+03
9.871982225640236948e+02
9.961686332826398029e+02
1.001733375653376811e+03
9.831234828363750466e+02
9.895305885869510121e+02
9.928920405776036660e+02
9.905712740910771572e+02
9.897998996882063238e+02
9.828756580766350908e+02
9.913099876425175125e+02
9.836973228490035126e+02
9.981927274028173542e+02
9.865553027199994176e+02
1.001399503816628680e+03
9.924823706669197918e+02
9.978700950214156364e+02
9.981815412423640055e+02
9.985030660674319734e+02
1.005713165962756648e+03
9.873740542931350319e+02
1.001780637128254284e+03
1.009309374342962428e+03
1.003699933147613137e+03
9.864563377966311464e+02
9.820888959328549390e+02
9.883837942776409591e+02
9.971815561145723450e+02
1.001098409231159735e+03
9.991720435902719828e+02
9.842822386748656527e+02
9.918619289616392507e+02
9.891955619753559859e+02
9.905170128682973427e+02
9.950319080040587778e+02
9.921265156239663838e+02
1.001129513582829532e+03
1.001107885111190512e+03
9.916106323659511190e+02
9.996878621580833624e+02
9.986173648643233491e+02
9.879913604172788837e+02
9.977542503336500204e+02
1.000395157717870234e+03
1.004501408711477211e+03
9.891491707843932772e+02
9.884309370233532945e+02
9.987745853207497930e+02
9.925910825348638582e+02
1.002794894783524910e+03
9.932504948047744620e+02
1.010167609971193201e+03
9.912167827981628534e+02
9.992139242721033270e+02
1.005866635172885708e+03
9.946945312337625182e+02
9.817814881421824111e+02
1.001040142645928995e+03
9.900951773068146622e+02
1.000406510209875478e+03
1.002702062112009344e+03
9.889332075910558615e+02
9.824566286142825220e+02
9.847135502106914373e+02
9.885253579677513471e+02
9.930924539811917384e+02
1.013140238550898403e+03
9.959632368786554935e+02
9.918887497397993229e+02
9.948812107732383083e+02
9.998763508080890006e+02
9.878764830246693691e+02
1.002556521269984955e+03
9.870032365235675798e+02
1.004743379363287772e+03
1.001941482351449054e+03
9.924377126798810878e+02
1.005781499128689234e+03
9.923255163062331121e+02
1.002839709087643541e+03
9.911945842802492734e+02
9.923578595250484113e+02
1.000931112917580094e+03
9.858924412179783303e+02
1.010543669917674265e+03
9.990661528648727199e+02
9.902800769660301512e+02
9.983360949376303779e+02
1.013412526844504214e+03
9.917681453774714555e+02
1.000297952362112596e+03
9.903400958439251554e+02
1.002012809074579764e+03
9.793928782824635846e+02
9.963455776990059576e+02
9.926886188044269375e+02
9.957319447710640361e+02
9.963148788927865098e+02
9.865633736934064473e+02
9.927558773016255600e+02
1.002050448197512424e+03
9.871655342976386009e+02
9.940028557470471924e+02
9.785781028601995786e+02
9.986313096766511990e+02
9.880148539371662082e+02
9.919640643451721189e+02
9.923727980133729716e+02
9.917516505697734601e+02
1.001845454740247646e+03
9.959437756672350588e+02
9.979290731855143122e+02
9.970074492387029750e+02
9.786331322130753279e+02
1.001239885881496775e+03
9.926939693770193571e+02
9.857486218153085247e+02
1.003328226339663729e+03
1.000842974826619638e+03
9.928615068565635511e+02
9.825386357416180090e+02
9.826545854468139396e+02
9.892610451670699376e+02
1.002855889614391572e+03
9.989332755530446093e+02
9.965772736207512708e+02
9.997683677206044877e+02
9.796450207129698811e+02
9.707978014221932881e+02
9.866153415496661410e+02
1.000644091054185196e+03
9.891172590415080776e+02
9.900229704563566884e+02
9.941877352952839146e+02
9.926115725752389380e+02
9.821042335246226003e+02
9.818844319583256492e+02
9.947705200798802707e+02
9.906427311743169639e+02
9.888765907669729813e+02
9.835014817716476045e+02
9.943800980935398002e+02
9.938502775194408514e+02
9.873372009871235377e+02
9.887596328415492053e+02
9.943049869383365831e+02
9.935631184401107703e+02
9.781292013910806418e+02
9.930983767848825892e+02
9.921501991725256175e+02
9.843947003990198255e+02
9.935941211329864018e+02
9.951282432552221735e+02
9.885998138220368219e+02
9.904671468201115658e+02
9.993610013990466996e+02
9.922844399390487524e+02
9.833504626433683597e+02
1.007150496920321189e+03
9.886178406325948345e+02
9.902389012228113643e+02
1.002204345716774128e+03
9.849607863902961071e+02
9.936934856400370109e+02
9.868970508210766184e+02
9.872194028053128250e+02
9.732364717057490680e+02
9.948120678489287911e+02
9.940763278312899729e+02
9.873579871301011508e+02
9.790038304412803427e+02
9.799644907375816274e+02
9.877230147732193473e+02
9.833543969444236836e+02
9.991313426163276290e+02
9.971778425139611954e+02
9.978342061833520802e+02
9.891114824383703308e+02
9.886219576174903523e+02
9.813768808960021488e+02
9.887717186470847537e+02
9.921979548586433566e+02
9.936134793243892318e+02
9.875787670235315545e+02
9.925833527689629818e+02
9.944941428148264322e+02
1.001472799518689499e+03
9.880699599101018293e+02
9.937070164810371580e+02
1.003838655621750149e+03
9.760818919867546128e+02
9.800047302427627756e+02
9.884290441983133633e+02
9.871564879681767479e+02
9.937298770370689454e+02
9.835319632241008776e+02
9.872403083861029245e+02
9.760168675122249624e+02
9.979197380727621294e+02
9.872961762206871299e+02
9.891544961620470531e+02
1.002163037533649799e+03
9.967524352256842803e+02
9.959712785142555731e+02
9.948532939202298166e+02
9.844458130860264191e+02
9.845527742920212404e+02
9.794197268957281040e+02
9.877437408681787474e+02
9.850034555955350015e+02
9.797993034544535931e+02
9.899748672140985946e+02
9.957488102095103386e+02
9.862237916399743654e+02
9.952224333446063156e+02
9.839336246130715153e+02
9.831419662584646630e+02
9.762150150536475621e+02
9.800051624868078761e+02
9.947387731839813796e+02
9.816236767202013880e+02
9.765171991605018320e+02
9.796044040281020671e+02
9.792918253717667767e+02
9.815681425606309176e+02
9.763037247332052857e+02
9.847210565709196999e+02
9.715613442389272905e+02
9.874413522198624378e+02
9.804364884410659897e+02
9.812188558116912418e+02
9.855551126463132050e+02
9.678974935803852304e+02
9.814164069414292726e+02
9.925162332582673343e+02
9.951779297132725333e+02
9.698539159022787999e+02
9.843799035781738667e+02
9.851315776411174738e+02
1.001962067067525822e+03
9.901940962018240953e+02
9.982213837794474784e+02
9.981108827699517860e+02
9.953030662842560332e+02
9.803601262334741477e+02
9.668569842872831259e+02
9.848954781129681351e+02
9.896082595807888538e+02
9.710950325122124696e+02
9.752259731671194913e+02
9.929678932072109774e+02
9.836710644985043928e+02
9.613453339800233834e+02
9.906567630853622859e+02
9.897779675792484113e+02
9.789611466931453378e+02
9.915690329676874626e+02
9.951510448881283537e+02
9.858404624144636728e+02
9.818323406839218705e+02
9.765734687477577154e+02
9.797666298697075717e+02
9.755761253288886792e+02
9.790693153993067881e+02
9.798858426752740343e+02
9.691950078159683244e+02
9.733554420839116119e+02
9.914336567824315125e+02
9.914694698366411103e+02
9.756406276664732786e+02
9.763267484956382987e+02
9.967104550457888763e+02
9.757657995234425243e+02
9.753216645844964887e+02
9.957510468377042798e+02
9.789642900483456742e+02
9.648003126796480728e+02
9.849708559000387140e+02
9.906899905625200518e+02
9.578356539133662864e+02
9.752289640563340072e+02
9.738759145074800472e+02
9.738295426485894950e+02
9.672037422902712933e+02
9.846355848267613737e+02
9.743589769738596260e+02
9.856351065000678773e+02
9.935099964673258910e+02
9.721347225392250948e+02
9.822084314137390493e+02
9.809968297538091520e+02
9.784798736586825498e+02
9.938130135936485203e+02
9.844099749192790796e+02
9.981711806757108434e+02
9.926230163606373935e+02
9.945818655189553965e+02
9.657555586373546248e+02
9.684422316960520902e+02
9.810782593559173392e+02
9.668454315505714476e+02
9.847906504518716702e+02
9.881920364692964540e+02
9.838131314983220364e+02
9.792372529739770926e+02
9.877886810485904334e+02
9.807732617650689235e+02
9.833733556272788974e+02
9.907431993267913413e+02
9.772763300706635619e+02
9.852816623992181349e+02
9.760361073540339021e+02
9.835700468147799711e+02
9.718625830563415775e+02
9.938247838137561985e+02
9.755944169906940715e+02
9.799208618504145534e+02
9.894311313008446405e+02
9.838766945265122104e+02
9.787717125917856720e+02
9.901665105039061245e+02
9.675042202731916632e+02
9.788081107662699196e+02
9.749193830008010764e+02
9.775247109076360630e+02
9.789299882035602423e+02
9.795331433512145622e+02
9.768694673071984198e+02
9.816248288509866597e+02
9.849102158345492626e+02
9.845084643952741317e+02
9.877097162139914417e+02
9.713629099604768271e+02
9.827989083424331511e+02
9.737071961551278036e+02
9.835259420169147688e+02
9.837270693136498494e+02
9.707885697430544951e+02
9.706653989817696129e+02
9.819990205910228269e+02
9.655901423521859215e+02
9.782210461347840464e+02
9.912035190675629792e+02
9.645723846169203171e+02
9.768345018716601089e+02
9.758601480265105010e+02
9.672648654834666786e+02
9.810574709406566853e+02
9.701385137259467228e+02
9.608621562009557238e+02
9.741115434817735377e+02
9.746492814021404456e+02
9.687238579551641351e+02
9.881398687141261235e+02
9.740120753277118411e+02
9.783729707698930724e+02
9.670112308439530580e+02
9.776383734846477864e+02
9.920212511495625449e+02
9.724696195478671825e+02
9.716267206292030778e+02
9.808866979958606862e+02
9.971544396071805068e+02
9.820661567736034385e+02
9.650404823848100477e+02
9.696876493866648161e+02
9.912443246243506110e+02
9.651804298105861335e+02
9.730842156993984418e+02
9.948829456417597612e+02
9.711458472565130933e+02
9.700039986896603068e+02
9.798058196830646693e+02
9.777434262019306743e+02
9.719902844673508753e+02
9.855316739252439220e+02
9.864570427685762297e+02
9.790744669342805082e+02
9.699860551857598239e+02
9.833445825421789550e+02
9.848578912591490280e+02
9.673452888992735552e+02
9.736905004914962092e+02
9.682234904668974877e+02
9.838190216819866691e+02
9.748081039261758178e+02
9.914745965041284990e+02
9.674516197546944341e+02
9.800253030187006971e+02
9.756366358889581534e+02
9.774926537820199428e+02
9.723074426127571996e+02
9.750325687280676448e+02
9.797862215173011009e+02
9.617849313348853002e+02
9.559798620689590507e+02
9.741038177985187758e+02
9.845881919839292777e+02
9.564011065572558437e+02
9.651375136466934919e+02
9.851531910493553141e+02
9.576849365527326654e+02
9.762166292811092490e+02
9.849801259530370316e+02
9.716352322463238806e+02
9.635163354348239864e+02
9.706494902047628557e+02
9.667071553617832933e+02
9.687543416279939947e+02
9.910231319923943829e+02
9.768871218851064668e+02
9.795059853274736952e+02
9.784066307634869872e+02
9.730391215156988665e+02
9.751932347233525888e+02
9.675772460341258920e+02
9.748937813234184659e+02
9.689483715022660135e+02
9.906358397327933289e+02
9.593731150282944782e+02
9.833881859673085728e+02
9.750291170384714405e+02
9.438317173392063069e+02
9.760904553555483290e+02
9.714226372638714793e+02
9.691980342073712791e+02
9.595246165026319431e+02
9.785175440060254459e+02
9.776154229153459028e+02
9.829458624931551185e+02
9.614626157668475344e+02
9.714022720673349340e+02
9.577342212938640387e+02
9.667999187982291005e+02
9.660308901762059577e+02
9.755688271741424842e+02
9.696722446069375110e+02
9.433738563983058611e+02
9.635789586585840425e+02
9.559269865266797979e+02
9.681786636178483150e+02
9.691140984265873612e+02
9.788033052664499110e+02
9.686840409148064737e+02
9.820678925355518913e+02
9.675470592562994625e+02
9.835202531967904633e+02
9.845560573984041639e+02
9.785141731683999069e+02
9.609328206873681211e+02
9.625025360994644643e+02
9.643557250552836422e+02
9.707224654546092779e+02
9.707694490526614572e+02
9.636973424249067648e+02
9.530194809364815001e+02
9.688002880391071585e+02
9.671313696429190259e+02
9.785660768731154349e+02
9.638981325542082459e+02
9.683345769818716917e+02
9.608712076448542803e+02
9.574000656120342683e+02
9.848936118973255134e+02
9.684356101187884178e+02
9.552410399925003048e+02
9.680830569592606025e+02
9.830130364018478986e+02
9.548806264138002007e+02
9.606022234471151933e+02
9.647421876733093313e+02
9.627159971695924696e+02
9.690271792637514636e+02
9.578639069710170588e+02
9.803541533032611142e+02
9.737531394772290696e+02
9.519847570154465757e+02
9.799572163806795970e+02
9.595158676751058238e+02
9.728234690273044407e+02
9.690565814779764651e+02
9.608778779118124476e+02
9.502301463368639816e+02
9.530856637124600184e+02
9.623696399815938776e+02
9.555334737183925427e+02
9.703902660976175412e+02
9.468193676493439170e+02
9.814019940498658343e+02
9.635739043659291383e+02
9.488015193489658259e+02
9.516623811532255104e+02
9.604211222152114260e+02
9.574063919157915734e+02
9.555557554490433176e+02
9.565117441177565070e+02
9.683479559413046900e+02
9.606532768416686849e+02
9.789264347880039168e+02
9.666683112989559277e+02
9.716320297603285780e+02
9.583350879217088050e+02
9.624041622124418609e+02
9.674578347257679525e+02
9.678410916094986760e+02
9.569050828651253369e+02
9.529939206875578748e+02
9.778858150428426370e+02
9.592981491995864189e+02
9.695459215275000133e+02
9.494806918253422054e+02
9.665732946862557355e+02
9.723264969245702787e+02
9.586991522275211537e+02
9.668454841618843147e+02
9.679946442612776991e+02
9.663991975512278714e+02
9.555502580748261607e+02
9.529131312107484746e+02
9.735070124929018220e+02
9.553462242029916069e+02
9.633035009928565842e+02
9.476737067657558100e+02
9.731881333622861803e+02
9.553602994653031146e+02
9.557343351544164989e+02
9.666290233342035663e+02
9.652539909417218951e+02
9.724862104293105176e+02
9.662560104217179742e+02
9.676885971469118886e+02
9.683424787716467108e+02
9.648903863629677744e+02
9.653020412755527104e+02
9.644643840230125988e+02
9.543076486340803513e+02
9.777805260934080707e+02
9.695361068868083976e+02
9.646646206004229498e+02
9.691462017789770016e+02
9.769487694916670080e+02
9.542964533185183882e+02
9.467161265892897291e+02
9.569625852665625416e+02
9.589614041323360425e+02
9.598214838723685034e+02
9.553713798097915060e+02
9.514321505606311575e+02
9.554163795510222599e+02
9.490429952534530003e+02
9.594059537200955674e+02
9.504548884554740198e+02
9.647655574126280271e+02
9.562609345011393316e+02
9.690157819639460968e+02
9.635004919566148374e+02
9.583587809048493682e+02
9.716306284690285793e+02
9.528544716564762211e+02
9.523906520888222076e+02
9.557598130689702884e+02
9.536702204118768122e+02
9.578228196529477145e+02
9.498521118989574461e+02
9.494370370170749993e+02
9.547368890098155134e+02
9.635979821679408133e+02
9.516389420337901583e+02
9.586834734913014699e+02
9.564103342382704795e+02
9.474003269831584930e+02
9.603342843543264280e+02
9.499468623520701840e+02
9.617792345825324674e+02
9.489861747703548644e+02
9.443134015627260851e+02
9.503283325337607721e+02
9.658339243970343659e+02
9.565084132621458366e+02
9.706146581222693612e+02
9.613858120315539963e+02
9.564941434026035267e+02
9.635205935039319911e+02
9.524884439472657505e+02
9.568021042482987468e+02
9.446811975686869118e+02
9.626007855672082769e+02
9.580832466035230937e+02
9.512773326227292046e+02
9.539244694789947516e+02
9.410411296107026828e+02
9.562477252742584142e+02
9.471390651858916954e+02
9.507297720645074151e+02
9.433830968129265102e+02
9.598027116671183876e+02
9.614255399265620099e+02
9.612271322219302192e+02
9.494006918994836042e+02
9.475075294689928569e+02
9.555969843540646025e+02
9.596134454962935934e+02
9.610175328669647570e+02
9.544991361681915123e+02
9.462237312076732678e+02
9.452318966089026162e+02
9.392490648800444433e+02
9.499324563393515746e+02
9.577278360116653175e+02
9.397637340971834874e+02
9.632618677278130690e+02
9.534088790788368897e+02
9.573104090454431798e+02
9.422710385179001378e+02
9.525288236990115820e+02
9.586732002867291840e+02
9.405713789384524262e+02
9.350316367021725910e+02
9.394280674295265499e+02
9.426437021054467778e+02
9.556034695159148669e+02
9.605213556784402726e+02
9.601901064392947092e+02
9.489746458060106988e+02
9.455088691918415407e+02
9.476998224931052164e+02
9.472892680929835478e+02
9.545622445870665160e+02
9.609396146610152982e+02
9.543001854450392329e+02
9.353535554738185738e+02
9.547869208910785801e+02
9.443014153800162376e+02
9.480492775939542298e+02
9.530665120019787082e+02
9.330775562864328094e+02
9.654947023666569521e+02
9.546925990936792914e+02
9.448505583542317936e+02
9.406019632531028947e+02
9.649850521630788762e+02
9.500089406161040415e+02
9.364929388046192571e+02
9.518666718105323525e+02
9.481920936257847643e+02
9.463761556098357914e+02
9.436445810334911357e+02
9.383855122882249589e+02
9.522129246309403925e+02
9.445049296642376930e+02
9.570421164349202172e+02
9.425593215109751100e+02
9.588951105410586706e+02
9.383239436146689059e+02
9.535642438842203319e+02
9.424005822133851780e+02
9.392262510691442685e+02
9.577083854659438202e+02
9.386480068078717522e+02
9.596076724165392307e+02
9.522017833427561300e+02
9.233509901165548399e+02
9.413230446643533469e+02
9.414371978213746388e+02
9.452606499067733239e+02
9.536049853885693892e+02
9.399801599982606604e+02
9.537417320447758584e+02
9.500275958268422301e+02
9.434631942435836436e+02
9.546134281672478892e+02
9.276809032731023308e+02
9.553609327627224275e+02
9.402481136624355713e+02
9.415443913115165060e+02
9.503420948909797517e+02
9.399305186407558494e+02
9.349143151458459897e+02
9.381303853395758097e+02
9.518864168984200660e+02
9.270581414633085160e+02
9.355796956129499904e+02
9.445805490985196684e+02
9.378904510446758422e+02
9.553793147948911155e+02
9.493990414691679689e+02
9.420937278018908501e+02
9.455476842431105524e+02
9.520271025324708489e+02
9.321151146088351425e+02
9.398327855363178287e+02
9.357302836481974282e+02
9.417541461436620693e+02
9.400892916594034432e+02
9.346996095956932322e+02
9.444371404849379132e+02
9.363560231428407405e+02
9.622707722788381943e+02
9.431384862569130973e+02
9.447533028231918024e+02
9.456825696284314517e+02
9.477320300560481883e+02
9.382559790430832436e+02
9.367687524941281936e+02
9.310100302397648875e+02
9.335376051708757359e+02
9.282859844622660148e+02
9.504308157062955615e+02
9.362712941359527576e+02
9.226954084160108778e+02
9.512172616639621765e+02
9.345646656422792375e+02
9.333810321406651838e+02
9.404013032197668736e+02
9.367654367623011922e+02
9.388899312332338241e+02
9.356648357814731298e+02
9.390848683649678605e+02
9.411683020008164249e+02
9.288275717495295112e+02
9.264381788613943627e+02
9.428110173411018877e+02
9.405139349976617495e+02
9.318820060524784594e+02
9.341082832604865871e+02
9.359153778264993662e+02
9.215364875242393055e+02
9.498160934393544039e+02
9.266586889724148932e+02
9.395359432390839629e+02
9.340927259908585256e+02
9.328623792568961335e+02
9.376095422817835470e+02
9.393481688717301950e+02
9.319214711767840527e+02
9.279738034901442916e+02
9.357616963136013055e+02
9.157983157645645633e+02
9.395474705846559118e+02
9.285353542559394100e+02
9.250986288173053254e+02
9.322985895362097608e+02
9.322082111474744579e+02
9.226096256775460915e+02
9.229621226105801952e+02
9.271844993866600362e+02
9.372078626849837519e+02
9.390754659635119879e+02
9.449874276268581070e+02
9.379955662313880111e+02
9.410453971663494031e+02
9.395638840827849663e+02
9.322559190424559574e+02
9.255593712873319419e+02
9.290599324502887839e+02
9.340231457923314338e+02
9.321842324305021066e+02
9.260626566500147874e+02
9.177790854619790935e+02
9.419454551291754569e+02
9.228882384110002022e+02
9.301921572796112514e+02
9.204538064812644507e+02
9.237664311812135338e+02
9.295398691139712355e+02
9.327095944348367311e+02
9.232395418184089522e+02
9.103593194202104542e+02
9.260969840054455062e+02
9.139921192603027293e+02
9.237523767858205019e+02
9.251459355199982610e+02
9.237124156191107431e+02
9.234688981082027794e+02
9.321757471080275081e+02
9.202245376316601551e+02
9.315871404926376727e+02
9.258301518235602998e+02
9.353699536984684073e+02
9.282410673218997772e+02
9.089227146477231827e+02
9.244604333883708023e+02
9.349603642719646359e+02
9.212557089924566753e+02
9.169617790158748676e+02
9.281175684458044088e+02
9.246485263387660325e+02
9.195578799343651326e+02
9.297982279847716427e+02
9.147163693598017744e+02
9.204334613631012871e+02
9.260122565509318520e+02
9.111384356485173157e+02
9.349817766561782264e+02
9.186701545818119712e+02
9.233432977330958238e+02
9.145577247482265193e+02
9.263607109461039499e+02
9.145324662727260829e+02
9.300345101795645633e+02
9.222988937478219214e+02
9.087244998642222527e+02
9.429826716626223515e+02
9.231312122568579071e+02
9.390950517068301906e+02
9.235769092000317642e+02
9.185849703522878826e+02
9.152408489945623842e+02
9.191295346984638854e+02
9.292801524485225855e+02
9.074208894574060196e+02
9.218395236946533942e+02
9.203703128352591420e+02
9.077728748660766769e+02
9.340765421813023295e+02
9.301181376791607818e+02
9.301878282067763166e+02
9.266224559354016037e+02
9.366721511762875707e+02
9.286285176764039306e+02
9.112375866888761493e+02
9.254111694507926131e+02
9.192995506378782693e+02
9.182771842818899586e+02
9.081438429209440528e+02
9.149323011040193023e+02
9.296206787774432314e+02
9.156297084024691912e+02
9.132413491686769476e+02
9.199406497142088028e+02
9.196061913579542306e+02
9.239803201956726753e+02
9.179285041821320874e+02
9.132972606410739900e+02
9.092218832311156120e+02
9.122095718688829038e+02
8.937731192062921082e+02
9.242648937232896742e+02
9.183124002781707986e+02
9.263528990688814702e+02
8.961139924429091934e+02
9.132965121562489230e+02
9.358936508009378485e+02
9.254206462639913298e+02
8.992263077293539482e+02
9.242449315058782986e+02
9.128340669555487921e+02
9.153169929628412547e+02
9.098049917755561182e+02
9.075506126191512521e+02
9.220171364238849492e+02
9.077924682688355915e+02
9.080907308069751025e+02
9.120993773412487826e+02
9.109871942210426141e+02
9.236402871030579718e+02
9.170480719944494012e+02
9.070886642498323909e+02
9.145962361283174005e+02
9.192524746619778853e+02
9.282070819228704295e+02
9.202792068457023333e+02
9.040832166950590363e+02
9.213665648043773899e+02
9.000656865250668943e+02
8.978695228935347359e+02
9.012337122403946523e+02
9.158292111334260426e+02
9.165766276405162216e+02
9.113366553382447819e+02
9.206375008164587825e+02
9.103980135164061949e+02
9.174955498064514359e+02
9.331583807097920271e+02
9.014444809106983030e+02
9.075551971169047647e+02
9.145286751528032028e+02
9.096329895064769744e+02
9.080332846979792976e+02
9.141775131174666740e+02
9.343906186516858270e+02
9.090782860916124264e+02
9.121565280906711450e+02
9.055445630269671256e+02
9.157766792217603324e+02
9.039546730476278071e+02
9.268702870423654758e+02
8.973350018509005395e+02
9.161108682902402052e+02
8.943719933139470868e+02
9.072131755330366332e+02
8.892855179656324935e+02
9.027970585650190287e+02
9.084219057444614691e+02
9.177830531195654657e+02
9.264265456587426115e+02
9.100227466947984567e+02
8.892334116961440031e+02
9.102057659175396793e+02
9.132121155001002535e+02
9.036650242131711366e+02
8.995841621755641881e+02
8.930939909893733102e+02
9.064227533726364072e+02
9.102479190459977190e+02
9.145098802417229535e+02
9.010991972550008313e+02
9.223475503625527381e+02
9.160069669961987984e+02
9.048237807206558045e+02
9.108317067673348220e+02
9.053712649443452847e+02
9.056201806588273939e+02
9.067828742079221911e+02
9.181795090944187905e+02
9.030524719467480281e+02
9.213530964085500727e+02
9.050495451453218720e+02
8.916709689390752374e+02
9.145111637734505621e+02
8.894847837809983275e+02
9.006914291227265039e+02
9.102658482290274833e+02
9.035744120704023317e+02
9.001593030648369904e+02
8.952987056501642655e+02
9.007007187077563231e+02
9.124245576786714764e+02
9.053631151544338991e+02
9.138171584554725086e+02
9.058304268824599603e+02
8.939390043531410583e+02
9.089724173804112297e+02
9.115650144733596107e+02
8.915556962898821212e+02
8.949835245382619178e+02
9.043841596420393216e+02
8.887776307888523206e+02
8.997982184223997137e+02
9.083446777440241249e+02
9.014097470311041889e+02
8.919118139334213993e+02
8.976895451202171898e+02
8.877698820972996145e+02
8.961568204544903438e+02
8.959234389137384369e+02
8.894576636436702302e+02
9.021989629454059241e+02
8.977899325172792260e+02
9.064847937092280290e+02
9.075217341621188325e+02
9.020268019681210490e+02
8.904217851013966083e+02
9.162744749579281915e+02
9.078946819214202151e+02
8.877345226865510313e+02
9.144500384847476653e+02
8.958019357759317245e+02
8.953044956239581325e+02
8.836096848920050206e+02
9.013242091338150885e+02
8.927908540339579986e+02
8.893430307831661139e+02
9.073098980506446196e+02
8.907682751561626446e+02
8.827068324893951967e+02
8.911289839770386152e+02
8.980307609224336147e+02
9.028529976430454553e+02
8.931550388076279887e+02
8.842124553769712065e+02
8.884965310614397822e+02
8.918575823022836175e+02
8.877353646141394847e+02
8.829436843651764093e+02
9.038539445333486810e+02
9.062091923048046738e+02
9.011579921012380510e+02
8.814579052372695287e+02
8.829612415045000944e+02
8.925094812325703515e+02
8.772156757521366899e+02
8.950833184078830982e+02
8.970742067195383243e+02
8.810852203619036800e+02
8.924423367279861168e+02
8.788194061828362464e+02
8.681027022810426388e+02
8.853266990184669112e+02
8.854881418938448405e+02
8.787532079602389103e+02
8.910221251671092659e+02
8.837891443857728291e+02
9.099723227945426061e+02
8.947425578773780899e+02
8.826300787050280405e+02
8.761149775923476000e+02
9.097850590809589448e+02
8.899991448711864450e+02
8.842850095762444198e+02
8.872407339138403586e+02
8.932020012967924458e+02
8.860081963700311007e+02
8.882550183314428978e+02
8.825425777132813892e+02
8.773117691255806676e+02
8.717065241306502230e+02
8.814017235419329381e+02
8.834468177848481218e+02
8.735339979128812047e+02
8.801836570634740156e+02
8.820793522362610020e+02
8.865877650629603295e+02
8.882883837046402959e+02
9.028231741893100661e+02
8.630032467414583834e+02
8.863505070323788004e+02
8.927472110439462085e+02
8.809185090380541396e+02
8.786736472597879128e+02
8.916668117789826056e+02
8.760330470190115193e+02
8.930101594578363802e+02
8.780154334181610238e+02
8.749115569947435915e+02
8.866549897441954045e+02
8.878615981133480091e+02
8.930582245539644646e+02
8.706400879287275529e+02
8.906647552140926791e+02
8.819220295376668446e+02
8.824232792577421378e+02
8.798847881441062100e+02
8.792838461414534095e+02
8.782121255684347716e+02
8.739846972615121103e+02
8.724507446545508174e+02
8.651708811174926268e+02
8.693783432922214160e+02
8.734862823356065746e+02
8.771088603232032028e+02
8.930898897068875613e+02
8.785312841070444847e+02
8.841628505814605887e+02
8.737633637905423711e+02
8.828438500803238185e+02
8.815831915304769382e+02
8.731893414408120861e+02
8.718681427067324421e+02
8.735261158577019387e+02
8.636332553685040239e+02
8.833553944434926279e+02
8.767504324646738496e+02
8.618799572113230170e+02
8.749411694043768648e+02
8.841930668842518344e+02
8.780081713462545849e+02
8.801755574294422786e+02
8.749615600554275261e+02
8.691455938386600337e+02
8.743986471241316849e+02
8.691159271702674687e+02
8.729028746786593729e+02
8.730546459188211657e+02
8.827426237873629589e+02
8.770989555040359846e+02
8.831179984080424674e+02
8.869162923284357021e+02
8.626625981450165455e+02
8.815523365865167307e+02
8.744428150907729105e+02
8.686183152307169166e+02
8.845926050471066446e+02
8.536811181605232832e+02
8.807979447012039600e+02
8.652281131330615835e+02
8.623664474233886494e+02
8.677056979556945180e+02
8.666814398636896613e+02
8.793695149185956552e+02
8.771736958833192830e+02
8.928432981819183851e+02
8.809231750231176648e+02
8.780269096605803725e+02
8.738553004245612783e+02
8.623515759267477279e+02
8.691211797938997279e+02
8.662559271994141454e+02
8.624299501690725265e+02
8.621564925766689385e+02
8.701290322280857481e+02
8.720941179262747482e+02
8.651554377404090701e+02
8.646793559853622355e+02
8.754186411997035293e+02
8.611171324536138627e+02
8.645591234970324876e+02
8.810997528564475942e+02
8.583788085420333118e+02
8.621427297954456890e+02
8.533565898259214464e+02
8.476706883700878734e+02
8.576556643255787549e+02
8.682954443535616065e+02
8.688758610942838914e+02
8.555852900792521041e+02
8.666481223093363724e+02
8.822428329223430410e+02
8.625209611518745305e+02
8.619457987433924018e+02
8.571182862987376438e+02
8.641662403726083994e+02
8.596033802387848937e+02
8.615789683359857918e+02
8.583457965391619382e+02
8.610936140859814714e+02
8.574228826375277777e+02
8.624836435413155868e+02
8.664069799381990151e+02
8.612581100022896408e+02
8.646712111834661982e+02
8.549339005124531923e+02
8.610904921548765287e+02
8.531401636536576234e+02
8.539819267444017896e+02
8.504034042088452452e+02
8.442334004305773760e+02
8.680076229352795281e+02
8.497739104327298492e+02
8.415852454926190376e+02
8.508810775662450396e+02
8.596221037749593279e+02
8.500082204008322151e+02
8.695241228052063889e+02
8.621521863438787250e+02
8.555527916848523091e+02
8.672731885587447778e+02
8.637264474757075732e+02
8.639023112121622034e+02
8.623178074089769325e+02
8.541166924732366397e+02
8.729428073495138278e+02
8.624132639011926358e+02
8.578137945917743536e+02
8.673037438103241357e+02
8.456385222795870504e+02
8.588900480602853804e+02
8.362378407797432374e+02
8.444954658862709493e+02
8.530527415095078823e+02
8.520754259617722255e+02
8.329127542716826156e+02
8.550507540141938989e+02
8.605782127928479213e+02
8.543076135135715958e+02
8.602600957673678295e+02
8.563957189419149927e+02
8.514344067434416274e+02
8.480775355161074458e+02
8.509408669665733669e+02
8.517098454369483989e+02
8.465099858858965263e+02
8.315827526386067348e+02
8.541504834013653635e+02
8.364591554019034447e+02
8.556269346054061771e+02
8.356617365160591362e+02
8.549054161402629006e+02
8.574832824961557662e+02
8.620157003094443553e+02
8.294442490332199895e+02
8.518533707914621118e+02
8.484187980372820448e+02
8.505301500442416227e+02
8.476127416374534960e+02
8.436448937738330187e+02
8.396587905267090264e+02
8.485989143716594754e+02
8.411432353694392532e+02
8.440676605001170856e+02
8.528859282503854047e+02
8.369719141303801280e+02
8.536581480561850412e+02
8.405415262709846047e+02
8.542748426564580768e+02
8.410465757111875291e+02
8.442788803620072713e+02
8.407502317806635119e+02
8.288400002315192978e+02
8.384950863548867801e+02
8.558066554567044477e+02
8.428571113299124136e+02
8.393793857566754468e+02
8.327853040664846276e+02
8.519621138194743253e+02
8.217724470315777126e+02
8.289999862809152091e+02
8.517714922821430719e+02
8.252266336166296696e+02
8.253235567312501644e+02
8.378439920600546884e+02
8.334506597235888421e+02
8.249857811952070961e+02
8.337231487033952817e+02
8.433049063414360944e+02
8.452170066280324363e+02
8.424431289787762580e+02
8.513453028277097019e+02
8.184571282521948206e+02
8.392298762133113996e+02
8.210512695748950591e+02
8.375013417056220533e+02
8.432533436934015754e+02
8.233473128408246566e+02
8.352018724011818449e+02
8.404449430840516015e+02
8.387429412610022155e+02
8.400330944285649366e+02
8.410779927723710898e+02
8.274058636003601350e+02
8.395209463987022218e+02
8.355192084759079307e+02
8.303324270240383385e+02
8.375433330790183390e+02
8.319346963662677581e+02
8.356257074928481643e+02
8.395328647347677133e+02
8.423558719516157680e+02
8.322255928498473168e+02
8.414637297728120302e+02
8.428155567973735742e+02
8.403194369396949241e+02
8.373155244004799442e+02
8.118456488486690432e+02
8.433637371266863738e+02
8.348383295568941094e+02
8.291503525734937057e+02
8.504199058256683657e+02
8.175254517086533497e+02
8.202348316614305759e+02
8.358619128692864706e+02
8.259477799106404063e+02
8.383224008548835400e+02
8.190276268362384826e+02
8.343225041378733522e+02
8.235550797790834849e+02
8.371285688579706630e+02
8.259748337002992002e+02
8.379147170590093765e+02
8.299797682407285038e+02
8.287773563238280303e+02
8.214509296918096197e+02
8.275415049854041172e+02
8.290602800242472767e+02
8.208895328984669959e+02
8.408061979892460158e+02
8.301174798533579633e+02
8.273331454793727744e+02
8.222860062738857323e+02
8.408832009629402364e+02
8.157652092788546270e+02
8.179782092376992750e+02
8.286858864589714813e+02
8.055940314824537154e+02
8.197524794276171178e+02
8.351697314618633072e+02
8.237465417830924252e+02
8.220038683365102088e+02
8.271211638504905750e+02
8.287433598237345223e+02
8.224557187072733768e+02
8.238623188538859949e+02
8.224700523985180780e+02
8.120268103837407807e+02
8.236744691678486561e+02
8.218826911798305446e+02
8.157715042210666070e+02
8.165522066065385616e+02
8.169707656643680593e+02
8.198484865504037771e+02
8.284489260903609420e+02
8.268505161000948647e+02
8.315297764360660722e+02
8.080319120519843636e+02
8.247832560777684421e+02
8.039390098394447932e+02
8.099615866918186384e+02
8.128521409492052499e+02
8.180259450246117012e+02
7.995014130752106212e+02
8.034258458646587542e+02
8.286039656117998220e+02
8.308059885232053148e+02
8.103507532638403745e+02
8.225684537560326817e+02
8.067143176169035996e+02
8.117954972988337659e+02
8.027489583321134887e+02
8.113558323862932866e+02
8.145725015393737749e+02
8.255870056722783374e+02
8.103913544033182461e+02
8.221864481721765969e+02
8.009405941904933570e+02
8.205070120567311278e+02
8.163285340563066939e+02
8.128274924422609047e+02
8.153443630817165513e+02
8.007897617105470545e+02
8.230744151748432387e+02
8.143012380261052385e+02
8.041649173342150334e+02
8.092851579387534002e+02
8.101797348533284548e+02
8.102200041476809247e+02
7.997361859519928657e+02
7.987214998885433488e+02
8.077445481143492998e+02
7.961800399065955389e+02
8.022796989173276643e+02
8.067180513544670930e+02
8.061741165784221721e+02
8.312741680286160317e+02
8.001611938482567439e+02
8.037659480926712376e+02
8.093246131839622421e+02
8.076640965723884165e+02
7.903822118474496392e+02
8.122572572710706709e+02
8.041454601097311752e+02
7.980875171354256281e+02
8.044488154010268772e+02
8.034352644587224859e+02
8.062695761537086128e+02
8.081900336293473401e+02
8.045658523616823459e+02
8.068791528578985890e+02
8.028578977788281463e+02
8.132473869268253566e+02
7.950732353253321207e+02
8.094732905665232465e+02
7.998484538488577300e+02
7.846183515749838762e+02
7.939485715449882264e+02
8.074499624112698939e+02
7.939645996456075636e+02
7.910225871116817871e+02
8.013077471289411733e+02
8.059923421335923877e+02
8.155679222691821906e+02
8.049960700800280620e+02
7.960125762313841733e+02
8.141039499809379549e+02
7.980295403711616018e+02
7.806738107143430625e+02
8.032944630996789783e+02
7.970010581008573354e+02
8.057301523685699749e+02
8.084496216518598430e+02
7.976154124801303169e+02
7.967991997393553447e+02
7.997890738994085496e+02
7.942392429856638500e+02
7.942278292224874576e+02
7.979331301160447083e+02
7.898182261178858425e+02
7.982424580775603999e+02
8.126432537620048606e+02
7.920542301915833150e+02
8.093410241768914375e+02
7.802645743496028672e+02
7.955112320454666133e+02
7.896086517523261818e+02
8.002306318569823134e+02
7.940389786476383733e+02
8.043844886431668328e+02
7.937654627264007559e+02
7.763564370738940852e+02
7.759179188591416505e+02
7.961419048753232346e+02
7.799282116206331921e+02
7.877254978816854418e+02
7.881966476344439343e+02
7.978353421391676648e+02
7.767432714878075330e+02
7.838930623242044931e+02
7.858161010692684840e+02
7.795224612797701411e+02
7.864849707584793350e+02
7.905990098908372374e+02
7.953280057208756944e+02
7.910195308701207750e+02
8.005364097423179146e+02
7.936478242779353423e+02
7.947712684659821889e+02
8.039124116374862297e+02
7.912670729283262290e+02
7.767030724298834912e+02
7.821075865698880989e+02
7.753345709280175697e+02
8.033838354960862489e+02
7.888722881937457032e+02
7.819602830777371310e+02
7.681275768749004556e+02
7.994871414165744454e+02
7.840264011049197279e+02
7.843574763605055296e+02
7.917765836660272498e+02
7.753911280158603176e+02
7.847177680623492506e+02
7.790811959042715671e+02
8.001014680132703916e+02
7.900251394246848804e+02
7.757980905552122977e+02
7.679761663236145068e+02
7.810464300644009654e+02
7.722524582023227140e+02
7.701094106371293719e+02
7.811373682544178791e+02
7.684931021884441407e+02
7.814281417206675542e+02
7.750028835197908847e+02
7.767120512049406216e+02
7.859077458902419266e+02
7.895136393518017712e+02
7.841686259117806230e+02
7.838531547292258210e+02
7.877468780646394180e+02
7.903206438516914432e+02
7.797357553105802026e+02
7.686040338754663708e+02
7.704023392176943617e+02
7.869833963188353891e+02
7.723875900038730151e+02
7.804651760343218712e+02
7.726243351007965430e+02
7.748305161130808756e+02
7.875489178189069435e+02
7.681718540587436337e+02
7.854926052761958317e+02
7.869834685612962630e+02
7.599591978233288501e+02
7.744292971775430487e+02
7.756071219017994736e+02
7.592164696425988950e+02
7.736502565982049191e+02
7.515335027839015538e+02
7.769420595723895531e+02
7.736978513084945916e+02
7.685929911279569069e+02
7.694730724763295484e+02
7.667577537452697243e+02
7.565555074633239201e+02
7.701454435910986831e+02
7.671338311561670480e+02
7.751852469113312054e+02
7.666389950850510786e+02
7.705057604147824577e+02
7.592164056651675992e+02
7.731003337115359955e+02
7.775359073674197816e+02
7.664907142342857469e+02
7.678469833443035668e+02
7.548409280798161944e+02
7.711687986203459104e+02
7.541077948484842182e+02
7.565100679944758895e+02
7.653135399211910226e+02
7.578400391760987986e+02
7.781061479847666078e+02
7.728252286926771149e+02
7.650809204963297816e+02
7.512154202701865415e+02
7.609062910677756690e+02
7.750229943718697996e+02
7.746397515672518921e+02
7.545491982348952433e+02
7.632367081562866815e+02
7.733519571287228018e+02
7.720308984042677594e+02
7.656208932474929725e+02
7.481476194222275353e+02
7.539778550262211638e+02
7.734300218470862092e+02
7.587093797877280394e+02
7.550334794311909263e+02
7.585790310130053058e+02
7.672297074655867846e+02
7.557327990741268877e+02
7.652484860965171265e+02
7.700261528214654163e+02
7.481344830347004518e+02
7.383257123191036726e+02
7.420634373656023399e+02
7.568672217256267913e+02
7.573078854450870949e+02
7.588338890354247042e+02
7.596180895791267176e+02
7.476582259946831073e+02
7.482895678227681628e+02
7.568782237013623444e+02
7.664395924971922796e+02
7.700703799058467212e+02
7.652609598748902044e+02
7.561589731586665266e+02
7.528054490871331836e+02
7.458095400096353842e+02
7.489206939780892753e+02
7.582614037652689376e+02
7.424624488110954417e+02
7.467079928129189739e+02
7.383937200681430113e+02
7.648409556129964812e+02
7.585986435611317802e+02
7.484166538352943689e+02
7.443670053579932073e+02
7.316946278961194139e+02
7.441612249165038975e+02
7.374354232580975577e+02
7.499889208325614618e+02
7.580080387034512341e+02
7.591369027872003699e+02
7.538114716434296270e+02
7.352605042844587615e+02
7.473433668530703926e+02
7.640553628224618024e+02
7.640574741842953017e+02
7.551693149361024098e+02
7.377180354123465804e+02
7.583896522785809111e+02
7.400847265388508731e+02
7.319675612552658777e+02
7.414989836854546184e+02
7.524745403185480654e+02
7.330831114684013983e+02
7.371294846913835954e+02
7.577603453936228561e+02
7.488209966318903525e+02
7.526136475831135613e+02
7.383369912984695702e+02
7.365695862295559664e+02
7.565316318971759983e+02
7.404868441621223383e+02
7.481291417520077403e+02
7.526209459590128290e+02
7.414085018921338133e+02
7.403799103239873602e+02
7.430469867056547173e+02
7.505699853602610574e+02
7.439975101212427262e+02
7.446831384132698304e+02
7.394251442148045044e+02
7.495603675399729582e+02
7.444514648256639475e+02
7.222337058438157555e+02
7.355697362711582628e+02
7.378661255707274904e+02
7.436408066985726464e+02
7.303873213079165225e+02
7.324118153669138565e+02
7.400568362774740763e+02
7.511590184039063161e+02
7.412127814860014041e+02
7.328543280466631131e+02
7.326790031475291016e+02
7.378023872136648151e+02
7.294280384836480380e+02
7.417776268505917869e+02
7.271433726462080358e+02
7.280802608314759254e+02
7.250099456722626883e+02
7.268905454303968554e+02
7.403297363806035492e+02
7.204107917576916407e+02
7.259671060201818591e+02
7.268869830209662268e+02
7.361282945281220691e+02
7.320515711385229451e+02
7.232902786457465254e+02
7.276043833522612658e+02
7.242960696345040787e+02
7.275804159101002142e+02
7.449722032906099685e+02
7.394314462158943115e+02
7.394501326309846263e+02
7.379848780159692296e+02
7.274217569025757939e+02
7.319935105126662620e+02
7.302941958558132001e+02
7.200396077135083033e+02
7.256584531864889414e+02
7.277491173145272114e+02
7.226538339767897696e+02
7.121383442626356555e+02
7.264803672116893267e+02
7.203016156639750989e+02
7.205867569283097964e+02
7.087044665168058373e+02
7.202840129372427782e+02
7.146530344467757914e+02
7.212030574595726193e+02
7.313204666079515164e+02
7.128598933325025655e+02
7.346776003291519146e+02
7.124702497514745119e+02
7.139088703662715716e+02
7.176519191100687749e+02
7.224331788917741051e+02
7.073867151817345302e+02
7.201475493071346818e+02
7.074931467470249800e+02
7.239946858524112940e+02
7.161352194342146049e+02
7.152553785842529805e+02
7.070276769660322316e+02
7.290018359464874038e+02
7.165299964272425086e+02
7.126711187339617481e+02
7.166157926195870687e+02
7.171779161447072966e+02
7.134713364860971296e+02
7.027735955470557201e+02
7.030325110330877578e+02
7.098749544224538113e+02
7.054586113815807948e+02
7.053367449661121782e+02
7.078518560260965842e+02
7.267509199109572364e+02
7.050377450222554216e+02
7.077410789842076611e+02
7.187545922293669491e+02
7.288158252069730452e+02
7.015813983798102527e+02
7.047125970906988641e+02
7.150390526069647876e+02
7.000934921275290890e+02
7.009607885116211037e+02
6.986031094093209504e+02
7.147240872273832792e+02
6.882695681300083379e+02
7.050004704526231762e+02
6.967219743556918274e+02
7.161499596114883843e+02
7.180672199719260789e+02
7.048214196770120452e+02
7.109559548016104600e+02
7.171792912566442055e+02
7.079071107893056478e+02
7.119352724644570571e+02
7.013153486476865055e+02
7.140134634454103661e+02
7.120911635579514041e+02
6.934806277691375271e+02
7.037875471772531455e+02
7.047807443436498716e+02
6.860566566638617587e+02
6.985477724731310900e+02
6.997979288717660893e+02
6.870778371099607966e+02
7.002709769269706612e+02
6.988023292983872352e+02
6.992347178352019910e+02
6.986006853681545863e+02
6.932009091958672116e+02
6.909206882838332149e+02
6.908411413098232288e+02
6.858644062332058411e+02
7.122564211958832630e+02
6.964051233588774039e+02
7.040402942236264607e+02
6.949854931177569597e+02
7.013799478003785453e+02
6.880181247175182762e+02
6.905147467207824548e+02
7.030197839357657585e+02
7.000211217468115592e+02
7.016957142306675905e+02
6.993112316614767678e+02
6.811573989280663000e+02
6.762617674447410536e+02
7.023050654511067705e+02
6.855781203323303998e+02
6.987292868382122606e+02
6.971854288974802785e+02
6.848888880540687296e+02
6.938542195108975648e+02
6.796139799759948801e+02
6.865480440388830630e+02
6.815110575266808155e+02
6.965313205047615384e+02
6.902513654748546514e+02
6.954967693543620726e+02
6.832844877796422907e+02
6.826435372476773864e+02
6.988988738365347899e+02
7.024818313816240334e+02
6.834938659839189086e+02
6.947406073838121756e+02
6.864587249569608502e+02
6.676568093187544264e+02
6.834458592244120609e+02
6.917937405115492311e+02
6.854255877788529006e+02
6.756815760981804715e+02
6.826936446175250239e+02
6.770162870051317441e+02
6.798083852994509471e+02
6.942013693967498966e+02
7.016489435850172640e+02
6.614735866323601385e+02
6.897511880833035320e+02
6.876710337758713649e+02
6.756471309072969689e+02
6.728242918100278303e+02
6.675310828435267467e+02
6.844462421132054715e+02
6.823128560891351526e+02
6.834822474970870871e+02
6.809777049760710952e+02
6.719561360015902665e+02
6.785676525726238424e+02
6.869772563875209244e+02
6.791722886456590231e+02
6.761628597970062629e+02
6.988983337388642667e+02
6.712791155463679615e+02
6.682795651110071731e+02
6.810657528235377640e+02
6.607137649123080791e+02
6.735028768834980610e+02
6.723149219080793273e+02
6.833195728131845499e+02
6.860547097266039600e+02
6.791022397951950325e+02
6.685195614517541571e+02
6.862066435147668244e+02
6.782508456890324169e+02
6.664393949762702505e+02
6.667622103011964327e+02
6.687030450882281229e+02
6.857873088309153218e+02
6.588394457283875454e+02
6.739613380949160728e+02
6.657197190863699916e+02
6.738202015134279463e+02
6.858420274958203890e+02
6.855886323183227660e+02
6.549962044387641527e+02
6.574038250179572742e+02
6.656672906921405684e+02
6.674559428162164068e+02
6.637727865450584659e+02
6.735492640598343996e+02
6.750969517414523580e+02
6.630949938882099559e+02
6.647461558653619704e+02
6.638692353553304883e+02
6.581888895827003125e+02
6.735205763248270614e+02
6.756458293137035298e+02
6.611440266234263845e+02
6.620174572837678397e+02
6.443178133012623903e+02
6.677709823591274017e+02
6.563314513778165065e+02
6.528300215248569884e+02
6.671951106726124863e+02
6.670438858689017252e+02
6.488605540531350471e+02
6.487004576286516340e+02
6.706029923600327720e+02
6.747625999883448458e+02
6.640521035166722186e+02
6.502102403339960119e+02
6.542465045870276299e+02
6.663436538649018530e+02
6.610653681281726222e+02
6.563800019097413951e+02
6.425828302371332938e+02
6.610242061066521728e+02
6.551259059098395028e+02
6.587648694440118788e+02
6.626382664618404306e+02
6.512020247238568800e+02
6.413997070132667204e+02
6.470264107469999999e+02
6.430233408948515716e+02
6.420834470223601329e+02
6.390586026114877995e+02
6.558041941005507169e+02
6.419859128653736207e+02
6.445250629500012565e+02
6.549455535303261513e+02
6.555022938963487604e+02
6.609925300294904673e+02
6.575410508172395794e+02
6.511446951727762098e+02
6.612134465486941508e+02
6.612129872290870480e+02
6.445373103368809780e+02
6.478644024048941219e+02
6.480411278741498791e+02
6.466276589026655301e+02
6.415110280237635152e+02
6.482489242341649742e+02
6.431504883944713811e+02
6.454965340558834441e+02
6.429825616180218049e+02
6.514679330475091774e+02
6.353247498196436709e+02
6.467272860797870635e+02
6.355591227748573147e+02
6.282838410368099176e+02
6.420362314470040701e+02
6.213824340833079987e+02
6.292220681560183948e+02
6.364640684944230316e+02
