8.059333874623174552e+02
8.039058799041099519e+02
7.978536955133936317e+02
7.951238541392334582e+02
8.025862449141304751e+02
7.875566075501793648e+02
7.889423033647169632e+02
8.062962174218567952e+02
7.946348927783421914e+02
8.006561800993513316e+02
8.038829617772810252e+02
7.969266391550155504e+02
7.981342946179216824e+02
7.965503924559045572e+02
8.036313409485192096e+02
7.885388867509880129e+02
7.919132012161221610e+02
8.029871990151636965e+02
7.926698855480069597e+02
7.940406092508840175e+02
7.904611390314439632e+02
7.943059196737348202e+02
7.983781699508859901e+02
8.056873982449449159e+02
8.077785686653119228e+02
8.085870606896830850e+02
8.005809456785984821e+02
7.912110331050998866e+02
8.132491409151832613e+02
7.935637594177516121e+02
8.020968618562740176e+02
7.945515877033104744e+02
8.019023436342495188e+02
7.942919935904398017e+02
8.100273336114892118e+02
8.139910052931666087e+02
7.856738148832098432e+02
8.060125150341800691e+02
8.053163685367062499e+02
7.890330986227886569e+02
8.049492898889136541e+02
8.001489287494864584e+02
7.955949722442451275e+02
8.141005644484407640e+02
8.081548170832879805e+02
8.127305668417025117e+02
8.161154154152505953e+02
8.051470163623041572e+02
8.072877255264163523e+02
8.057319858300566011e+02
8.137855865647616156e+02
7.910230316125137051e+02
8.220426087179750994e+02
7.951632349267761128e+02
8.078636568259732940e+02
7.961982263072122805e+02
8.111940151201176832e+02
8.119679385739273130e+02
7.888024218188313625e+02
8.019503979848682320e+02
8.151023258341680275e+02
8.145474588812505772e+02
8.191115609308826606e+02
8.190494149942803688e+02
8.055468521325506117e+02
8.087781863003713170e+02
8.189905333847685824e+02
8.072054210885410157e+02
8.140741418919797070e+02
8.076547532497286284e+02
8.083154421783169710e+02
8.118183376857189160e+02
7.960568985345622650e+02
8.146686253831094291e+02
8.091124963844313243e+02
8.059123774382386500e+02
8.125792691742245779e+02
8.045960001843565124e+02
8.294758058478273597e+02
8.206771690134314667e+02
8.133165801129873671e+02
8.110840993824583620e+02
8.121098914865235656e+02
8.112248035726211128e+02
8.210855973402826748e+02
8.093255581590037764e+02
8.037537169828432297e+02
8.101225555851547142e+02
7.884513417355104821e+02
8.271124502789991766e+02
8.128041428005510625e+02
8.228746474093234156e+02
8.097302861104844851e+02
8.005559859916216965e+02
8.023108514026162084e+02
8.217149117316243974e+02
8.279971646099793361e+02
8.038628931567307063e+02
8.254975991968753988e+02
8.219855444808774791e+02
8.251143922755388758e+02
8.172349159382210928e+02
8.214264574174114841e+02
8.266652464545879866e+02
8.288947334217443768e+02
8.341524853455136963e+02
8.218763314012576302e+02
8.257227522532823514e+02
8.362476943303138341e+02
8.203027669626809484e+02
8.164176716260551530e+02
8.216040850045017123e+02
8.130334703115966022e+02
8.271966824397364917e+02
8.174780445189596776e+02
8.240575733528942237e+02
8.147964119572927757e+02
8.392686047028464600e+02
8.165547003575527469e+02
8.327276791918774279e+02
7.979676593916960883e+02
8.186324768511851744e+02
8.116105201624459369e+02
8.111940410108228434e+02
8.260125625770718898e+02
8.254300396310337646e+02
8.185630230425449554e+02
8.135409773410242451e+02
8.230313184403232754e+02
8.097689036864492209e+02
8.066623770524765860e+02
8.226600745494788498e+02
8.193048639757546425e+02
8.261710708706607420e+02
8.024512539462111818e+02
8.175421952958567999e+02
8.206807169765079379e+02
8.169403977476816863e+02
8.269963139547297715e+02
8.238006003233397223e+02
8.372952968989977762e+02
8.244251085006767426e+02
8.363178026290548814e+02
8.283998435924640944e+02
8.041539817987165861e+02
8.220260170942332252e+02
8.120538379395977699e+02
8.272990294972673837e+02
8.059494697649635100e+02
8.112896210408330262e+02
8.226499353919253963e+02
8.367027327361447533e+02
8.203685804308794332e+02
8.135247071271910499e+02
8.311972862261277442e+02
8.307963294019335763e+02
8.235351823109544966e+02
8.172169154908763176e+02
8.257104978094879471e+02
8.177718997127763032e+02
8.239741245118377719e+02
8.164072229078178680e+02
8.257360006575315765e+02
8.414647056413546125e+02
8.213366566172323928e+02
8.254411403926999355e+02
8.324805286254290877e+02
8.231102523564297826e+02
8.236559633440286916e+02
8.199658570932517705e+02
8.309222725912713940e+02
8.118290133004509244e+02
8.317787789303872614e+02
8.291935464826258340e+02
8.321284064995785457e+02
8.068773038101232942e+02
8.167025691665943441e+02
8.434002229653599443e+02
8.423809752477252459e+02
8.350792957648701531e+02
8.243508615805899353e+02
8.316776943213558297e+02
8.490113677362421640e+02
8.246767996791785436e+02
8.198554608058639133e+02
8.392368646060513129e+02
8.272462495612485327e+02
8.454302265573489876e+02
8.277040040850099558e+02
8.310743095801873324e+02
8.364513973536329559e+02
8.220895283345338385e+02
8.287494004446057261e+02
8.454281825592357791e+02
8.347199128567245907e+02
8.236721166251930981e+02
8.331015796007018253e+02
8.191489211227494707e+02
8.396425768363326370e+02
8.271561897420511968e+02
8.379583632437663709e+02
8.286530554431756173e+02
8.253238734341555300e+02
8.410019372356359781e+02
8.192101432196593578e+02
8.240256123002882305e+02
8.365281066590298451e+02
8.436304093308610845e+02
8.316807527452968998e+02
8.230266540166547884e+02
8.361800540114491014e+02
8.368099915513171254e+02
8.398984265908477482e+02
8.363855889037754423e+02
8.213479108810015532e+02
8.393690517092745722e+02
8.358381202867336697e+02
8.196565670916820636e+02
8.326626501023000628e+02
8.289370677228797604e+02
8.344239268552795465e+02
8.104276359238483565e+02
8.436038375646096483e+02
8.342547293769604266e+02
8.388158042460646584e+02
8.340116190995464649e+02
8.290835021908098952e+02
8.417410919821779771e+02
8.337118310575363012e+02
8.448813252470024509e+02
8.418142026648465617e+02
8.373661710186611344e+02
8.219504911757189802e+02
8.311615315139733866e+02
8.285263392187680438e+02
8.417013833800518796e+02
8.144061065046917065e+02
8.401108858213342501e+02
8.359021958197818094e+02
8.447853020794443637e+02
8.423452176516276495e+02
8.442235508802008326e+02
8.566437599496983921e+02
8.569046094414757135e+02
8.423423946173304557e+02
8.490769267893856522e+02
8.586738589258659431e+02
8.446700578386291909e+02
8.476161819309537577e+02
8.345988975709365150e+02
8.472836345457687912e+02
8.402299497216723694e+02
8.512268948732305489e+02
8.398362466791124916e+02
8.563953843203753422e+02
8.389470957152032042e+02
8.386159355705794951e+02
8.555938505106821594e+02
8.412269049569697472e+02
8.249422939591903514e+02
8.327282435582046674e+02
8.622247513757802153e+02
8.534039221650398304e+02
8.412046465949887306e+02
8.408364437789421117e+02
8.407470905289090979e+02
8.460990116222588995e+02
8.401522766534217226e+02
8.506660560301322676e+02
8.504352917509204417e+02
8.540380348260141545e+02
8.579493272884938051e+02
8.520597234051618898e+02
8.483437888586713598e+02
8.311608846722284625e+02
8.558421068716572790e+02
8.377873170208009697e+02
8.399710196994399212e+02
8.455044128827106533e+02
8.524798762543808834e+02
8.432231572750508803e+02
8.473348686156680287e+02
8.523882134119230614e+02
8.668707812000994863e+02
8.490412242409061037e+02
8.529601671237460323e+02
8.494164597822089036e+02
8.472699837966547420e+02
8.426588778949518428e+02
8.571049750538136323e+02
8.424272160404982515e+02
8.659244108212690207e+02
8.441472011836960974e+02
8.432076353355269021e+02
8.468374806871348710e+02
8.530736164021053582e+02
8.306352476539730105e+02
8.443735448874060694e+02
8.514189039916227557e+02
8.559471178065307413e+02
8.427628221277715284e+02
8.554618375645427477e+02
8.504888022035606809e+02
8.528959619679807247e+02
8.317746693850565407e+02
8.633313380411486833e+02
8.524197694917186254e+02
8.435053943906107179e+02
8.612326003454455758e+02
8.558501668744064546e+02
8.541077071240106307e+02
8.598254473948907162e+02
8.521666879876222538e+02
8.607013245976866074e+02
8.541867584552808239e+02
8.645507648743138134e+02
8.570651226640246705e+02
8.570540868496584608e+02
8.465895826948473086e+02
8.518073360616392620e+02
8.494407817279000028e+02
8.658665761409838524e+02
8.443079205359828165e+02
8.585058122600471506e+02
8.432967451122442526e+02
8.477475743856930421e+02
8.554095655817876604e+02
8.589295294454880150e+02
8.671714104988013787e+02
8.535178483804461393e+02
8.655465862089896518e+02
8.475708895825544005e+02
8.614244272393008259e+02
8.635101428016854470e+02
8.439259035488995551e+02
8.546556964053053207e+02
8.600247588824051945e+02
8.654234394544137103e+02
8.680316562221257755e+02
8.534628636596783053e+02
8.567209953736144143e+02
8.592106065718849095e+02
8.577844414562089241e+02
8.626807807865018276e+02
8.637817384989680249e+02
8.717351022737407220e+02
8.676144327996885295e+02
8.689216932055866209e+02
8.628013450178259518e+02
8.647974764772670824e+02
8.626375904086041828e+02
8.590224020780892715e+02
8.478730284441373897e+02
8.547776205056411527e+02
8.606800338054299573e+02
8.517342585794172010e+02
8.700591639470552536e+02
8.495470435800981477e+02
8.699826151929710250e+02
8.622332138902258976e+02
8.696369300348349043e+02
8.687419716248225541e+02
8.701920045036567899e+02
8.656253860960187012e+02
8.809325524542846324e+02
8.490637903469063303e+02
8.623109136973409932e+02
8.591827949816538421e+02
8.718662124702046867e+02
8.503043591081385557e+02
8.658133801456378933e+02
8.596244109639749240e+02
8.613522742909312910e+02
8.580813253901328608e+02
8.730732514554147201e+02
8.566691708607753526e+02
8.580874108019609139e+02
8.753641423439457867e+02
8.698930155965215363e+02
8.666248528322328184e+02
8.659512664187227529e+02
8.603322189464079202e+02
8.653611794392193133e+02
8.595797725708298458e+02
8.624635867478010596e+02
8.715937491457518718e+02
8.741579937181130617e+02
8.812687232921157374e+02
8.691022126388518245e+02
8.721003836151179485e+02
8.625195386987863913e+02
8.655240314501974126e+02
8.730367185898282969e+02
8.651294220637773833e+02
8.781310098732890310e+02
8.714563868116653111e+02
8.711321057360703435e+02
8.819825336926223827e+02
8.726546156586910001e+02
8.811769186450997040e+02
8.587900597318866858e+02
8.747357256055437347e+02
8.710290863838245059e+02
8.727052602208182179e+02
8.802782327372440250e+02
8.699113349124005481e+02
8.794252285492570991e+02
8.776719567439656657e+02
8.745192816908868281e+02
8.718389045867158984e+02
8.712215193671549969e+02
8.807419438660062951e+02
8.731142175095480980e+02
8.672320344088685715e+02
8.654941110985957948e+02
8.661203751644465001e+02
8.822305548745821397e+02
8.928466701692866536e+02
8.622129572100867563e+02
8.626978070391667188e+02
8.773661902992496380e+02
8.761620929889152194e+02
8.618487581150021697e+02
8.837711427778483539e+02
8.769604874185522476e+02
8.805447026585932235e+02
8.667229146589897937e+02
8.936463395771402247e+02
8.620724173756776736e+02
8.784761236745354154e+02
8.684143945947928387e+02
9.001234873537264320e+02
8.918022459256845877e+02
8.854352030254345891e+02
8.904985913404755138e+02
8.801924174468711044e+02
8.877152163262203430e+02
8.745536016572031031e+02
8.643131706878994009e+02
8.769723250822559066e+02
8.797334890496140360e+02
8.915374397323512312e+02
8.858890283023728216e+02
8.733980996199798028e+02
8.867274042864746662e+02
8.763468686866403914e+02
8.938513688688544789e+02
8.951673410655396310e+02
8.855791279517545718e+02
8.884033772392284618e+02
8.893882103541372999e+02
8.880221221493617350e+02
8.918243324090080932e+02
8.908400774223833878e+02
8.802938292791641288e+02
8.850309632798281427e+02
8.832658284112080764e+02
9.033378594927353333e+02
8.880474452270111669e+02
8.728556756359180326e+02
8.849882661233154977e+02
8.919580617234641977e+02
8.892118609049471161e+02
8.879345684074021392e+02
8.697414119360241784e+02
8.834247251310647471e+02
8.854532926298815028e+02
8.956982238731319512e+02
8.944161946368126337e+02
8.829236001490623948e+02
8.788342533903717140e+02
8.880205808753900101e+02
8.945764839954863419e+02
8.977434885729468306e+02
8.962008324108170427e+02
8.835579660573905585e+02
8.962871047614614781e+02
8.843655933740178625e+02
8.974408526761945950e+02
8.888281155889952743e+02
8.848167372345363901e+02
8.744408137616303520e+02
8.924603645384122501e+02
9.087188129397345620e+02
8.741814839899332128e+02
8.815934826549479340e+02
8.731773296791984649e+02
8.824554111109526957e+02
9.040497176161551351e+02
8.855856833632497001e+02
8.872094852559773699e+02
8.990951291330336517e+02
8.949592220592393232e+02
8.996298591763543300e+02
8.854644008956405514e+02
8.835916235242901848e+02
8.842032651694368042e+02
8.857531260798502899e+02
8.978249138146395580e+02
9.025132353539316910e+02
8.928408458695026866e+02
9.007536175337618261e+02
9.028691873299263762e+02
8.923302294512479875e+02
8.936309349116601197e+02
8.847043399660125260e+02
8.951350136745827513e+02
8.978429282643819533e+02
9.073330802304624285e+02
8.940795633320999514e+02
8.974665891364048775e+02
8.913282713383805458e+02
9.006888669750942427e+02
8.965056456925537987e+02
8.949587381109298576e+02
9.075134313481187291e+02
8.996675816990029944e+02
8.973123958506171221e+02
8.966087935872199068e+02
8.941915664486680271e+02
8.965126888017646252e+02
8.938283919615746527e+02
9.004248502788208270e+02
8.897661254831306223e+02
9.052674843646727822e+02
8.977985654401708189e+02
9.019261031519973812e+02
8.840664204090926432e+02
8.899747805837149599e+02
9.110644829211287288e+02
9.093223380407896457e+02
8.827090843539152729e+02
9.059145285915847126e+02
8.963116370779689532e+02
9.221983553270265475e+02
9.109132795382099630e+02
9.024759602916169570e+02
9.108447015482831830e+02
9.039267779699804350e+02
9.027013076282929660e+02
9.089266835327406397e+02
9.135547691408810351e+02
9.096027115924347299e+02
9.033446288505399480e+02
9.109773180065806173e+02
9.123964174942824457e+02
8.899181264245626153e+02
9.075339893157455435e+02
8.950073810128229752e+02
9.056578946453626031e+02
9.149326469946852285e+02
9.022124724252598753e+02
9.064407425993538254e+02
9.023099417814428307e+02
9.290150463432325978e+02
9.032204691086517414e+02
9.068495098535630632e+02
9.066955207579217131e+02
8.943076063302975172e+02
9.056853616081833707e+02
9.104895682654132543e+02
9.154614829797756101e+02
9.011483421681085701e+02
9.176782598770857931e+02
9.001357218143898535e+02
9.216671977860439711e+02
9.084522621942435308e+02
9.140380355887162978e+02
9.116717969878270651e+02
9.156148930587102086e+02
9.152679369586917346e+02
9.167884781377249510e+02
9.195262641125320897e+02
9.112633820581170312e+02
9.042824080512114051e+02
9.038176699236144032e+02
8.961447531057244760e+02
9.183911409414079117e+02
9.024193445728253664e+02
9.074827638132721859e+02
8.951395008749137787e+02
9.056887653015460273e+02
9.059885069592249920e+02
9.230207726968068300e+02
9.208449245801100460e+02
9.177999951845329178e+02
9.180773194044697902e+02
9.208481800351664788e+02
9.329781321799812304e+02
9.124577215023716690e+02
9.169429184739519769e+02
9.179107684154009803e+02
9.132367462177760444e+02
9.186078598750491437e+02
9.111604598057318753e+02
9.255606508809730713e+02
9.177723743371082037e+02
9.091728192093855796e+02
9.066299914858718694e+02
9.012614769589599746e+02
9.231912409394619772e+02
9.226406697757128086e+02
9.174397287834688086e+02
9.319496483755775671e+02
9.222107090445256290e+02
9.204473792006160693e+02
9.138793088331835861e+02
9.209728007209778298e+02
9.205731411635149470e+02
9.212640181143580094e+02
9.140752674118068626e+02
9.315140052370700232e+02
9.240877370103238491e+02
9.047059628233130297e+02
9.329836862293719832e+02
9.127789202606779781e+02
9.256651732037504416e+02
9.250094605111037254e+02
9.086918863491456477e+02
9.229577703147208467e+02
9.268646352445305183e+02
9.142091745646371237e+02
9.377300356200576061e+02
9.102038898959772268e+02
9.221462425096326569e+02
9.092127333714397537e+02
9.279718573084136324e+02
9.267099157756509840e+02
9.162542209081343572e+02
9.348223085868692124e+02
9.189060118671472992e+02
9.215703547663890731e+02
9.258814488661885207e+02
9.234368374513162507e+02
9.164016079230925698e+02
9.172291684854919822e+02
9.115041120191347090e+02
9.206415813761224172e+02
9.247715851242429608e+02
9.377247018724265217e+02
9.235952268382948205e+02
9.282581746538446623e+02
9.348808014460979621e+02
9.365372753710003053e+02
9.374728409931735769e+02
9.181785305041759102e+02
9.493022147616675284e+02
9.342176459143826150e+02
9.283009825026906583e+02
9.397575390373835944e+02
9.423357225174000860e+02
9.369836235817676879e+02
9.214149278992076688e+02
9.216069628836261245e+02
9.435048439759441408e+02
9.208194514722322310e+02
9.365882256614030439e+02
9.280975403195811850e+02
9.384363920169519133e+02
9.289215477009647657e+02
9.347752801056487897e+02
9.368878293302553857e+02
9.245152869256617123e+02
9.378955934465875544e+02
9.486507333339134220e+02
9.388442268390417667e+02
9.209055397593616590e+02
9.223098285565755532e+02
9.391204067167019502e+02
9.374625697155115631e+02
9.230440591475191923e+02
9.255096889996968912e+02
9.303488579716399727e+02
9.351961578110831397e+02
9.428974271482036329e+02
9.322522806006415976e+02
9.364335482855250348e+02
9.327267292618223564e+02
9.293613021336224165e+02
9.269692319000371299e+02
9.295425510586069322e+02
9.183822730994927497e+02
9.448532286372908402e+02
9.575472733508149759e+02
9.325632732011493999e+02
9.621186087466181789e+02
9.453232367478210563e+02
9.428864409411561383e+02
9.427046448011460598e+02
9.198152725866214041e+02
9.467306286922122354e+02
9.387243100825428428e+02
9.496394626718727068e+02
9.378950465374066425e+02
9.475142397233416887e+02
9.323829211294527113e+02
9.386099762887615725e+02
9.453093171299088908e+02
9.440265754658845481e+02
9.364904106805843185e+02
9.487502719219904748e+02
9.465235663256063390e+02
9.413843307761937922e+02
9.662246606331046905e+02
9.427609212025577108e+02
9.367573024560513204e+02
9.399958150309144003e+02
9.519228828351338052e+02
9.565652084525542023e+02
9.452338803884899789e+02
9.438992353967923918e+02
9.475951222945818699e+02
9.454694884209218344e+02
9.303948824409072813e+02
9.566521639304810378e+02
9.595586154701486521e+02
9.536609579804046462e+02
9.535545750865085211e+02
9.554035500447805589e+02
9.560315028345899009e+02
9.408309565471112137e+02
9.526890968813919471e+02
9.601921218825273172e+02
9.559819235416446190e+02
9.521200061564048838e+02
9.445834258549907645e+02
9.599751836363038819e+02
9.406980112831920451e+02
9.574615114783657646e+02
9.357959459710855299e+02
9.452493248125906575e+02
9.589027102199770525e+02
9.472715794855690774e+02
9.430956509071585288e+02
9.559613154103926718e+02
9.571295620073004784e+02
9.564553317257793879e+02
9.546191955529922097e+02
9.551580993173123488e+02
9.398739306764937282e+02
9.403061062661522556e+02
9.645325587261560258e+02
9.587138672273249540e+02
9.539215294836061503e+02
9.486107831495191931e+02
9.512303290320317046e+02
9.648030643011702523e+02
9.553309571980312285e+02
9.594003780215147117e+02
9.573631458733264026e+02
9.609291602030343711e+02
9.604927934184330525e+02
9.558380844189957770e+02
9.468466284413267431e+02
9.777729239827842775e+02
9.609427089378090159e+02
9.674784205685061806e+02
9.498307113300381843e+02
9.527269802114567483e+02
9.527916550806717169e+02
9.760579531862174463e+02
9.396677136504761165e+02
9.395560183658658389e+02
9.582839512856378406e+02
9.530389692515157094e+02
9.493756223212833447e+02
9.426676036972817201e+02
9.607018861942212880e+02
9.478033228535886110e+02
9.508517569380500163e+02
9.646296428039242983e+02
9.601258206530078496e+02
9.651271062321113732e+02
9.749612763091123497e+02
9.620610882914456852e+02
9.784382768887487600e+02
9.579938034322410658e+02
9.664732624355320922e+02
9.495730216904619283e+02
9.657055406048025361e+02
9.551019229293818853e+02
9.748003077650137129e+02
9.781420669866720345e+02
9.581135318046597149e+02
9.631436472881259760e+02
9.626671100686249929e+02
9.769333073655969883e+02
9.634232273605985029e+02
9.734555646419521509e+02
9.600352266841686060e+02
9.780843859154956590e+02
9.676788983159202644e+02
9.648253137632539165e+02
9.561592959313470601e+02
9.699632209257389377e+02
9.735228112624427013e+02
9.593032337691904559e+02
9.619439970300577443e+02
9.591446167073528386e+02
9.702349260425306738e+02
9.728236612034049813e+02
9.714168314353214555e+02
9.661319680795821796e+02
9.830962841269084720e+02
9.727598279249696134e+02
9.901960426634552732e+02
9.632085353452393974e+02
9.739532088282419409e+02
9.684142883164741988e+02
9.845197915044412866e+02
9.616295861912533383e+02
9.722511169203752388e+02
9.671128563886848042e+02
9.699460869888583829e+02
9.665541038404445544e+02
9.724455542306623101e+02
9.662279620206370510e+02
9.780179431986845202e+02
9.695229743165720038e+02
9.748616276983368607e+02
9.795321026060614713e+02
9.875875876776244695e+02
9.795752430784900753e+02
9.846470245540988344e+02
9.679838876624412478e+02
9.699866886963779962e+02
9.915026165486115133e+02
9.607238234021558583e+02
9.807007578469695090e+02
9.935923042205549791e+02
9.735839356859486315e+02
9.620660547354402752e+02
9.819801224720754362e+02
9.868229754668689111e+02
9.878949237308484044e+02
9.875315533005218640e+02
9.798450480147786266e+02
9.745102914859855900e+02
9.763140844887421963e+02
9.570378124301698790e+02
9.841038311841016366e+02
9.936733515142311717e+02
9.779266588698351370e+02
9.849320196935015019e+02
9.837711920257002021e+02
9.918069205709605285e+02
9.701716000952948207e+02
9.887096689410329873e+02
9.861635847937254766e+02
9.894308259737645130e+02
9.967508198409670968e+02
9.980647545288438778e+02
9.842630623564114103e+02
9.883477468294006485e+02
9.824774769453313183e+02
9.886519189582564877e+02
9.815307656248241983e+02
9.760100059342850045e+02
9.800051186073012559e+02
9.929461486940983832e+02
9.869418820069220146e+02
9.810696145311551390e+02
9.844121407941345296e+02
9.909979718829641797e+02
9.855311895986237687e+02
9.866716293692235240e+02
9.886215232985875900e+02
9.857510314986127469e+02
9.957859980884993547e+02
9.831468292845943324e+02
1.007789610386445815e+03
9.963048822194855347e+02
9.901984449847909673e+02
9.895209506611320194e+02
9.785076632913323920e+02
9.716250498448232520e+02
9.984922701674208838e+02
9.892060400690720599e+02
1.010551166790152365e+03
9.961935885062844136e+02
1.004094998865730986e+03
9.874627308851987664e+02
1.001535487885568273e+03
9.893210404403309894e+02
9.886853924620224916e+02
9.916910444881948479e+02
1.001715811778118450e+03
9.953936435035864179e+02
1.001339550697065874e+03
9.850478044506826336e+02
9.796965270081958579e+02
9.950493299873966180e+02
9.919627203551906405e+02
9.930780238807797105e+02
1.009910930334026489e+03
9.954162584131759104e+02
9.722862934802533346e+02
1.006961396501721651e+03
9.900310343927397980e+02
1.003438752129507293e+03
9.926906730063511759e+02
1.015771616201979214e+03
9.970227256081183214e+02
9.870059274364285784e+02
9.927742121787983933e+02
9.964632546654529506e+02
1.001706427006894273e+03
9.942842004455546885e+02
1.008016071463580261e+03
9.956529227019639166e+02
9.882601923028796591e+02
1.012511943660898623e+03
1.007300744008180573e+03
1.017285679598332763e+03
9.964176443802662106e+02
1.004845782077488593e+03
9.989632625681713307e+02
1.001914876755032310e+03
1.005175465290959892e+03
1.004055826686260161e+03
1.007959679674650033e+03
9.947166461679607892e+02
1.003964478986801169e+03
9.974638172652469166e+02
1.004800961905944746e+03
9.979410860678326571e+02
9.951694988277658922e+02
1.009500852132690738e+03
1.017243618324213230e+03
1.011317119349212703e+03
1.013059466428559858e+03
1.018758371645017291e+03
1.016062807426027234e+03
1.004682115250616221e+03
1.003283762937288429e+03
9.949850144612200893e+02
1.007957169926590609e+03
1.012813590536166089e+03
1.002599514719914623e+03
9.999926640759264274e+02
1.009549204211898655e+03
1.013699196169669563e+03
9.994214327717212427e+02
1.001315316492366492e+03
1.023020843759192758e+03
1.012242896228090785e+03
1.006456499261050226e+03
1.016511018768901067e+03
1.011873948830532527e+03
1.020741953997678138e+03
1.022511952299288509e+03
9.985580709000496427e+02
1.016954871238650867e+03
1.013012506012014455e+03
1.009067350201335557e+03
1.013578332205244237e+03
1.018082798847145455e+03
1.009307685436968995e+03
1.013064753143738358e+03
1.015695823971452910e+03
1.042495653736539680e+03
1.008184334122390624e+03
1.014077339463555404e+03
1.020569825149614303e+03
1.013809584650620309e+03
1.023519997414773457e+03
1.011491613802802590e+03
1.010418785444245259e+03
1.032809601208187814e+03
1.006690878308281754e+03
1.019127338324959965e+03
1.024133988703586965e+03
1.012822115075318607e+03
1.024293711859588257e+03
1.035173809425431045e+03
1.026669061012527209e+03
1.018184362684768757e+03
1.024953483314956884e+03
1.013080432930623147e+03
1.021806188065067317e+03
1.028835034595356319e+03
1.023348503701931691e+03
1.031121607719341910e+03
1.017524467433480595e+03
1.037768583215621220e+03
1.024117685431133168e+03
1.044301110877109750e+03
1.018786686045071292e+03
1.032868876240873533e+03
1.030667181435852854e+03
1.034404921592851906e+03
1.009647168359630768e+03
1.033468109182785156e+03
1.030852268311643456e+03
1.035884855264531325e+03
1.033140078344013546e+03
1.044200485885188982e+03
1.013473355746646348e+03
1.027726516882054284e+03
1.011713894417129154e+03
1.027311435121879185e+03
1.031125026013401794e+03
1.028512172646033378e+03
1.021380221334270573e+03
1.037866848654482510e+03
1.032501172178183424e+03
1.040951610383145407e+03
1.013044872513042264e+03
1.019698981774988511e+03
1.016688559261128830e+03
1.030475026582643295e+03
1.034678654322843613e+03
1.022453100433142936e+03
1.046757664543935562e+03
1.025346605345055195e+03
1.041098010220574224e+03
1.028316189649843864e+03
1.040377496132566648e+03
1.026831323774709517e+03
1.033234100542946635e+03
1.043213758910679189e+03
1.014902452095357603e+03
1.033108005535935945e+03
1.036437981053228214e+03
1.039149112391740800e+03
1.023523694833165109e+03
1.035145446222287319e+03
1.039702146003115558e+03
1.041093953441966050e+03
1.037324160494109719e+03
1.041744278306797014e+03
1.047642032461271810e+03
1.035604783224894618e+03
1.038467249763885548e+03
1.044598187462477199e+03
1.041461143391162068e+03
1.052087528907541355e+03
1.043340373875184014e+03
1.043362442088935495e+03
1.040771024485328326e+03
1.043827250858700381e+03
1.035295694507218059e+03
1.039575452862722841e+03
1.051505221892230111e+03
1.043307507626903998e+03
1.033785070513737082e+03
1.056997118091300536e+03
1.052442499050580864e+03
1.058226243091681681e+03
1.044705789725535624e+03
1.060493764327569124e+03
1.051462666427272779e+03
1.059223034766866931e+03
1.058717269060695344e+03
1.066768242094877905e+03
1.037860610917471149e+03
1.044054243562554802e+03
1.044127197335933943e+03
1.036922619016785575e+03
1.057810376491484021e+03
1.045426853142869049e+03
1.064837144526961993e+03
1.059076633003660845e+03
1.041270999965619012e+03
1.054228223564382915e+03
1.029350211718034188e+03
1.056111171034952349e+03
1.071521960765090171e+03
1.035425791376016377e+03
1.066817166539020491e+03
1.066395785099181921e+03
1.051780144015728638e+03
1.071014042786379150e+03
1.060539217037972321e+03
1.055043700618775802e+03
1.059426461725588979e+03
1.063093443581139127e+03
1.053263889695244188e+03
1.046633690880637459e+03
1.049733525947579892e+03
1.052988533571712651e+03
1.058626641427269988e+03
1.051799851228778380e+03
1.060927640827910636e+03
1.058587668101861254e+03
1.062594318727075688e+03
1.057800728771725289e+03
1.045518131553496687e+03
1.062460152497512127e+03
1.059323925130794805e+03
1.068320033896911127e+03
1.062136125139225214e+03
1.070070810827834066e+03
1.067910332951171540e+03
1.068086761520765776e+03
1.055038707581966719e+03
1.063053150817014284e+03
1.062023344519362581e+03
1.060859458788301254e+03
1.067899335214521443e+03
1.057829266807685599e+03
1.054510733286835602e+03
1.072641000047523903e+03
1.073301277530505786e+03
1.073869465399706769e+03
1.057428987500647736e+03
1.060555115661477430e+03
1.063163024258939913e+03
1.078702356605002933e+03
1.078843635013502990e+03
1.077764352065269122e+03
1.064367171890652799e+03
1.066473185842786734e+03
1.070688855600579927e+03
1.074862676542797317e+03
1.067130019411738658e+03
1.056562721009747747e+03
1.060183338482620911e+03
1.055291948508135420e+03
1.071212380794847832e+03
1.053057078142433966e+03
1.069796924646878551e+03
1.064095319143688130e+03
1.085465643623995675e+03
1.075683840566791332e+03
1.077819152389531837e+03
1.065404148192943467e+03
1.083977824304134629e+03
1.071742629147352091e+03
1.068986954868440762e+03
1.080545436830214385e+03
1.096642861760112737e+03
1.069853652913743190e+03
1.086542239689693133e+03
1.062006534166693655e+03
1.067636088088351016e+03
1.081192707394558056e+03
1.067088124990332517e+03
1.071308845924194657e+03
1.078330812906007395e+03
1.069028980131017533e+03
1.076535624073991357e+03
1.074319304193785683e+03
1.081943401544177505e+03
1.078503781584892522e+03
1.081625984216841061e+03
1.074712560584475796e+03
1.095603338113772452e+03
1.074249288331340267e+03
1.078183356254275850e+03
1.086246664331418060e+03
1.093166963721620732e+03
1.079182364151557067e+03
1.077497882608844748e+03
1.082590975779214659e+03
1.088305631323009720e+03
1.094519168628581838e+03
1.057612786193318698e+03
1.086605598120852619e+03
1.079757574328051305e+03
1.082917909888325767e+03
1.078112751316789399e+03
1.086624952613292635e+03
1.068777523609539912e+03
1.088620686250624431e+03
1.099928915242848916e+03
1.089026550843304449e+03
1.091969207253044033e+03
1.092838893774101507e+03
1.078470311790572396e+03
1.085345962416589146e+03
1.081431236050480948e+03
1.081883253800576085e+03
1.096430148848682393e+03
1.087792081697776666e+03
1.096958946302827371e+03
1.105268584564242019e+03
1.099024904246516826e+03
1.101187830293614525e+03
1.092246252298058835e+03
1.100217985623541608e+03
1.099930648624831520e+03
1.091508745549330115e+03
1.088332042496990425e+03
1.094880596257191883e+03
1.091438782756171349e+03
1.111559651575849102e+03
1.089929451509921364e+03
1.092334698327983233e+03
1.086922486205136238e+03
1.100944194321796658e+03
1.096306179436797720e+03
1.091544113073660810e+03
1.089026135537753589e+03
1.091276009696990741e+03
1.100432829692166706e+03
1.082388924655979281e+03
1.092586670250318093e+03
1.103120422265451680e+03
1.111121547609976460e+03
1.098850547266798912e+03
1.093864971247869107e+03
1.100816243602361055e+03
1.102132115515435316e+03
1.096175264587443962e+03
1.102556836009963490e+03
1.102537712737530683e+03
1.096194955199610376e+03
1.101952374709731203e+03
1.105267985278623655e+03
1.110191748356967764e+03
1.116037130618637548e+03
1.096370929668025383e+03
1.106734338267916200e+03
1.108883381274109979e+03
1.094360867711922310e+03
1.109464942790143596e+03
1.110371577730511945e+03
1.119969031843932953e+03
1.123718993461969603e+03
1.093257519805697484e+03
1.115055630486820746e+03
1.116032724753796856e+03
1.106312278959276910e+03
1.125202680634268972e+03
1.107868569566012866e+03
1.108785783943141496e+03
1.100563495305018023e+03
1.105457318683264475e+03
1.108460438443954672e+03
1.113505292843003872e+03
1.104243648254085656e+03
1.108040897415559812e+03
1.111591377416919386e+03
1.131762802644205976e+03
1.106629731328780736e+03
1.104045203805434994e+03
1.131369462027981854e+03
1.104875965890229963e+03
1.120877871415380241e+03
1.110831808644836656e+03
1.111423071542266143e+03
1.121646504540564820e+03
1.117721780895734582e+03
1.122709459869182865e+03
1.117601010509246862e+03
1.107950051425916854e+03
1.112282724997091009e+03
1.128387418784988540e+03
1.112534222727766974e+03
1.118467078314337869e+03
1.139727098697093879e+03
1.109716672872626759e+03
1.116776676277356046e+03
1.122130453398096506e+03
1.117319024694591917e+03
1.111735789684929841e+03
1.126071052098146765e+03
1.123478361293238322e+03
1.119138048365448640e+03
1.116078279838699245e+03
1.124700311719030651e+03
1.124630884715435968e+03
1.126567363564970492e+03
1.104446818882536718e+03
1.117695615406031948e+03
1.116002157097802865e+03
1.128658530228004793e+03
1.140212745582559592e+03
1.140075871318446389e+03
1.120542302219721932e+03
1.129024993044809662e+03
1.133914841464400524e+03
1.128482010973756132e+03
1.137838601488511813e+03
1.142967275277153249e+03
1.116038971478560370e+03
1.137104928358094867e+03
1.136504075034776179e+03
1.134237694288471175e+03
1.116219895585183849e+03
1.132278979370973275e+03
1.154553921559171613e+03
1.121315652106637117e+03
1.134358313969756182e+03
1.136056448608872188e+03
1.144691022340545260e+03
1.136726579470720253e+03
1.136226269607437871e+03
1.143004721325672790e+03
1.126222178254010942e+03
1.120599164138375272e+03
1.137459718165392133e+03
1.124024779630450666e+03
1.139072583417658507e+03
1.139175582409723575e+03
1.135678683110152633e+03
1.128641243290452167e+03
1.126194705369056010e+03
1.134255262927464400e+03
1.149746471623553134e+03
1.130141907366371015e+03
1.134873969816455883e+03
1.143424006374430974e+03
1.132626938067495757e+03
1.137527276552383682e+03
1.140853955839837454e+03
1.140971686691782224e+03
1.150510917951433612e+03
1.135758490796326441e+03
1.145666015686378614e+03
1.134507246250726439e+03
1.132471342686165372e+03
1.143473935949168208e+03
1.141283672586746434e+03
1.142028902480320539e+03
1.154824290563525437e+03
1.143295058058379709e+03
1.158359730117234676e+03
1.144438507635953556e+03
1.146524500308481947e+03
1.138516781542523859e+03
1.151881496559951984e+03
1.161022499794325313e+03
1.140138771613837434e+03
1.150630266288208077e+03
1.159239181959861980e+03
1.151354488981990471e+03
1.155470975984975894e+03
1.146789674147780488e+03
1.155979753786838501e+03
1.155561578397728226e+03
1.145393230079425848e+03
1.141702617348956892e+03
1.166426511084103595e+03
1.149067198769971128e+03
1.157934052051353547e+03
1.155223665383960451e+03
1.160076633352612589e+03
1.162692402539754767e+03
1.160557207982577665e+03
1.146084743746217555e+03
1.165379344536253484e+03
1.143276795867278452e+03
1.175420226235897644e+03
1.160188823351536257e+03
1.165377158153513392e+03
1.159075975104971803e+03
1.161213062475531387e+03
1.156204472385256395e+03
1.153418003324829897e+03
1.159574085998425062e+03
1.167761529757563267e+03
1.189107286575352191e+03
1.167803848292466455e+03
1.169914806949723697e+03
1.147368980564106323e+03
1.186239710572240256e+03
1.159771353500931582e+03
1.164994979040253838e+03
1.159396729002796292e+03
1.149985368813193645e+03
1.157377360091191349e+03
1.172359383024338513e+03
1.179883088582639857e+03
1.167867782968260826e+03
1.173732211699694517e+03
1.170338164463228622e+03
1.176530936096096639e+03
1.152506912146913692e+03
1.181098768981010835e+03
1.176061073481405629e+03
1.175470496382297370e+03
1.174692487475240341e+03
1.183698940503112226e+03
1.172443590040555591e+03
1.174052816043805024e+03
1.176228415964790202e+03
1.176274084159504582e+03
1.174231978396235263e+03
1.175778068232220448e+03
1.181934646969691585e+03
1.170879803277688779e+03
1.178833445947438804e+03
1.178919633981110792e+03
1.177248875577020954e+03
1.195184879484837438e+03
1.172151397189645195e+03
1.179144430257174008e+03
1.189868998864886635e+03
1.180413231767403659e+03
1.186781815379857562e+03
1.187843811680590989e+03
1.177214945611945950e+03
1.179063216222346455e+03
1.183765172153186995e+03
1.175702148260359081e+03
1.174845687733175282e+03
1.182136044242225125e+03
1.194405382463827209e+03
1.187896218600970997e+03
1.174139241600170863e+03
1.187779217745058304e+03
1.175451622356013559e+03
1.183908756202444238e+03
1.183081714726672999e+03
1.189234444124656420e+03
1.164700727239668367e+03
1.197731079863329796e+03
1.191168822718602541e+03
1.194222571082019385e+03
1.175811747738112444e+03
1.192155881698280609e+03
1.180990103434379307e+03
1.185604837296315054e+03
1.201775843603847306e+03
1.190419952230135550e+03
1.199990390187585945e+03
1.188290539759443618e+03
1.195520793105990833e+03
1.209365816140670404e+03
1.188631519336488736e+03
1.191207570613220469e+03
1.187562360741333123e+03
1.196554725762003045e+03
1.181849629578391387e+03
1.201528747224022254e+03
1.181573717194739856e+03
1.199991416944574894e+03
1.213941173753028352e+03
1.194850163414560484e+03
1.212120184321137003e+03
1.206228235705410498e+03
1.194274941328342720e+03
1.202058041786556714e+03
1.207416955834383771e+03
1.202597314892503164e+03
1.185398224809513522e+03
1.205531714284501049e+03
1.188804641940308784e+03
1.206616804082967974e+03
1.208528332858679505e+03
1.204632465524912732e+03
1.194617355390126477e+03
1.201863878613853785e+03
1.205104232837735253e+03
1.203572587930616010e+03
1.219961610189751809e+03
1.213745286096306700e+03
1.198478822094491534e+03
1.219140366206601584e+03
1.200915991502225097e+03
1.189614227663434349e+03
1.203760404218049189e+03
1.212056813498706106e+03
1.208621844671602503e+03
1.211500449926243618e+03
1.204177964872807024e+03
1.206616190909646321e+03
1.207075875934151100e+03
1.211357750710619939e+03
1.214055991901677771e+03
1.221552766238330605e+03
1.208777144518902787e+03
1.197512177917874851e+03
1.196484751180020112e+03
1.213300936059993091e+03
1.216218256375169403e+03
1.223204241765377446e+03
1.207829733427875908e+03
1.218971413911207037e+03
1.220553288364515538e+03
1.209668242245843658e+03
1.227714315204524837e+03
1.223412468113657269e+03
1.224023842359432138e+03
1.230183349546373165e+03
1.215951193799492785e+03
1.227081075259101908e+03
1.218248686145001102e+03
1.213610566528342133e+03
1.221566883688922644e+03
1.215395251613565051e+03
1.211227769348979564e+03
1.212356707366141109e+03
1.208201149592258844e+03
1.233321303506992081e+03
1.233721452521498577e+03
1.223423487770311567e+03
1.214649754985234267e+03
1.237110201860737789e+03
1.236110139164644806e+03
1.231554001472131858e+03
1.223263482320998264e+03
1.230547999628601701e+03
1.222548474487286512e+03
1.228669544310506126e+03
1.213513591779714261e+03
1.223685299826945084e+03
1.228152384392316435e+03
1.235485171104077608e+03
1.230575014614838892e+03
1.217709886705908730e+03
1.219498611475693451e+03
1.235947969938719325e+03
1.234590222816042342e+03
1.237565893848079440e+03
1.220358289511311796e+03
1.235137965363624744e+03
1.245676538774718210e+03
1.245527613334435046e+03
1.238596749587763725e+03
1.229819601419102582e+03
1.231333412820168860e+03
1.241981877259731391e+03
1.242397773934924999e+03
1.242847416958805525e+03
1.225390426807649874e+03
1.258947835860122268e+03
1.225628741340672605e+03
1.252792242413171152e+03
1.241942860668177218e+03
1.238507163182913700e+03
1.231025332904741845e+03
1.236936068365151186e+03
1.238050117756617510e+03
1.253753165996959524e+03
1.244660173669919232e+03
1.255078328612913083e+03
1.254141745828361309e+03
1.246871959930348567e+03
1.239966729479890773e+03
1.258808810740143826e+03
1.238734923091263227e+03
1.258247786849549584e+03
1.231115153360189197e+03
1.240822163245636148e+03
1.231874346778480231e+03
1.235380359213299926e+03
1.253522437466659539e+03
1.243945118047838378e+03
1.248621947688723139e+03
1.250699773614652486e+03
1.258357143795976299e+03
1.248788563941804568e+03
1.253107572890063693e+03
1.238283232910590641e+03
1.255834972928390698e+03
1.250279114913899321e+03
1.242914553892024742e+03
1.263740875586245238e+03
1.243387001908484763e+03
1.255160707405023459e+03
1.252954931095652455e+03
1.262381125043870725e+03
1.254529919266509296e+03
1.260776877583369469e+03
1.270556400345227075e+03
1.269205451681047634e+03
1.277053797031146814e+03
1.273628180734707712e+03
1.261364038690594953e+03
1.259788947486711322e+03
1.274523813516062091e+03
1.253490369674776275e+03
1.264962934174713382e+03
1.270457535029147039e+03
1.265569744239721558e+03
1.266275026757168689e+03
1.253413774951401138e+03
1.268858672366420251e+03
1.265507302619060056e+03
1.268282420126449097e+03
1.264494227630606929e+03
1.272863840995676355e+03
1.254492872744261149e+03
1.271810630514208697e+03
1.254675752947748833e+03
1.271254517573418980e+03
1.261029212306915724e+03
1.271305190093643432e+03
1.279751842765587753e+03
1.286740606187014237e+03
1.278372656718510370e+03
1.271001896539315339e+03
1.298284575084322569e+03
1.264025358564206954e+03
1.274069388518440519e+03
1.284330574514795899e+03
1.290994844807328036e+03
1.270510274884387400e+03
1.288973900363151188e+03
1.275946205539973562e+03
1.299080835391296660e+03
1.265930911767121188e+03
1.293594720951322643e+03
1.288466962940071880e+03
1.279621353387568888e+03
1.292936644551912877e+03
1.274555403695860377e+03
1.261707444524328366e+03
1.289663544807653807e+03
1.277230076335408285e+03
1.284805192055892803e+03
1.274163515752753483e+03
1.289194688742901690e+03
1.301596003397931781e+03
1.294146680432358608e+03
1.290660961922798833e+03
1.293998308768629840e+03
1.284311500769931399e+03
1.262364361472526070e+03
1.289847210913081199e+03
1.280510282250896125e+03
1.287580009498850814e+03
1.282043031101863107e+03
1.282390716320315732e+03
1.295404291542534338e+03
1.301025124619408416e+03
1.287034629596009836e+03
1.288132132288661978e+03
1.302168317238246345e+03
1.293216049590845159e+03
1.276150575418936569e+03
1.294403300677210609e+03
1.280045182695775566e+03
1.284094025949070783e+03
1.291894853071808029e+03
1.292352035994436847e+03
1.283958586356774958e+03
1.292807752654216529e+03
1.304273345273862788e+03
1.288914406289314684e+03
1.302934640107774385e+03
1.302195654910119174e+03
1.288587658903909869e+03
1.311309019566904453e+03
1.289440454665309062e+03
1.299006096951279233e+03
1.309573701763757981e+03
1.291626156655197974e+03
1.310012675652350481e+03
1.293981389818611206e+03
1.298535430199450502e+03
1.300712337983048201e+03
1.292331386092994080e+03
1.316812316106423168e+03
1.303941548299717397e+03
1.299582823668781202e+03
1.307261557898790670e+03
1.324853933333722580e+03
1.318453473093011780e+03
1.325789718652698866e+03
1.304913104283964913e+03
1.314393600102246637e+03
1.296467372848174136e+03
1.313110602821381917e+03
1.324181023949306564e+03
1.316734705027565724e+03
1.317463710946383799e+03
1.317538630309594055e+03
1.322808041264210487e+03
1.324538014832370663e+03
1.319922079044122256e+03
1.299856360840479283e+03
1.322740558492679156e+03
1.321147197967800366e+03
1.317832023653063061e+03
1.324401153775024795e+03
1.322918287061734191e+03
1.325264911407221007e+03
1.326927288115102328e+03
1.312789911343200401e+03
1.301985509503412686e+03
1.310129695955210536e+03
1.314394685021650275e+03
1.325701446068263294e+03
1.320421346348344514e+03
1.324999177343879182e+03
1.319218565649814991e+03
1.314005210699005829e+03
1.338654549465125228e+03
1.329354992506260260e+03
1.339378098815598605e+03
1.326742560036870600e+03
1.333847409146487280e+03
1.335787512909426141e+03
1.311013692092098154e+03
1.333209936015888843e+03
1.332240333242270935e+03
1.332139251940145414e+03
1.325945813535479829e+03
1.330330619717722584e+03
1.326882017172215228e+03
1.343686738651439100e+03
1.353942365329705581e+03
1.339299954413163960e+03
1.333713053339988164e+03
1.341163676933751503e+03
1.337044494659809970e+03
1.337294680638486170e+03
1.347632096562233073e+03
1.353768979468175303e+03
1.335746724918913969e+03
1.335672505163694495e+03
1.336105017232669070e+03
1.342013434580193234e+03
1.345555443226490752e+03
1.342043431006178253e+03
1.332044572675153177e+03
1.345211789388144098e+03
1.340172816124117617e+03
1.337561723284998607e+03
1.346711226399015231e+03
1.352273947286894781e+03
1.333277245157437392e+03
1.333181578315984098e+03
1.344618397559065215e+03
1.358589269229815272e+03
1.347272479108391053e+03
1.361427729410636402e+03
1.345327983690451674e+03
1.352335784261402068e+03
1.349892951771841808e+03
1.350123167579484289e+03
1.353000311196308303e+03
1.357273779925270674e+03
1.358371207189059987e+03
1.356442726334194731e+03
1.359778324679543402e+03
1.360556663048711471e+03
1.359364076677365574e+03
1.345533351020284499e+03
1.351771411228457055e+03
1.361871712630366346e+03
1.345824164922891669e+03
1.356038432317307979e+03
1.379963971607792701e+03
1.358490436029510647e+03
1.375743039819550404e+03
1.353848763759283202e+03
1.367166774140609732e+03
1.361135055106033860e+03
1.354909306623532302e+03
1.361122394727310166e+03
1.359824253450849255e+03
1.361059870181079987e+03
1.379137283264681855e+03
1.376663661073775074e+03
1.362428364608116681e+03
1.349037450996510188e+03
1.349892622999464947e+03
1.371082537282512476e+03
1.370577711784450003e+03
1.363754567524747472e+03
1.369123034474551332e+03
1.372843651977977970e+03
1.374384390564424393e+03
1.378118342118286819e+03
1.372760407847371880e+03
1.376373704225738948e+03
1.379111377215723678e+03
1.365077446302397675e+03
1.368135818232030942e+03
1.386805451457928484e+03
1.373183907474674015e+03
1.381896561595433923e+03
1.378132246283583981e+03
1.390261041658262002e+03
1.368807776444740512e+03
1.381354859261268757e+03
1.391537664348378712e+03
1.386017782580817538e+03
1.394380802433630379e+03
1.388171560344987483e+03
1.392362544138946987e+03
1.389713748554108179e+03
1.384173842692961443e+03
1.401947476941828427e+03
1.384702471321936173e+03
1.397445809001864291e+03
1.380691818225611087e+03
1.397988115678466329e+03
1.394750961601649124e+03
1.397344520500241742e+03
1.394101250951259317e+03
1.383468879579589611e+03
1.397145144946775417e+03
1.392085446192582822e+03
1.390777574104882433e+03
1.396659872086249834e+03
1.399515532799042148e+03
1.400513829400565101e+03
1.383102824718256215e+03
1.391338570160561630e+03
1.407535234906336882e+03
1.413043519878069446e+03
1.408488157295481415e+03
1.407845611366959929e+03
1.389558241882296443e+03
1.406421718416554313e+03
1.393280199521377654e+03
1.407457029713088787e+03
1.400551469981262699e+03
1.396691937281320861e+03
1.397105513782650178e+03
1.403571467181949629e+03
1.401578438706400902e+03
1.403061845602722769e+03
1.412002911221889235e+03
1.407909118879839525e+03
1.405990814566408744e+03
1.410447002443143901e+03
1.405908387215571565e+03
1.416746808359969918e+03
1.417177545999066524e+03
1.397145188384919948e+03
1.411934977782841997e+03
1.424193061367185010e+03
1.416749734773328555e+03
1.408986095929675685e+03
1.422058170965193995e+03
1.412675667296055508e+03
1.424619859699795143e+03
1.416222280040591613e+03
1.403451841628792863e+03
1.421042534885000350e+03
1.422861751080416525e+03
1.409195323065860066e+03
1.417679608603500810e+03
1.434005119318689367e+03
1.417550837890811636e+03
1.425828667086113228e+03
1.420967176029095754e+03
1.414802224877838853e+03
1.418733692701525342e+03
1.422516764829807698e+03
1.431335763834973250e+03
1.439871502821524928e+03
1.432688221262030311e+03
1.419658916217258593e+03
1.441996893921908622e+03
1.431639427207266408e+03
1.426366551595015608e+03
1.424633975264310266e+03
1.428349126878345942e+03
1.441989945899139684e+03
1.438286318783407069e+03
1.442863138123076624e+03
1.435839962264302585e+03
1.424602595368068705e+03
1.435299093701768243e+03
1.442049441593533174e+03
1.444746217471182717e+03
1.445778115195350438e+03
1.429917521459840827e+03
1.444426517112598958e+03
1.437262562414319746e+03
1.442618536542923493e+03
1.437334139910778049e+03
1.437822272438789923e+03
1.451285396937234054e+03
1.444099688993852624e+03
1.451327613242027155e+03
1.430229670744057785e+03
1.443477616005583286e+03
1.458652588318067046e+03
1.440355186106146448e+03
1.447131702647275006e+03
1.453603624239838609e+03
1.477119643053835944e+03
1.457858166903734173e+03
1.454138255681895316e+03
1.458259722023026143e+03
1.447441307034526517e+03
1.453844444555585596e+03
1.450544915470902197e+03
1.452505481031905902e+03
1.453830628424538645e+03
1.458492088922336507e+03
1.459557205201676197e+03
1.448946635962880009e+03
1.460143156478239689e+03
1.464561822433464386e+03
1.457232790032815956e+03
1.457748463182042997e+03
1.467683227012731777e+03
1.462803422634068738e+03
1.462548856002067168e+03
1.463576765032961930e+03
1.462826862238632430e+03
1.474635501606841672e+03
1.474099759887508753e+03
1.464227879053973993e+03
1.444362962192254145e+03
1.473234023469852218e+03
1.479252323501247929e+03
1.472516668637097155e+03
1.471411598724982468e+03
1.453448045273665230e+03
1.478717853316942637e+03
1.482134283049336318e+03
1.481376814397148792e+03
1.476242864929750112e+03
1.475781748614057506e+03
1.480388455584956773e+03
1.480630780799430340e+03
1.459910832193202850e+03
1.486457085679446209e+03
1.461938840108363593e+03
1.475711581450118274e+03
1.489653418643039913e+03
1.466485330393581989e+03
1.455874385693401337e+03
1.489684343564987785e+03
1.483747059251601740e+03
1.474512738373360207e+03
1.485932523438209955e+03
1.490874528098029941e+03
1.494828006919344944e+03
1.497815554979923945e+03
1.478021488268089342e+03
1.503338570974780623e+03
1.496583167392977202e+03
1.499127914126809173e+03
1.490995778837537273e+03
1.478904049136348931e+03
1.497914436227853002e+03
1.497766777992485004e+03
1.502505162705891053e+03
1.477657793145343931e+03
1.484815209801100082e+03
1.499867135372741814e+03
1.512035658802308717e+03
1.489986204135080243e+03
1.498665066487294098e+03
1.504250762160367685e+03
1.493353925242762216e+03
1.483912814262262600e+03
1.507784396193098928e+03
1.505892345212959981e+03
1.501286337040822900e+03
1.495787191752320041e+03
1.485955197884703921e+03
1.504886276763967089e+03
1.509187530623786643e+03
1.517837946267999996e+03
1.510566175354654888e+03
1.488712836760446407e+03
1.506601389384034064e+03
1.490000819564676021e+03
1.495792304473025979e+03
1.529362596960671226e+03
1.508144368589473743e+03
1.510249727116804934e+03
1.506148344190843318e+03
1.509549495995369398e+03
1.507892486103086185e+03
1.512298070145743850e+03
1.507410100113516819e+03
1.517455961899297563e+03
1.511867536626155470e+03
1.530975624700176695e+03
1.523807634983342723e+03
1.501279228782282189e+03
1.528723179972259913e+03
1.524583836135753927e+03
1.524402766386197527e+03
1.530363119505546592e+03
1.505602824190100819e+03
1.526791581779973967e+03
1.519151444421019050e+03
1.514652083041064543e+03
1.524712729234970084e+03
1.517441095313753976e+03
1.519413901374133957e+03
1.533129402174393590e+03
1.534651561249079805e+03
1.533447199969690701e+03
1.542181263059133698e+03
1.527557323551855916e+03
1.525182246038248650e+03
1.544250643095380838e+03
1.536899692923074326e+03
1.543516650163323220e+03
1.537518183208272376e+03
1.528291256903375370e+03
1.552678546813285948e+03
1.544427807241399023e+03
1.536392709328726141e+03
1.549673826862344868e+03
1.555081192058395118e+03
1.541017348511553337e+03
1.536389180266997755e+03
1.533825245240127515e+03
1.548298590948304536e+03
1.555010434600878170e+03
1.549565402967746877e+03
1.543768195851523615e+03
1.548068752834521092e+03
1.557900216994333277e+03
1.537541172091830958e+03
1.540742737331574517e+03
1.556375641804838324e+03
1.563239266699338714e+03
1.545267107475100147e+03
1.549755585446933310e+03
1.557114494569998442e+03
1.545141188286921533e+03
1.558229905892294710e+03
1.553270200437008270e+03
1.557660381296277592e+03
1.560640708379773059e+03
1.569839563779383298e+03
1.568852366206666829e+03
1.547943350850938714e+03
1.562423093425202751e+03
1.551465024585464107e+03
1.555541248600007975e+03
1.564799697116251082e+03
1.573468961560287880e+03
1.555958768156949645e+03
1.564519197062197236e+03
1.565715033829058257e+03
1.571381868748050238e+03
1.573936587108700223e+03
1.570453585198802557e+03
1.565264981329351031e+03
1.571100439100958283e+03
1.562573030300029359e+03
1.575387050237275162e+03
1.582634889458820908e+03
1.571064053974836042e+03
1.582435556426656376e+03
1.569838489210478656e+03
1.578259770368728141e+03
1.578070922082313700e+03
1.587723968230520768e+03
1.581242585238594984e+03
1.585558341536053376e+03
1.576701304827216973e+03
1.579458802666062638e+03
1.599813669028095092e+03
1.600233948140622488e+03
1.591654336266136397e+03
1.589707943421183700e+03
1.593010300951760883e+03
1.577159158209258749e+03
1.588389927110273675e+03
1.582464732454542855e+03
1.589854642792804498e+03
1.584752535624331813e+03
1.593309377035366879e+03
1.607585649622888468e+03
1.579534934853259529e+03
1.599634384073484171e+03
1.586461896137950134e+03
1.605241687495913538e+03
1.597501351828519091e+03
1.606470037766242058e+03
1.592926366884749314e+03
1.591950247267347549e+03
1.605596189177249471e+03
1.603118137936054154e+03
1.617413344162026988e+03
1.602530129837894037e+03
1.599645962721297110e+03
1.593524706701815603e+03
1.613210998273778387e+03
1.603424344509137654e+03
1.603299415892239722e+03
1.620976262665172499e+03
1.607276144441573706e+03
1.622839186223749266e+03
1.602495172237822771e+03
1.630070365295958482e+03
1.600885801942723901e+03
1.611193301119483749e+03
1.622509886256000527e+03
1.613422714691826513e+03
1.622042260833067985e+03
1.616004784774726431e+03
1.634231474573291734e+03
1.613526251447760387e+03
1.613770591343288061e+03
1.619789800625439966e+03
1.618994016254709550e+03
1.638266822111726015e+03
1.608129409445293277e+03
1.614186436198723413e+03
1.628181773142988959e+03
1.626420261114593359e+03
1.627642708567640739e+03
1.636736776787461167e+03
1.625114272552651528e+03
1.636464556975081450e+03
1.629657832991892519e+03
1.610184107676181156e+03
1.627852447617618282e+03
1.636670395175555768e+03
1.644411162385357329e+03
1.633523164738340256e+03
1.658432043010472626e+03
1.638765172986656808e+03
1.629912513733529067e+03
1.640919305848022304e+03
1.643582800982845356e+03
1.645550533129413452e+03
1.640507026475442217e+03
1.630836563728034207e+03
1.640464893834584700e+03
1.642629145473358676e+03
1.648329484544050956e+03
1.656047611034202419e+03
1.634566806431735358e+03
1.644221017679572924e+03
1.638479971977696323e+03
1.643229340545026162e+03
1.644130933988502420e+03
1.646881474834635128e+03
1.652730328986803670e+03
1.667693133322649373e+03
1.638901988531494226e+03
1.666833251499760081e+03
1.663164723372405888e+03
1.681309384627254076e+03
1.670610322585033373e+03
1.673031069755922317e+03
1.676704723385434363e+03
1.676802923515592965e+03
1.678541263706266363e+03
1.665196065652683501e+03
1.667982479709508198e+03
1.651388546319381476e+03
1.679995471828678319e+03
1.655058520405232230e+03
1.676152106016424341e+03
1.669979313488121079e+03
1.672439592593890666e+03
1.677640218689343783e+03
1.677734812731838929e+03
1.666803209964182088e+03
1.677977911304758891e+03
1.678931108384494792e+03
1.679572726259782030e+03
1.677152558106534343e+03
1.665822079218984527e+03
1.694043509892094789e+03
1.669554358099383762e+03
1.690645711628177196e+03
1.699420893461288415e+03
1.690227218094426235e+03
1.686608999568491527e+03
1.686482318161334433e+03
1.680729893082170520e+03
1.688132364892017677e+03
1.677769245564828907e+03
1.692846029309911501e+03
1.693842465276923576e+03
1.694249896727721534e+03
1.700781672564142355e+03
1.684641576403901126e+03
1.690452054150141521e+03
1.697546727819511489e+03
1.702929429401893003e+03
1.698676978471697339e+03
1.694846356463730899e+03
1.688993830400949719e+03
1.693809308434779723e+03
1.699976403988951233e+03
1.716902439576052757e+03
1.691566143649559763e+03
1.690011436348381267e+03
1.702618280669894602e+03
1.709399902352143272e+03
1.689274908274776180e+03
1.709885234981318717e+03
1.704423037448637842e+03
1.699944716910876195e+03
1.708941554719469195e+03
1.714313650366178535e+03
1.709609892555117767e+03
1.704553388603319036e+03
1.718233243183508193e+03
1.717660776084695499e+03
1.722472217730491593e+03
1.713994140427058255e+03
1.716424720428939736e+03
1.718986738116187553e+03
1.731791438499116566e+03
1.721600568676061584e+03
1.717015357133109319e+03
1.724843385913682596e+03
1.737046808379910090e+03
1.718906289747324536e+03
1.729565033700773938e+03
1.728114910179782328e+03
1.733343812700175476e+03
1.720435963396454554e+03
1.740862697132191897e+03
1.730687172329846362e+03
1.731786266691882474e+03
1.736336902483942140e+03
1.726966956109856937e+03
1.736034012376330338e+03
1.747346309085264693e+03
1.730835074142854637e+03
1.749324783598116483e+03
1.730835919000945523e+03
1.724942658965730971e+03
1.746419225045512121e+03
1.741492936737318814e+03
1.728924825765828245e+03
1.748617712700068296e+03
1.737096008728931793e+03
1.738136928531515423e+03
1.755174169599342576e+03
1.737190658471406323e+03
1.739579078416598804e+03
1.745277141450193994e+03
1.741594061026319650e+03
1.751098332701205891e+03
1.750679669048698543e+03
1.759667155808790312e+03
1.750313401104375771e+03
1.754080622221056728e+03
1.737711439490539988e+03
1.768445787329526866e+03
1.774865004023579559e+03
1.762698006701606573e+03
1.767607673907564049e+03
1.769454049208173274e+03
1.772709181991973310e+03
1.780340814779651510e+03
1.770791532747387237e+03
1.756474994537254815e+03
1.765969244539435294e+03
1.767790546790578446e+03
1.765248186840819471e+03
1.768751850252520853e+03
1.774408809672937423e+03
1.776573273901803077e+03
1.781277004708337017e+03
1.771729289095923377e+03
1.771920067013700191e+03
1.790070659645729847e+03
1.765895043691374667e+03
1.780201199514336849e+03
1.793817226760013000e+03
1.780938711681608766e+03
1.801056441550748787e+03
1.790492227834724872e+03
1.780862194614773216e+03
1.782856442382379555e+03
1.787173595593341815e+03
1.794801523488666589e+03
1.799738743955715563e+03
1.796368909078056959e+03
1.797659612185541164e+03
1.797144413281853303e+03
1.790684185398704358e+03
1.807697241244301495e+03
1.814139346433224091e+03
1.798151186499383357e+03
1.779732225019805355e+03
1.808999933096023142e+03
1.792824895061834241e+03
1.812740624165292502e+03
1.807263755212461774e+03
1.815091295883806197e+03
1.805490864798231087e+03
1.808222102664503382e+03
1.806593917701976352e+03
1.805645932158814503e+03
1.814584039278550563e+03
1.819131748880999794e+03
1.805551282540186094e+03
1.816752949584689759e+03
1.806947535022055490e+03
1.820687749583342111e+03
1.825395402025550538e+03
1.809951989771461740e+03
1.819810023922159417e+03
1.806772431476267002e+03
1.823459521080120339e+03
1.812453073526353819e+03
1.838267595797365402e+03
1.827563939851077293e+03
1.816088707818493958e+03
1.813253644098870836e+03
1.828843858798411929e+03
1.837562536138390442e+03
1.825370278029217388e+03
1.832462652843583783e+03
1.823261693858065655e+03
1.836894596824354721e+03
1.838495671234778001e+03
1.843617610579812663e+03
1.852309292776786833e+03
1.842732632321745314e+03
1.843375686434000272e+03
1.829454463718899888e+03
1.854159956342903115e+03
1.854153212847988925e+03
1.837841700492544760e+03
1.846088219292701979e+03
1.854741003930113493e+03
1.855778331955904150e+03
1.861058746813653897e+03
1.847564999257752788e+03
1.863017453419078265e+03
1.869546800406390958e+03
1.870861958444894526e+03
1.858565623054071239e+03
1.863130983225730006e+03
1.862914626566457855e+03
1.856501594771998043e+03
1.860211854619182532e+03
1.865101780867142907e+03
1.862908224060968223e+03
1.856633652736223212e+03
1.865484892519608820e+03
1.860173836958473203e+03
1.855515350982847167e+03
1.872048917982689773e+03
1.870345256009642753e+03
1.886158908042649273e+03
1.882410735896873121e+03
1.854261820767901327e+03
1.879768897981555256e+03
1.871980882627157825e+03
1.873095196214736234e+03
1.879130232833899299e+03
1.870907743294154443e+03
1.883967567112553070e+03
1.900915934911285149e+03
1.891599271168463019e+03
1.903709438207423773e+03
1.887447729406938379e+03
1.886016030601437251e+03
1.884516535271590328e+03
1.879624286197600213e+03
1.904708279473136827e+03
1.879872985165432283e+03
1.902088716318592560e+03
1.893602194324940683e+03
1.880923118843150860e+03
1.905251846622925086e+03
1.900215967134138737e+03
1.902779322428516707e+03
1.890802639000135287e+03
1.893723304642223411e+03
1.900408474797212421e+03
1.897378495479707453e+03
1.917873988399349173e+03
1.890086926991108612e+03
1.898458056387849865e+03
1.910752770640257040e+03
1.913651972912055044e+03
1.921227498242648153e+03
1.909375853921483213e+03
1.915217795873178147e+03
1.922818838839015143e+03
1.912111873419799622e+03
1.933555551207173039e+03
1.923138536244556917e+03
1.913328092986381535e+03
1.927496942657895261e+03
1.930575758144392694e+03
1.927166706247198590e+03
1.907546922742049901e+03
1.936974197518754863e+03
1.937922477736147812e+03
1.920203950205686397e+03
1.933648047666395087e+03
1.923727816546379017e+03
1.934499419225517613e+03
1.923943540506132194e+03
1.924825405749025776e+03
1.938943102870275652e+03
1.943370357295618078e+03
1.935361041009142809e+03
1.944717218985748332e+03
1.953073423527718205e+03
1.938093280899812726e+03
1.954816163490304916e+03
1.952889903371201854e+03
1.938903492355150775e+03
1.947952777840193448e+03
1.940558366683653048e+03
1.959808557810019011e+03
1.939558705764132355e+03
1.950073997126307631e+03
1.967755889847320077e+03
1.963556719762930697e+03
1.961080711469865719e+03
1.956969289305113534e+03
1.960217939750448068e+03
1.954565195280020362e+03
1.967850884003566080e+03
1.967831638394073707e+03
1.955949165725116472e+03
1.962174808643697816e+03
1.990634380858338545e+03
1.978400506748570251e+03
1.980945045693341626e+03
1.980226257854558526e+03
1.977438627908586795e+03
1.982196813505593354e+03
1.963517775051255740e+03
1.967263337797951863e+03
1.984065373684206861e+03
1.967182048685421705e+03
1.976119083288794627e+03
1.983551274430429203e+03
1.992795979039699432e+03
1.980153333107155731e+03
1.971871795217724866e+03
1.976927803753776743e+03
1.987275065301361337e+03
1.997957994099780990e+03
1.997088441161426999e+03
2.005862557720489576e+03
2.003974601341810285e+03
1.996439857395815579e+03
1.980338584707865039e+03
2.006035838530949377e+03
1.987064588199405989e+03
2.015992888534543908e+03
2.001786544495836324e+03
2.001462961757318908e+03
2.007620976524006210e+03
2.006735822299383244e+03
2.023285073190229241e+03
2.017322303513473798e+03
2.016918450582495325e+03
2.007728467810810571e+03
2.020724273123607418e+03
2.021365914945678924e+03
2.006354873852763149e+03
2.030446252285914170e+03
2.024098148564462463e+03
2.012585796185830759e+03
2.031899697130984578e+03
2.000542507868542316e+03
2.027991978298048707e+03
2.021615206681610971e+03
2.038863643887379340e+03
2.026841902320061308e+03
2.042145149364831241e+03
2.036611345176751911e+03
2.027450198676120863e+03
2.053892909715604219e+03
2.038659845694107844e+03
2.033455787077150035e+03
2.031867003376350794e+03
2.054878399467834242e+03
2.046253045797464893e+03
2.050665118484420873e+03
2.060240919119476075e+03
2.058326775560452916e+03
2.044182235885280079e+03
2.052627236753947273e+03
2.064604904508569234e+03
2.061819322498336533e+03
2.068345011742208499e+03
2.047857317352536711e+03
2.066848298904758849e+03
2.053002621428051953e+03
2.064274579938701208e+03
2.072777993870841783e+03
2.065934795032208513e+03
2.058770932523229021e+03
2.077740134830029547e+03
2.072314425615615619e+03
2.077325917672008927e+03
2.069465915124840649e+03
2.082345681060235165e+03
2.065160216807537381e+03
2.079979394230598700e+03
2.068938786684987917e+03
2.061745227556213649e+03
2.080978386749712627e+03
2.086428621574166755e+03
2.090649743426931764e+03
2.081360550241653073e+03
2.075712750930665607e+03
2.093250305142405978e+03
2.088431323890946715e+03
2.078166140502621602e+03
2.098822469916785849e+03
2.092274198142394653e+03
2.091037517797925375e+03
2.097731609831564128e+03
2.109403806644690576e+03
2.074755377475795285e+03
2.116797793136185192e+03
2.105463063519478055e+03
2.107957415140709600e+03
2.103945637395267113e+03
2.105441196208406836e+03
2.100775721922931098e+03
2.105018532635263909e+03
2.124792644400661175e+03
2.119317180240278503e+03
2.120556075372250234e+03
2.126187700075956855e+03
2.114050507207334249e+03
2.113060233517913730e+03
2.117536623547437557e+03
2.125648450172023331e+03
2.109969382175499504e+03
2.131666644123840342e+03
2.132844101407726612e+03
2.134897460412683358e+03
2.120235169801483607e+03
2.136189995341203485e+03
2.128442843500787603e+03
2.139565872149576990e+03
2.129090161702278692e+03
2.145742063384161611e+03
2.146938587732950054e+03
2.135402121379524033e+03
2.144625326665262946e+03
2.143155823375862838e+03
2.145321871522644415e+03
2.157151294600233541e+03
2.152439737729737317e+03
2.154550737298294735e+03
2.143508755431637383e+03
2.155964483222349827e+03
2.144140372906554148e+03
2.162523865621028108e+03
2.162161200474454745e+03
2.167254282375342882e+03
2.157475048106802660e+03
2.161787332597828026e+03
2.163453278110217980e+03
2.176726453684121680e+03
2.173905780885219428e+03
2.157484038262487047e+03
2.160443097904731985e+03
2.154292502244129992e+03
2.185439075473273988e+03
2.174286541469210079e+03
2.176011969843912993e+03
2.186012818613159652e+03
2.179798248178949962e+03
2.187431165364230765e+03
2.183071794467948621e+03
2.192082726691177868e+03
2.181555106791971411e+03
2.192208941893643441e+03
2.192905131772251025e+03
2.173956332027102235e+03
2.183738749699330583e+03
2.184770551762409923e+03
2.186652923354756240e+03
2.200101400595074210e+03
2.206168783790819816e+03
2.198542006033077541e+03
2.200242812363150733e+03
2.215312069033986063e+03
2.211642199442158926e+03
2.217831614033837923e+03
2.209715110777039627e+03
2.220817427254516588e+03
2.190550634630261357e+03
2.210986175338726298e+03
2.224905830851919745e+03
2.226202999535672006e+03
2.218080369955483548e+03
2.219329079783453835e+03
2.229445614075973936e+03
2.210968144449732335e+03
2.232113643184974080e+03
2.236254902962653432e+03
2.232128663521085855e+03
2.250859052739104754e+03
2.224638340481483738e+03
2.230138207944435635e+03
2.227733009848452639e+03
2.231773153109633768e+03
2.232644106776148419e+03
2.237235390504202314e+03
2.242144823307675324e+03
2.257638572126563759e+03
2.239228074125796411e+03
2.273478097165011150e+03
2.250607346745527593e+03
2.241999023118180048e+03
2.227486560691858813e+03
2.256023030236451177e+03
2.253987121208481767e+03
2.267355133107373149e+03
2.272531902789697597e+03
2.261033091218891059e+03
2.268397044781183013e+03
2.250581742884303821e+03
2.266331789094580017e+03
2.272856715892797183e+03
2.280422051685274710e+03
2.275642452450006658e+03
2.269936045331592140e+03
2.274609624059497037e+03
2.272745269148133957e+03
2.262056849529143165e+03
2.281373839517673332e+03
2.283515406645686653e+03
2.293310188838110662e+03
2.294549385039024401e+03
2.311467687004599611e+03
2.287803717953164778e+03
2.296360333717888352e+03
2.290357874464386441e+03
2.296729290493787630e+03
2.292312326603646397e+03
2.300532614457230466e+03
2.299088263371039830e+03
2.295205247205768501e+03
2.305465732562956873e+03
2.290156358554836970e+03
2.310170563017155928e+03
2.318199497944684936e+03
2.323520903976173031e+03
2.302758953412269420e+03
2.322096559688271100e+03
2.305760697401259222e+03
2.315640217804510030e+03
2.313431399900766792e+03
2.333616911310190062e+03
2.333710098909632507e+03
2.329750345364705936e+03
2.333343213186229150e+03
2.319891985608787309e+03
2.341069731995946313e+03
2.326923192812081197e+03
2.324555488017122570e+03
2.349613589900321131e+03
2.349876426944445484e+03
2.333316158384135633e+03
2.341437473970415340e+03
2.335064199276959698e+03
2.336601518118391141e+03
2.344949624764723012e+03
2.348088223938146257e+03
2.367556498980968172e+03
2.354812023120492540e+03
2.351504782840722783e+03
2.336715426349862810e+03
2.363019835715883346e+03
2.360045525833769261e+03
2.358150949763413337e+03
2.363894900163254533e+03
2.378338447986200208e+03
2.385115231373189545e+03
2.357682211623149669e+03
2.359556403447114917e+03
2.386047973649804590e+03
2.376878571345610453e+03
2.372368853471759394e+03
2.378946849938737614e+03
2.379070289954854161e+03
2.393025221815418718e+03
2.397150750047499514e+03
2.385297597421121282e+03
2.397928307519096052e+03
2.385828607729401483e+03
2.400490255244611944e+03
2.396829588391543439e+03
2.393561084202517577e+03
2.388934357321069911e+03
2.396347414387425033e+03
2.405632578957774513e+03
2.406403265138444567e+03
2.410058597490157354e+03
2.416979210364455412e+03
2.406689966405177529e+03
2.423752302942665665e+03
2.409573053839480963e+03
2.416234416151669848e+03
2.427705115667464270e+03
2.429551826527090270e+03
2.428647053543906623e+03
2.422250233649631355e+03
2.434129937776215229e+03
2.437610147174822487e+03
2.437743905286413337e+03
2.429671001466056168e+03
2.422781673299114573e+03
2.430353567775496231e+03
2.420404245046175220e+03
2.432566348573041523e+03
2.428924158270234329e+03
2.449134477794032591e+03
2.434569359955776690e+03
2.429103952930483956e+03
2.462412277013591847e+03
2.449461797292123265e+03
2.447328835697272552e+03
2.462074936535494544e+03
2.465681016597401594e+03
2.466980430958441502e+03
2.456595670326073105e+03
2.453927751211640043e+03
2.474162491365264032e+03
2.456782584672138000e+03
2.443210001637763980e+03
2.470592457405134155e+03
2.475813907971345088e+03
2.472080980519740024e+03
2.487453022668702033e+03
2.478000989641446267e+03
2.489999352625845859e+03
2.486695254149293760e+03
2.492153840343696174e+03
2.484247437613292277e+03
2.495692925444695447e+03
2.488021438486525767e+03
2.491981647786025405e+03
2.489644622426928890e+03
2.505552075421992868e+03
2.499591363373773675e+03
2.513471848298446275e+03
2.508413162810906215e+03
2.491362181484975736e+03
2.530586701946435369e+03
2.518848602691972701e+03
2.505705107506596505e+03
2.514162232257286178e+03
2.514758720096316210e+03
2.528309590646747893e+03
2.541154625323603341e+03
2.509559406976038190e+03
2.530594473092033240e+03
2.532359465849975550e+03
2.521057570614559609e+03
2.529900549104530910e+03
2.527488364710121459e+03
2.544458540063597411e+03
2.544512005725380732e+03
2.523629516549568052e+03
2.535935967080173668e+03
2.548417217086389428e+03
2.551589758390203770e+03
2.544387152862667790e+03
2.550331611168766358e+03
2.545469550447268830e+03
2.548964478154280187e+03
2.564003131810011837e+03
2.562787720707739027e+03
2.568927067097684812e+03
2.579098553251556041e+03
2.559725856719301646e+03
2.567694351317940345e+03
2.574320196486176428e+03
2.578893948640715735e+03
2.564109847561192055e+03
2.584666115787141734e+03
2.570275939977434518e+03
2.575967042598757416e+03
2.573033883350745782e+03
2.582820853158622867e+03
2.581112441688198487e+03
2.593551702242470128e+03
2.595169686405135053e+03
2.590054029871534567e+03
2.604581418060143733e+03
2.597102010788421012e+03
2.602460376582558183e+03
2.594525394442908691e+03
2.612647738717700577e+03
2.600270248718312814e+03
2.605652510730924860e+03
2.606868090077303350e+03
2.616424471046023427e+03
2.619583334142720105e+03
2.622657583480404810e+03
2.629027097021212739e+03
2.634529250106938434e+03
2.627557760335372222e+03
2.628456353099821627e+03
2.621952644773348766e+03
2.628790469830665643e+03
2.630809663634885510e+03
2.638813037279483979e+03
2.638313549960716955e+03
2.637746257494694873e+03
2.624153526549322123e+03
2.627800209777159580e+03
2.634758544931150027e+03
2.640811251333686869e+03
2.655062712053027099e+03
2.656960963169245133e+03
2.652853012976090668e+03
2.670248981849837946e+03
2.663515224011236114e+03
2.664838866696183231e+03
2.665802512426796966e+03
2.661409839936503431e+03
2.665226871769952140e+03
2.675020991416749894e+03
2.676648321218284309e+03
2.677821155771890517e+03
2.676992915740830995e+03
2.682852853741886520e+03
2.693187292026936120e+03
2.704917691507349446e+03
2.686400564011714323e+03
2.692235756305573886e+03
2.698865052529586137e+03
2.696972437815124067e+03
2.689847477653612259e+03
2.705091375423217869e+03
2.708305433315434584e+03
2.707421499982805926e+03
2.708193285263135749e+03
2.694804391012131873e+03
2.725162960327778819e+03
2.712280207564090233e+03
2.717508475812309371e+03
2.727240026438459608e+03
2.724805588359296962e+03
2.722828041358247447e+03
2.720749519516331929e+03
2.736656751644663927e+03
2.729494243375914266e+03
2.729950138939399949e+03
2.731354531821943056e+03
2.738778605136825263e+03
2.726275323442613171e+03
2.759975431812628813e+03
2.734663332382949193e+03
2.761118283095222978e+03
2.758311801145494428e+03
2.748948369682646444e+03
2.745439657932286082e+03
2.763859107951817805e+03
2.747548618645967508e+03
2.771248674160734936e+03
2.764512007618382540e+03
2.766741539080495386e+03
2.763102223432053506e+03
2.772441879846942356e+03
2.778203266510221511e+03
2.782400727593253578e+03
2.772804415219759449e+03
2.781904860433524391e+03
2.797107958766040610e+03
2.787343897779730469e+03
2.778932076275511918e+03
2.785801008444934723e+03
2.796472372183770858e+03
2.797179843322929173e+03
2.797310422162870964e+03
2.800852153110858126e+03
2.805319985485330108e+03
2.812485430774796441e+03
2.812959424057777142e+03
2.826914592851098405e+03
2.824205007802869659e+03
2.811270093464613637e+03
2.821082263028640227e+03
2.824166972530197654e+03
2.833665239744006158e+03
2.824792178996300663e+03
2.832874377260137408e+03
2.835124891219032634e+03
2.833788047345306950e+03
2.840187614169401513e+03
2.833641774733795955e+03
2.841226213124189599e+03
2.841218495832991721e+03
2.851933256162719317e+03
2.839483813758540236e+03
2.844634684985015610e+03
2.852702020189050472e+03
2.868600099728167606e+03
2.851689874976299507e+03
2.851693099332341717e+03
2.845559559332391018e+03
2.878502037903680048e+03
2.876658233758487313e+03
2.881106503584495385e+03
2.869843389919895799e+03
2.884874303732351109e+03
2.875747212423786550e+03
2.892060897473867499e+03
2.891819549595053104e+03
2.887955840393611197e+03
2.890177392254020560e+03
2.886914247526225154e+03
2.900637150527069025e+03
2.891467726416388814e+03
2.901536242271568881e+03
2.906506571311473181e+03
2.916374559771061286e+03
2.919701220345650654e+03
2.916116705740632824e+03
2.921394767896923895e+03
2.925565238065178164e+03
2.915748855705918686e+03
2.922149395543920036e+03
2.915256652043164650e+03
2.930395593139214270e+03
2.943353202643969325e+03
2.939966554234485102e+03
2.945134818868901675e+03
2.943468204339675594e+03
2.929627631610851495e+03
2.945335094124853640e+03
2.963079745295492557e+03
2.935849582630312852e+03
2.949510166544355343e+03
2.954506493427173154e+03
2.972389224599546651e+03
2.957102958449522703e+03
2.975693895880113814e+03
2.971881261700027153e+03
2.984549048171270897e+03
2.970277267636703527e+03
2.972171572543760703e+03
2.982738297880331174e+03
2.972311064550598985e+03
2.986907696054782264e+03
2.983844475353689177e+03
3.005689336682030898e+03
2.997241751827806183e+03
3.003039190689811221e+03
2.998630632676894948e+03
3.002143738833734915e+03
3.016720209184714349e+03
3.006737936662573247e+03
3.016218018332617703e+03
3.001936978247048501e+03
3.015084963251996214e+03
3.019745932927408830e+03
3.034154786770382543e+03
3.029015990175941170e+03
3.034173098306108841e+03
3.037196030306754437e+03
3.031559331041839414e+03
3.034730931996322397e+03
3.055491766022096726e+03
3.028707928625001841e+03
3.053407882000328300e+03
3.051825209471014205e+03
3.041758310084893765e+03
3.062897397853264920e+03
3.056756138730474504e+03
3.050918312607865573e+03
3.062402340069108050e+03
3.061280876841723511e+03
3.056157259978761886e+03
3.075889620201765410e+03
3.089911164294866467e+03
3.070970687725069183e+03
3.078494083594029689e+03
3.097475512459746824e+03
3.104281700806709978e+03
3.088885110319825344e+03
3.098385308423092738e+03
3.093719433102332459e+03
3.105624027306384505e+03
3.101313212283415851e+03
3.097576928493552714e+03
3.112418179139376207e+03
3.098970644006726161e+03
3.127012190595649372e+03
3.120123466599913627e+03
3.117771301151813077e+03
3.116993657613817959e+03
3.114561773432800692e+03
3.116671358559587134e+03
3.128801490060449396e+03
3.145737460017402100e+03
3.139061621383300917e+03
3.152788332649803579e+03
3.151476619220059092e+03
3.142155053008325467e+03
3.158003352057459779e+03
3.156586263079138007e+03
3.160405233294213303e+03
3.158391421325541160e+03
3.156941241063801954e+03
3.169764433623162404e+03
3.178184542368775510e+03
3.183941611225120141e+03
3.149970877215456312e+03
3.190949508168058856e+03
3.180527357242201106e+03
3.187424656018107271e+03
3.197808965021001313e+03
3.189368128766606333e+03
3.183249539069146522e+03
3.219750942211451274e+03
3.207091636041443962e+03
3.204979051109107786e+03
3.220880955355532024e+03
3.214448341760888070e+03
3.213830527258516213e+03
3.236174174721415056e+03
3.221810076459834818e+03
3.234441480608680649e+03
3.234063931240739748e+03
3.230380245307890618e+03
3.237964926702797129e+03
3.240331106701850786e+03
3.234907209856368354e+03
3.250654833880798833e+03
3.249029725424476965e+03
3.250199978182675750e+03
3.255298682406571515e+03
3.270814487421176182e+03
3.269927608616227189e+03
3.260153485050156178e+03
3.276320357758838782e+03
3.268885749713530458e+03
3.277662398768593903e+03
3.290258956065381426e+03
3.280406949379612342e+03
3.279617208357507479e+03
3.282003411652502564e+03
3.279158469381593022e+03
3.272816523855304240e+03
3.316338597594999101e+03
3.300937960220865079e+03
3.312531544463523915e+03
3.318621193922049315e+03
3.305580709671981822e+03
3.322063327844608466e+03
3.326867659862157780e+03
3.323359826603486454e+03
3.323800756975403601e+03
3.326695823236833348e+03
3.332336941654216389e+03
3.331012407585380515e+03
3.347100508862538845e+03
3.334754032271501728e+03
3.341493034939507652e+03
3.339886771401829719e+03
3.359035808636349429e+03
3.346996119801331588e+03
3.357753028068362255e+03
3.362067369815818438e+03
3.358197440833951987e+03
3.373609671766706924e+03
3.386031858484144323e+03
3.390610071747970778e+03
3.380004596023833983e+03
3.365499129474710116e+03
3.390989563421081584e+03
3.372343663234478754e+03
3.405005591695809926e+03
3.409153980109406348e+03
3.397346599693393273e+03
3.405119341979908313e+03
3.399580094841787286e+03
3.417667914100432881e+03
3.415145589768612808e+03
3.415317436213889323e+03
3.417098845126972719e+03
3.427739818342910439e+03
3.419849433978645266e+03
3.433893980002111221e+03
3.433606343775443293e+03
3.445586142743647997e+03
3.437046788907224254e+03
3.449499381187861218e+03
3.457450662666206881e+03
3.455328727794316364e+03
3.453192548292221090e+03
3.456021529104659294e+03
3.479394831247235743e+03
3.470890414665191656e+03
3.454723327924104524e+03
3.460214387220695698e+03
3.481753145410262732e+03
3.487910392003820107e+03
3.482757038978952551e+03
3.489257434348676725e+03
3.480167585939123001e+03
3.488056235572090372e+03
3.505882123224257157e+03
3.504889664005674149e+03
3.516043426297966107e+03
3.501775271512613472e+03
3.512914353898901481e+03
3.508057961198822341e+03
3.523526629892571691e+03
3.527981791361792148e+03
3.545538370233668047e+03
3.531609414313008529e+03
3.552907797170803406e+03
3.541616023920406406e+03
3.543753930354362183e+03
3.550418311829495906e+03
3.556234730279670202e+03
3.562283315865442091e+03
3.565621346077054113e+03
3.572689161827566295e+03
3.577145742558843267e+03
3.571823951955297161e+03
3.580516083308070392e+03
3.577490967658804038e+03
3.599138350991443076e+03
3.585279504579041713e+03
3.596807442954756880e+03
3.595567039729967291e+03
3.598433228358808719e+03
3.595034794227511611e+03
3.622924787263607868e+03
3.596718481856751623e+03
3.622836767392308047e+03
3.622593587839660358e+03
3.619217267386482490e+03
3.626156420929477463e+03
3.635268462287906459e+03
3.642960938204711965e+03
3.645687989558415666e+03
3.649390907220861209e+03
3.648090322258116430e+03
3.657710472972083153e+03
3.658207903538294886e+03
3.666348576844170566e+03
3.662006007509036863e+03
3.672280401502324821e+03
3.684726002759767653e+03
3.667271220111601906e+03
3.686500455313699149e+03
3.697201688624878898e+03
3.692392144073834970e+03
3.681699681994130060e+03
3.693829910435960301e+03
3.690179392735725287e+03
3.719299951434075410e+03
3.708640198735334252e+03
3.708844275441086666e+03
3.725832474891670699e+03
3.714614020419161989e+03
3.727325617540730036e+03
3.725232971413635823e+03
3.722700965560336499e+03
3.728590412110188481e+03
3.743969269462304965e+03
3.742486595583487087e+03
3.751601217233159787e+03
3.752266385633881328e+03
3.746810783133179939e+03
3.756945686305654817e+03
3.774850096783418849e+03
3.774250479430954329e+03
3.776084123928196277e+03
3.786834972742135960e+03
3.775128201410424936e+03
3.777256296267759808e+03
3.790208500898498187e+03
3.793634921235959609e+03
3.805466122110908145e+03
3.803603177968262116e+03
3.807096989589466375e+03
3.806336969911106280e+03
3.815293485931081250e+03
3.809166592907577069e+03
3.820336279146418292e+03
3.814694419937961811e+03
3.840068608311753906e+03
3.834664192057036871e+03
3.842516189437646972e+03
3.843393488074676497e+03
3.854347163381549763e+03
3.840250962915892160e+03
3.853037146544603729e+03
3.872181025860162663e+03
3.858784672458576097e+03
3.878782906560350966e+03
3.882687220105156484e+03
3.886150988668222453e+03
3.887113858483375225e+03
3.898117301695094739e+03
3.897237798171559461e+03
3.895608412828419205e+03
3.909467651326121995e+03
3.916551849864883934e+03
3.903899342480422092e+03
3.919015347627927440e+03
3.930555385456237673e+03
3.940879847325854371e+03
3.918023063699754857e+03
3.925663522508070855e+03
3.946870931722766727e+03
3.963118948084662861e+03
3.958677899503089975e+03
3.942847112356491380e+03
3.969091101926188003e+03
3.960180943842138731e+03
3.970591910853153422e+03
3.978816717487126880e+03
3.981336347855167332e+03
3.963874536479917424e+03
3.992301148675237073e+03
3.994028497233488906e+03
3.996807818921928629e+03
3.992168975348811728e+03
3.991501343858391920e+03
4.002626630980890695e+03
4.002156633695501114e+03
4.008202098591297727e+03
4.007425617465275081e+03
4.021065891520845071e+03
4.035993490686126279e+03
4.051296302094886414e+03
4.032599789098231668e+03
4.042075528991756528e+03
4.039016359840007681e+03
4.072659048167264700e+03
4.062236817576831527e+03
4.063636872848122948e+03
4.075217374924077831e+03
4.078202784078980585e+03
4.072416021622429980e+03
4.077279613981220791e+03
4.081549305869800719e+03
4.099157409750519037e+03
4.102969930687657325e+03
4.105241430913463773e+03
4.114096748417288836e+03
4.100211433337127346e+03
4.128144980679770015e+03
4.123322091436397386e+03
4.124224466152233617e+03
4.122090897145486451e+03
4.136063303076329248e+03
4.144045618390325217e+03
4.147541842882897981e+03
4.152141382200728913e+03
4.147963834926573327e+03
4.168321700990694808e+03
4.173891135336174557e+03
4.172213224975300363e+03
4.174617502390730806e+03
4.181605218633381810e+03
4.187965925643784431e+03
4.192632068168200021e+03
4.202352594191364005e+03
4.212342468552886203e+03
4.191752693764170544e+03
4.227074161652143630e+03
4.218903490686878285e+03
4.230552458982620010e+03
4.230088834543302255e+03
4.236687106131877954e+03
4.240255144631130861e+03
4.235444090490803319e+03
4.259550101767107662e+03
4.272314430822617396e+03
4.238577593744655132e+03
4.259684650699071426e+03
4.267733233294036836e+03
4.264939411147216560e+03
4.281716495162360843e+03
4.284726459310888458e+03
4.291627401360787189e+03
4.290036613590808884e+03
4.301432329394318913e+03
4.318015745904076539e+03
4.324324944661067093e+03
4.312931706076367846e+03
4.330973311047468087e+03
4.326774760358242929e+03
4.334176210537591032e+03
4.333963382037351039e+03
4.355902141069265781e+03
4.330168404240366726e+03
4.352085885724249238e+03
4.361623801938843826e+03
4.374779947381381135e+03
4.368369160529143301e+03
4.365125528316252712e+03
4.375150134465491647e+03
4.380706537292723624e+03
4.379861144666499058e+03
4.392614262247147963e+03
4.406656142221781010e+03
4.413291224529557439e+03
4.421547543666968522e+03
4.417782544073531426e+03
4.417151565750697955e+03
4.413720104594794066e+03
4.439752148405727894e+03
4.439856557580194021e+03
4.431326129437709824e+03
4.450437676463343450e+03
4.466909255042044606e+03
4.453941565615958098e+03
4.462403343542765469e+03
4.458902268727264527e+03
4.485507024352702501e+03
4.483574434432998714e+03
4.497655831893054710e+03
4.490638490231368451e+03
4.502295545083479738e+03
4.489909664958366193e+03
4.514185193386212632e+03
4.509984169376073623e+03
4.519984574183496079e+03
4.538503386277110621e+03
4.544752058005785329e+03
4.533934723646899329e+03
4.544690527032912541e+03
4.541956465042504533e+03
4.554991145386016797e+03
4.556833043279722915e+03
4.566996827849521651e+03
4.574449606636948374e+03
4.562474061514703862e+03
4.593251795683057026e+03
4.595599435216904567e+03
4.596492697895723722e+03
4.598241139624799871e+03
4.605841277511104636e+03
4.612615151896658062e+03
4.628184413745589154e+03
4.618206935651739514e+03
4.640091079345405888e+03
4.652558475353665017e+03
4.653123487383573774e+03
4.656999656456338926e+03
4.645513926058234574e+03
4.671211986906607308e+03
4.673356595139036472e+03
4.662184408622942101e+03
4.698090584779663914e+03
4.666660685404960532e+03
4.693359505031786284e+03
4.697335118691938078e+03
4.709351516053760861e+03
4.719805293824292676e+03
4.721427767851517274e+03
4.709063103060590947e+03
4.707231517924956279e+03
4.736099931637357258e+03
4.729976412011919820e+03
4.752901918595514871e+03
4.739897999316353889e+03
4.738448324881211192e+03
4.769226069696096602e+03
4.778209011622185244e+03
4.800676180200655836e+03
4.774618954133328771e+03
4.790734600204706112e+03
4.802491977045295243e+03
4.809819514646790594e+03
4.794663102394070847e+03
4.811104785939373869e+03
4.812960487090473180e+03
4.831983880909610889e+03
4.843304188875972613e+03
4.839228073937640147e+03
4.836691539810538416e+03
4.867776242293767609e+03
4.852393919186009953e+03
4.890421874545595529e+03
4.876614039903126468e+03
4.857607043005964442e+03
4.875887942915728672e+03
4.888883291518730402e+03
4.895079989302889771e+03
4.912268087929935064e+03
4.918613304303581572e+03
4.909976483450104752e+03
4.914439371644959465e+03
4.930260261445261676e+03
4.927594503417766646e+03
4.943757775464151564e+03
4.936876859950434664e+03
4.964250384238138395e+03
4.956954344628153194e+03
4.964361438058180283e+03
4.962525920340346602e+03
4.976093595947317226e+03
4.976160683519035956e+03
4.995185235267786993e+03
5.004742085162396506e+03
5.007123887917498905e+03
5.006377909888768954e+03
5.008079071570837186e+03
5.040102956762866597e+03
5.040575483686007829e+03
5.040224491397359998e+03
5.049727717965986812e+03
5.054221933287047250e+03
5.062344552239283985e+03
5.078158048435018827e+03
5.084044534187419231e+03
5.083710462362921135e+03
5.086563276535907789e+03
5.099444482313636399e+03
5.102264148717360513e+03
5.105691650915417995e+03
5.132506635110969910e+03
5.104281239657842889e+03
5.132911413435714167e+03
5.146179280329117319e+03
5.140394532240133231e+03
5.140994914526021603e+03
5.164535290508131766e+03
5.155425133516569986e+03
5.177507955227684761e+03
5.179344108603718269e+03
5.160950195863556473e+03
5.190600482481949257e+03
5.206245567398348612e+03
5.216650308712641163e+03
5.235028531905119053e+03
5.239418022402912356e+03
5.236379140032304349e+03
5.214875856145160469e+03
5.224848208789203454e+03
5.271682850324446008e+03
5.263683040973048264e+03
5.269466638455221982e+03
5.279315781733082076e+03
5.274018637695783582e+03
5.292954316997128444e+03
5.299538393061476199e+03
5.309719164948664911e+03
5.288686225327921420e+03
5.318817279785946084e+03
5.308812037539010817e+03
5.319428326436200223e+03
5.328689972325738381e+03
5.364740517123718746e+03
5.342846484351050094e+03
5.355689907108856460e+03
5.379874507457349864e+03
5.371393633359563864e+03
5.388597300964627721e+03
5.387631095112369621e+03
5.378494772657156318e+03
5.424421159833593265e+03
5.416284043163625938e+03
5.421071949731078348e+03
5.433765711792275397e+03
5.427395238590690496e+03
5.446418789126213596e+03
5.447117159940336023e+03
5.456128801944593761e+03
5.468282432514944048e+03
5.462783730103624293e+03
5.477235435947683982e+03
5.500046002380066966e+03
5.479261797739672147e+03
5.515538758758816584e+03
5.514762148648562288e+03
5.518145708084793114e+03
5.534419493373301520e+03
5.554380909848976444e+03
5.543264140091159788e+03
5.559553299740305192e+03
5.565919498043878775e+03
5.577098765679644202e+03
5.552357836407482864e+03
5.579874413751532302e+03
5.583587968148712207e+03
5.599710933566972017e+03
5.612606611120610069e+03
5.614154339949716814e+03
5.621849898715612653e+03
5.623385342206403948e+03
5.647767291815503086e+03
5.633559796009282763e+03
5.656484001672771228e+03
5.661391779305145974e+03
5.673397184057636878e+03
5.672242507134165862e+03
5.695301174642426304e+03
5.692172762850470463e+03
5.707796705061983630e+03
5.720613015668690423e+03
5.720791094023598816e+03
5.726987095993794355e+03
5.720829246568427152e+03
5.752102490758025851e+03
5.776248072796345696e+03
5.752208610110818881e+03
5.765139057748018786e+03
5.764782354449216655e+03
5.801125849957013997e+03
5.806324812489689066e+03
5.794834110001026602e+03
5.793340090962752583e+03
5.831531525663931461e+03
5.829280373944813618e+03
5.841040014489915848e+03
5.844104120510706707e+03
5.848978269222970084e+03
5.872797833514603553e+03
5.874333178957459495e+03
5.901983034196180597e+03
5.894285048990837822e+03
5.894210779305386495e+03
5.898447235807176185e+03
5.917358071365340948e+03
5.931624817218802491e+03
5.945277782737273810e+03
5.940515623820352630e+03
5.957765917037367217e+03
5.972186906739528240e+03
5.968226025495456270e+03
5.966874814577826328e+03
5.973250555472796805e+03
6.004308250988869986e+03
6.014301217084147538e+03
6.024364084529369393e+03
6.020354559573646839e+03
6.023158808923795732e+03
6.034791209329676349e+03
6.056085674939729870e+03
6.075657718846607168e+03
6.065344253785691762e+03
6.062319908070872771e+03
6.089452219508372764e+03
6.101629099031260921e+03
6.091701751994999540e+03
6.117840245027878154e+03
6.122264470833819360e+03
6.124967416753565885e+03
6.144435383013520550e+03
6.152349806900370822e+03
6.150672795061345823e+03
6.181394579717515626e+03
6.171037368557605078e+03
6.188781730096317915e+03
6.201729180811787955e+03
6.193013228951166639e+03
6.208858969048097606e+03
6.234197959982360771e+03
6.227976014322235642e+03
6.240461465149332071e+03
6.253446570306213289e+03
6.263294174270686199e+03
6.297174071303631536e+03
6.287813685296376207e+03
6.282058364368917864e+03
6.299361417613695266e+03
6.309587065939021159e+03
6.311319108936637349e+03
6.324195167049229894e+03
6.352062131578762092e+03
6.364941367115106004e+03
6.368337191432188774e+03
6.369238989700679667e+03
6.383101882161147842e+03
6.394318332582402945e+03
6.418346184093111333e+03
6.416954562458126929e+03
6.408711866677185753e+03
6.426750413149732594e+03
6.436839191886746448e+03
6.446231109187116090e+03
6.457506316971790511e+03
6.458331406216240794e+03
6.475730644374782969e+03
6.493080596311876434e+03
6.492737947974144845e+03
6.513735702490617768e+03
6.512494743943763751e+03
6.543567065705505229e+03
6.540253548606217919e+03
6.533282476770130415e+03
6.574009751977927408e+03
6.578159219615193251e+03
6.581609386960733900e+03
6.575781721085402751e+03
6.595396323749142539e+03
6.628216584477589095e+03
6.638139840792498944e+03
6.628859574887545023e+03
6.646027334810150933e+03
6.657946420907278480e+03
6.670970835530970362e+03
6.681158391015092093e+03
6.681040991041652887e+03
6.699378880331650180e+03
6.727534850829329116e+03
6.711097188047300733e+03
6.746970495983628098e+03
6.742724706733849416e+03
6.764855417589585159e+03
6.750522947130026296e+03
6.754986750403446422e+03
6.779560093886161667e+03
6.787791489213676869e+03
6.800757833745609787e+03
6.811994877696931326e+03
6.836807132785846079e+03
6.835110772274165356e+03
6.849563040818331501e+03
6.850963609442049346e+03
