9.232920602033603927e+02
9.280387954723469193e+02
9.164402182470638536e+02
9.322559017874099254e+02
9.297182430980021763e+02
9.154904565113388344e+02
9.122020424512695627e+02
9.263327836987632509e+02
9.127367808492447239e+02
9.226095082366755378e+02
9.153716722275721622e+02
9.110671550034904840e+02
9.267859514623455652e+02
9.217503880403012317e+02
9.374938807700732468e+02
9.373287879187490717e+02
9.285684439444070222e+02
9.296570094928835033e+02
9.220404842927747495e+02
9.204289675039440226e+02
9.349156354954907329e+02
9.199415230619088106e+02
9.203582228308000595e+02
9.278771288442658260e+02
9.431785888664289814e+02
9.308325718153130310e+02
9.297717927621952185e+02
9.126090325535187731e+02
9.331931652355259530e+02
9.414199248910899769e+02
9.307977385184827881e+02
9.305325791599510694e+02
9.333967572370843300e+02
9.144868460209670502e+02
9.298393833840780189e+02
9.290243606635316382e+02
9.199955782974420799e+02
9.491987258861503278e+02
9.304413300348008988e+02
9.234698118949390846e+02
9.444785166590635299e+02
9.321810393040993858e+02
9.274435014650566700e+02
9.261792310125597396e+02
9.308735099728035038e+02
9.132273463482404168e+02
9.386872918595184956e+02
9.336731188000414932e+02
9.268027703367375807e+02
9.094717862733033371e+02
9.356742712965855162e+02
9.047946535109499564e+02
9.323785489114181928e+02
9.169198045153339081e+02
9.420755055768253214e+02
9.338370908162766000e+02
9.292754451186413007e+02
9.246725671651634002e+02
9.174189908898093790e+02
9.289994564877251833e+02
9.542861950158455784e+02
9.201954087270578384e+02
9.425674760137412704e+02
9.392505229763677335e+02
9.308637906383468135e+02
9.322298162465652922e+02
9.319656737208355253e+02
9.391632069707634400e+02
9.263364247191375398e+02
9.278506773320327738e+02
9.390941208618405653e+02
9.319031503194893276e+02
9.294594935607551633e+02
9.337902572059938393e+02
9.350934158144241337e+02
9.312263123029139251e+02
9.399836590885309988e+02
9.436405615401157547e+02
9.396731703561207496e+02
9.269020094289409144e+02
9.246881176115158496e+02
9.271985185370663203e+02
9.310746887582989757e+02
9.276371057489972145e+02
9.564725144971110922e+02
9.330791166627567463e+02
9.480487581398081147e+02
9.399753993246414439e+02
9.365427072867615834e+02
9.363885987161968387e+02
9.359210790239790185e+02
9.572796142297981987e+02
9.236820044489135171e+02
9.384311719901896822e+02
9.198596946893660515e+02
9.383341505708456225e+02
9.285851773668587157e+02
9.392000316190266176e+02
9.281311328168076216e+02
9.374686056153580012e+02
9.383069982487808147e+02
9.393687257610490633e+02
9.275148683085878929e+02
9.341333463134471913e+02
9.444584082791343462e+02
9.225086203935649110e+02
9.384840376186864432e+02
9.436872605099771363e+02
9.323639963285996828e+02
9.322909443728583483e+02
9.349628224944196973e+02
9.449031195627253510e+02
9.382361423502771913e+02
9.448509226033082768e+02
9.377988081651139964e+02
9.298052223776832079e+02
9.182431931024685809e+02
9.435452580444097066e+02
9.406197517202779181e+02
9.331968120631485135e+02
9.313871045549076371e+02
9.327312167194576205e+02
9.314375952987569462e+02
9.457179280834004658e+02
9.280011530995344629e+02
9.418287850428608863e+02
9.300959616350399983e+02
9.336559896787675825e+02
9.317886946676062507e+02
9.247263056845351912e+02
9.624422584262209739e+02
9.575895913907673958e+02
9.471765954600593886e+02
9.307238268844777167e+02
9.370925429442258974e+02
9.604150916719886482e+02
9.481144557081204312e+02
9.382449696587385688e+02
9.575058466698060329e+02
9.307860154830627835e+02
9.544471023942035117e+02
9.363170443790288573e+02
9.331875542228069662e+02
9.588883079350290473e+02
9.464092771571732783e+02
9.370252307067712536e+02
9.360802709586808987e+02
9.388545798137035945e+02
9.410706610245836146e+02
9.364433246096574521e+02
9.293088247754177473e+02
9.490136463396628415e+02
9.421732867642082283e+02
9.397739595014716087e+02
9.476858522640669662e+02
9.410840259655074078e+02
9.467545916506643380e+02
9.519176851751453796e+02
9.528922857966675792e+02
9.471159793028007243e+02
9.304131337112844449e+02
9.396215407976681036e+02
9.488107873714353673e+02
9.471305271204980727e+02
9.416367153571219433e+02
9.461951116136154951e+02
9.463286992058249325e+02
9.384456089442307984e+02
9.563823891207185852e+02
9.486901644871290955e+02
9.445548575614961919e+02
9.325307345742277221e+02
9.530587732435785711e+02
9.527544432159729695e+02
9.508697957829541565e+02
9.376881997757021736e+02
9.472398490858045079e+02
9.647669621561323083e+02
9.515472507768070045e+02
9.522653107422408993e+02
9.448559144064164457e+02
9.492780049315794031e+02
9.547929742943642850e+02
9.436658613517533922e+02
9.542925726107910123e+02
9.672737972872228056e+02
9.631878549878911144e+02
9.564892808453585076e+02
9.752213984381498904e+02
9.601958366158979743e+02
9.489045190507918051e+02
9.605694980511289032e+02
9.554562886253040688e+02
9.605499193643403260e+02
9.482851215291228755e+02
9.629502771198201572e+02
9.554862087527455969e+02
9.520180886672145562e+02
9.710455570191237484e+02
9.768899983208601725e+02
9.678796962172009444e+02
9.387985229041901221e+02
9.603078410581141497e+02
9.737833258352391113e+02
9.493626449195999157e+02
9.551691850388750709e+02
9.580971427812653474e+02
9.721093028480945577e+02
9.565018730303785333e+02
9.608015162399341307e+02
9.476599169082376193e+02
9.728276102304383812e+02
9.569510689017030245e+02
9.638417159546537505e+02
9.492341188312883560e+02
9.550816298913734954e+02
9.446317612278367051e+02
9.770314810710143547e+02
9.589148983989067574e+02
9.710483938553645658e+02
9.436372016801501559e+02
9.783040280057801965e+02
9.694240963288010562e+02
9.767839370733871647e+02
9.777110494807704981e+02
9.684616687056978890e+02
9.668636213718870067e+02
9.596168864480903267e+02
9.549206139688591293e+02
9.604574212841723693e+02
9.521931133693232141e+02
9.695097918263833208e+02
9.598460799327081077e+02
9.681582840429242651e+02
9.661445553940673108e+02
9.711789232852896703e+02
9.778125009944976682e+02
9.728091801544646842e+02
9.685363541588952785e+02
9.687893424286128266e+02
9.543804671305506417e+02
9.722520955458040817e+02
9.690153308182258343e+02
9.821533471924972218e+02
9.619017581127903895e+02
9.499284349208135154e+02
9.562683749949701451e+02
9.542715145005946624e+02
9.641786203020459425e+02
9.598043929008206305e+02
9.625965942521042962e+02
9.512959337436730038e+02
9.643236259585253265e+02
9.594297235609346899e+02
9.867138785767133413e+02
9.738859231722437926e+02
9.734838830422262390e+02
9.780975715475444758e+02
9.747190670670455575e+02
9.693865130969272741e+02
9.599840071938986057e+02
9.771876150685034190e+02
9.729904622214669416e+02
9.821284534652980938e+02
9.550968524323197926e+02
9.599120951450759094e+02
9.582395854575775047e+02
9.639837689240080181e+02
9.600819623311407440e+02
9.724803171561497948e+02
9.711793753937990914e+02
9.730214467428013450e+02
9.864958608992149038e+02
9.613824222537871265e+02
9.750031154135278939e+02
9.758058548062136879e+02
9.800122937232375762e+02
9.665717968466644834e+02
9.840723739669642782e+02
9.829120037143343325e+02
9.821559606553588537e+02
9.727570093883955451e+02
9.595484819190052121e+02
9.755453026081221424e+02
9.719403095001242718e+02
9.708731392413939147e+02
9.756671206687801714e+02
9.754087274310168141e+02
9.638112081904098432e+02
9.649691304282511055e+02
9.727779879053817922e+02
9.785638062199168417e+02
9.577244796518472185e+02
9.859896276520256606e+02
9.833251324474545072e+02
9.800723410845278067e+02
9.812273942763165451e+02
9.709198127382810526e+02
9.742589731389796270e+02
9.658471974738830568e+02
9.769138639953448546e+02
9.791348274507487304e+02
9.656571731801891474e+02
9.856084112223705915e+02
9.699781458464033221e+02
9.680524309248573900e+02
9.891014678109158922e+02
9.625781686610162069e+02
9.839896683858456754e+02
9.849067888631159349e+02
9.800458613618925483e+02
9.641096320254262082e+02
9.780622973455220972e+02
9.666114279042350290e+02
9.743735476433340637e+02
9.756483697787986102e+02
9.820083464074367612e+02
9.872524228601274672e+02
9.975771806794072063e+02
9.669103935280838868e+02
9.624351506551712419e+02
9.741147119938444803e+02
9.792681952099851515e+02
9.653448623591865498e+02
9.992190858035861538e+02
9.888480411238018633e+02
9.976114433656434812e+02
9.715969531659591212e+02
9.810948603991162145e+02
9.832690642592676795e+02
9.926075927961451271e+02
9.849764854366874260e+02
9.702480455633598240e+02
9.673351571187918125e+02
9.824554711497301014e+02
9.996358679048665863e+02
9.697468970203397021e+02
9.887990838960789688e+02
9.740401920525696369e+02
9.960336910685210796e+02
9.862426568765430375e+02
9.746418158836945622e+02
9.975900694422441575e+02
9.953503187589731169e+02
9.892636896126277861e+02
9.778745403707622472e+02
9.823204427654175106e+02
9.804580163604833842e+02
9.886442621766337879e+02
9.882969159260695733e+02
9.816839405521656090e+02
9.970842932308032687e+02
9.701001112502749493e+02
9.917276892486680708e+02
9.682237523512111466e+02
1.000918699941831392e+03
9.973719205482061625e+02
9.802600561166567559e+02
9.703721730371453305e+02
9.909013342228689680e+02
9.833920376084699910e+02
9.931087900466700376e+02
9.884139124137859653e+02
9.976270278737176795e+02
1.001654360936092985e+03
1.005148889947149200e+03
9.859634326179997288e+02
9.892024854913073568e+02
9.801776258892571150e+02
9.861196508323440639e+02
9.865684816796350560e+02
9.836828761575022781e+02
9.935494475617902026e+02
9.843408851236624741e+02
9.924195528028748186e+02
9.870008481110173761e+02
9.795870630662579970e+02
9.988134341224650825e+02
1.000986988835604507e+03
9.820678251676405353e+02
9.824966367703386823e+02
1.000966166405117519e+03
9.942288507524749548e+02
9.938478850351091296e+02
1.010225849910936063e+03
1.000579247900312225e+03
1.001808611885961682e+03
1.000770174925420292e+03
9.882934385716355337e+02
9.875149075746140852e+02
9.900858032360772540e+02
9.855623662314711737e+02
9.864085835733974363e+02
9.965904213474508424e+02
9.911896948579720856e+02
1.000954888938862382e+03
1.010546664855131894e+03
9.944862742327518390e+02
9.958960050456144018e+02
9.988559345014593873e+02
1.004854103812233916e+03
9.796164186183044649e+02
9.988140121608390700e+02
9.978677179622991389e+02
9.802896859685313302e+02
9.897292246184427995e+02
1.004466110503938580e+03
1.010110658289186517e+03
9.992217183899949760e+02
1.007006646606170534e+03
1.009117948112300155e+03
1.009365140719641772e+03
1.005912194378177787e+03
9.942850447579897946e+02
1.012509030112449182e+03
9.901791974054642651e+02
1.000187103542951945e+03
9.933397200213516953e+02
1.016588519307242109e+03
9.970160584925904459e+02
9.883937599668859093e+02
1.009225907701059896e+03
1.003219121250001308e+03
9.967447228523378726e+02
9.891076372022844225e+02
9.963325725691619255e+02
1.001390345718888511e+03
1.013947697834494079e+03
1.003312520011199581e+03
1.002770635456603372e+03
1.014661876646483620e+03
9.903376065385630227e+02
1.004922747557393905e+03
1.000069736051696168e+03
1.003933360841124113e+03
1.015318435789391287e+03
1.009456325663972734e+03
9.923481548461591046e+02
1.009675383481201266e+03
9.946004066421699008e+02
1.015976559720081582e+03
1.002078263861316145e+03
1.008005255374048147e+03
1.008113841777485504e+03
9.928459900498754678e+02
9.964987257424264726e+02
1.010679481246098021e+03
1.007098293238478618e+03
9.967853713627606567e+02
1.003650529029570862e+03
1.011552777491425218e+03
1.005842510360786491e+03
1.004191033940954071e+03
1.002049428280526513e+03
1.000017353009960402e+03
1.009503829813791185e+03
1.021950551131687689e+03
1.010006290310781083e+03
1.014487526915504191e+03
1.015300544953886174e+03
1.012789535544393175e+03
9.950885169141274673e+02
1.005071501201108390e+03
9.938688145265836056e+02
1.020330977768969660e+03
1.024670064958548892e+03
1.016482387788580581e+03
1.003034312600792418e+03
9.992673939502386702e+02
1.017168609896583007e+03
1.003750700321353179e+03
1.004953472848690808e+03
9.985498021768346462e+02
1.009259972868139585e+03
1.008121797251304656e+03
1.004811928493742244e+03
1.005510461140766438e+03
1.017977952453666944e+03
1.000501666416246508e+03
1.009458769413313121e+03
1.012507866871335978e+03
1.021782262248792449e+03
1.006732828516486620e+03
1.007656202135361241e+03
1.010492790102981871e+03
1.019593447746275615e+03
1.020247337327410378e+03
1.014782103650808835e+03
1.009416164918058030e+03
1.008592368344536908e+03
1.021510693725090050e+03
1.034437860514108706e+03
1.006625035309480381e+03
1.018413795745433276e+03
1.033849351591291452e+03
1.015865748498331413e+03
1.034697194973640990e+03
1.011789979667096759e+03
1.011829287531804653e+03
1.012246177430630951e+03
1.012428126582011146e+03
1.031789006876329722e+03
1.035008432433935241e+03
1.030346895582053776e+03
1.026135085525291515e+03
1.016406698927760885e+03
1.022092768362003653e+03
1.017307172089808887e+03
1.017866291248033349e+03
1.021105576268443201e+03
1.016474409737976430e+03
1.017737620223951581e+03
1.009549549745624290e+03
1.024794011504052150e+03
1.014075970744372967e+03
1.019322804208224056e+03
1.028652529424764225e+03
1.029438230492522734e+03
1.030113061919797474e+03
1.025310964920752895e+03
1.030749683854246541e+03
1.026427073441537686e+03
1.031177145390332498e+03
1.023368030805426542e+03
1.018888447394871946e+03
1.036336932409938299e+03
1.029063581487140482e+03
1.018622192382114235e+03
1.034676434985180549e+03
1.029476466588492258e+03
1.032922074778917931e+03
1.028516695625896546e+03
1.024568076995576803e+03
1.038219890325268580e+03
1.019317443949884932e+03
1.017589235736596493e+03
1.031655314796713810e+03
1.021858734156594892e+03
1.030654707978490933e+03
1.024295659512880775e+03
1.032706788734021529e+03
1.031621421562989781e+03
1.033173225523752308e+03
1.034041325588653535e+03
1.020737682118211978e+03
1.023729655261918310e+03
1.025804711658156521e+03
1.040205191216324920e+03
1.030222101513061034e+03
1.038109598597805416e+03
1.021205116590568764e+03
1.028309932103335314e+03
1.035777662042622978e+03
1.034936789169841632e+03
1.018182060512475800e+03
1.017339343270641052e+03
1.027929983570787954e+03
1.026142375427562229e+03
1.027586529086127712e+03
1.037765356447549948e+03
1.028446000874758283e+03
1.021851896518817057e+03
1.041950493748846156e+03
1.033114307043045073e+03
1.017834786333430884e+03
1.040938045484166878e+03
1.018711553111950593e+03
1.036523728566902946e+03
1.043830791116153705e+03
1.014080379762958728e+03
1.027592520027199043e+03
1.030480971929936231e+03
1.047206944685408871e+03
1.042365943410125965e+03
1.035167793848993369e+03
1.020168964900975880e+03
1.015310270078252302e+03
1.037426823223164774e+03
1.050477152219784784e+03
1.031057948799450287e+03
1.035108770584302420e+03
1.020073304939318973e+03
1.048796863278844057e+03
1.028783683018837564e+03
1.031434505559600893e+03
1.031024582038646258e+03
1.032948798505495461e+03
1.041358105877029629e+03
1.037838274601995636e+03
1.051294024913918747e+03
1.044138593574629795e+03
1.024644075234593856e+03
1.050272259766024263e+03
1.034684674361382122e+03
1.027854891075310661e+03
1.042008886591539977e+03
1.043891719176697734e+03
1.034410925891934085e+03
1.034207065808299149e+03
1.034636411646759370e+03
1.042800061196097431e+03
1.048922272259286046e+03
1.030829976476703678e+03
1.030793618715987577e+03
1.027649012027040499e+03
1.041820319100563893e+03
1.058101417952341535e+03
1.043597518548938524e+03
1.047260048631543214e+03
1.040918867409024188e+03
1.035544753292235328e+03
1.057652774032487969e+03
1.046971330895407618e+03
1.047726723202168159e+03
1.032190741387345497e+03
1.056774962988909238e+03
1.031080157757961615e+03
1.040924586874622037e+03
1.032481147577213278e+03
1.042690749417344705e+03
1.054797427411277340e+03
1.054231445933731720e+03
1.044920919536032216e+03
1.054432825794678820e+03
1.042098432302626179e+03
1.038135803984649101e+03
1.048667368737647621e+03
1.037245836965285434e+03
1.049441398325621776e+03
1.048920450956438799e+03
1.055390005586978305e+03
1.047568684759922007e+03
1.056056511684266752e+03
1.036487831861373024e+03
1.042937689626559632e+03
1.048568880417029959e+03
1.060877139893140566e+03
1.054472102229260372e+03
1.062121545283444448e+03
1.031533500623806731e+03
1.062265757579013325e+03
1.047536930419685405e+03
1.046231285247828055e+03
1.053067999872357177e+03
1.056965463448713763e+03
1.063202789125300569e+03
1.060011943573525741e+03
1.058229053111722124e+03
1.059261528927228710e+03
1.051944739901443882e+03
1.054698770859916294e+03
1.047156777313928842e+03
1.046400233208670443e+03
1.052343688572920200e+03
1.068383334940947179e+03
1.061656746563020533e+03
1.065231711787361974e+03
1.048074717092243418e+03
1.071405888523113390e+03
1.053468252827045262e+03
1.054861958491732594e+03
1.065430125068919551e+03
1.073851039646140862e+03
1.059746129115791518e+03
1.053733258085697798e+03
1.058097566280597675e+03
1.058317471553777295e+03
1.058360501996753101e+03
1.053646473318049402e+03
1.051989313602912262e+03
1.054811495153972146e+03
1.048171970425600193e+03
1.060278983914436367e+03
1.060667862847999004e+03
1.068355820496024535e+03
1.067537275662639104e+03
1.072360676337567838e+03
1.059953097483631154e+03
1.065416760270002442e+03
1.053912498487714174e+03
1.073581594403180588e+03
1.059579873538782294e+03
1.058165100671879372e+03
1.063650377989132267e+03
1.067296843430149465e+03
1.081106844597122745e+03
1.048990986066809000e+03
1.065019635210443994e+03
1.063914819448225899e+03
1.062472343121471567e+03
1.076617824632481188e+03
1.070747660908083617e+03
1.061697411107429389e+03
1.060380313978571621e+03
1.062389481585938483e+03
1.057914355776277262e+03
1.065594553510446303e+03
1.064805559067887543e+03
1.060366559750175838e+03
1.073277378269288192e+03
1.069012522341645081e+03
1.070654564897645741e+03
1.061788143260689594e+03
1.055199995516396712e+03
1.076214397123182607e+03
1.059866888005062037e+03
1.086912162784174598e+03
1.077032918210329626e+03
1.069860628214912367e+03
1.070847577089057040e+03
1.062662008283281011e+03
1.066215504103683088e+03
1.057724104337482231e+03
1.063936945650665848e+03
1.073508936748529777e+03
1.067806154955461125e+03
1.057480342570225730e+03
1.057147663126119596e+03
1.075007170005005264e+03
1.068418877012388521e+03
1.063864270170990039e+03
1.062466553702567580e+03
1.061989495249613583e+03
1.079995309912109178e+03
1.068384031837548491e+03
1.062829974858011383e+03
1.068471926261274803e+03
1.086347209743631993e+03
1.065509271897122289e+03
1.076145951275435664e+03
1.075911297726280054e+03
1.069479580291875664e+03
1.066825235282256699e+03
1.071276916240773971e+03
1.067498974925057837e+03
1.072858295852816582e+03
1.069212537282109452e+03
1.073166042309207569e+03
1.070709153621659198e+03
1.076730945862671206e+03
1.075883771731600291e+03
1.078368387986090056e+03
1.091083398993154788e+03
1.096881879790780204e+03
1.081991938202092570e+03
1.072588949190677340e+03
1.088668367215926310e+03
1.090724262989412409e+03
1.079985746526261664e+03
1.092734068205112635e+03
1.060027752998068991e+03
1.083932040197953029e+03
1.060410990221005932e+03
1.069906273528307338e+03
1.090633209961325520e+03
1.090968433608437863e+03
1.078527339358709924e+03
1.070116817465953773e+03
1.077356004644698942e+03
1.077992234974098210e+03
1.081076899162750578e+03
1.082371337469435502e+03
1.073640356591069349e+03
1.077543165858878638e+03
1.064518854201996191e+03
1.088535243005087750e+03
1.088105508078361026e+03
1.084030925662858408e+03
1.076043577551584576e+03
1.075697469738319796e+03
1.080951091062244359e+03
1.103015761581368679e+03
1.082335414662251651e+03
1.077858499290529153e+03
1.089279993460206470e+03
1.098486154481901167e+03
1.075137019899090092e+03
1.094533465635088987e+03
1.069083090843289710e+03
1.088309314040834579e+03
1.091889810578543575e+03
1.088675750139522506e+03
1.093834247496574335e+03
1.096828062393669597e+03
1.096567537694694465e+03
1.086618759520326421e+03
1.100390498086375828e+03
1.087819381426409564e+03
1.091468350283211748e+03
1.093028466099780417e+03
1.101339473497861036e+03
1.086503416733802851e+03
1.086935758396632991e+03
1.088542958719774333e+03
1.089276832721475330e+03
1.099062890815897163e+03
1.098090251597363249e+03
1.092466233312023860e+03
1.095751411995290255e+03
1.093810862333404430e+03
1.096401635864742957e+03
1.092213716587811632e+03
1.088734178667126343e+03
1.100772600537886319e+03
1.093314389776259532e+03
1.076199269513984291e+03
1.097388099173063665e+03
1.111127541093728496e+03
1.106913893703305348e+03
1.107995229564244482e+03
1.105031303564331438e+03
1.092420702966684075e+03
1.102408771996009591e+03
1.121284536003813173e+03
1.101395730450080009e+03
1.096351390231419145e+03
1.100010880057092891e+03
1.094867589013816087e+03
1.099603036536561376e+03
1.096649201326858929e+03
1.096539619579861437e+03
1.106389210491509402e+03
1.104441659011289175e+03
1.089546304160999171e+03
1.096747280797905432e+03
1.108267189462596207e+03
1.094668080688867576e+03
1.090282545764889392e+03
1.098369452426027465e+03
1.098721604106764516e+03
1.096227810959810768e+03
1.093139869952580966e+03
1.104936232926288994e+03
1.101386973156000522e+03
1.105074212500002659e+03
1.112433250090616184e+03
1.111760458218760277e+03
1.100629850557898180e+03
1.092339750234461235e+03
1.113102354999757381e+03
1.103119312136854433e+03
1.106845344098505620e+03
1.105497451123611427e+03
1.099664712471657367e+03
1.104290409537850792e+03
1.100974768080297963e+03
1.104007983851716972e+03
1.106408941236377814e+03
1.111619588409389053e+03
1.092443583081909992e+03
1.103108587781862070e+03
1.097471589302383791e+03
1.104153921832837113e+03
1.104672269933060306e+03
1.115666377337076938e+03
1.103743740526899501e+03
1.097103120235971119e+03
1.105192723419075264e+03
1.106262728063737313e+03
1.102565817952350471e+03
1.113894141389988135e+03
1.091849156938870465e+03
1.128013847855992708e+03
1.122627617817215878e+03
1.118267384199819844e+03
1.112191367116117817e+03
1.112386840402891721e+03
1.110726683037974453e+03
1.103313410202970999e+03
1.108476409385502848e+03
1.115276626480084360e+03
1.116526068577815067e+03
1.112103620370494355e+03
1.116719330471780268e+03
1.119787851609685276e+03
1.124771804737198863e+03
1.097257814681761147e+03
1.125464571853896359e+03
1.122361258581391212e+03
1.109763230772243787e+03
1.106143256854284800e+03
1.097618590242918117e+03
1.106498793209259702e+03
1.118637452698681955e+03
1.103935736171981489e+03
1.119982116420181228e+03
1.121857176462194275e+03
1.124907033176762297e+03
1.110653958228738702e+03
1.114915389647513166e+03
1.121076154170919835e+03
1.121876806323153460e+03
1.107385997182087749e+03
1.126933004406970213e+03
1.132631735531733739e+03
1.119012594777777167e+03
1.122489591272201096e+03
1.110507509319998690e+03
1.125473996996121059e+03
1.106847754955634855e+03
1.116860385793769865e+03
1.120716850347939726e+03
1.145615832745112812e+03
1.111974059214873478e+03
1.124232891785821948e+03
1.139170764032673105e+03
1.137298710800875824e+03
1.118025003986666434e+03
1.103323920438883761e+03
1.112270548804217697e+03
1.119300311084438135e+03
1.132090129102208493e+03
1.128378778615371857e+03
1.131956492661179254e+03
1.120688492712887410e+03
1.134385413706031386e+03
1.124375647684480100e+03
1.124110237122994931e+03
1.123683871540972177e+03
1.137530670451310243e+03
1.108240718173776031e+03
1.139213301794038898e+03
1.133893282043249656e+03
1.129886502145927579e+03
1.127875894718956260e+03
1.129106004986324933e+03
1.135144464597426577e+03
1.138852673808718464e+03
1.122689364259598278e+03
1.137417774581386084e+03
1.128947617035606982e+03
1.129733001088694664e+03
1.134463434023229183e+03
1.142165424263261002e+03
1.128308375638129291e+03
1.132569155380927896e+03
1.132618665935128547e+03
1.133554650135079328e+03
1.141945787162712350e+03
1.130256573113434342e+03
1.132097415249077812e+03
1.117402380439184753e+03
1.139758712259902723e+03
1.129566930953491237e+03
1.143826080857791567e+03
1.132126390540026023e+03
1.136047584913657602e+03
1.126943812423445252e+03
1.142679660662034394e+03
1.122874957016538019e+03
1.138931704704115418e+03
1.131165877467377186e+03
1.144820888551270627e+03
1.126919558271476944e+03
1.143598872647489316e+03
1.139364229817461592e+03
1.151993132587776472e+03
1.163949925352350419e+03
1.149208234220400300e+03
1.138611636855332108e+03
1.140923019013844851e+03
1.155731104413845515e+03
1.143191051896410272e+03
1.142669859594962873e+03
1.138132243016507118e+03
1.144346697822574242e+03
1.138736881591818928e+03
1.137920251498919924e+03
1.150923851619900233e+03
1.141644946669246110e+03
1.137846552954289336e+03
1.151325442789185672e+03
1.144463824892399543e+03
1.158258903044003773e+03
1.131042086198745437e+03
1.143866079059144340e+03
1.146408398159062699e+03
1.144686459807605161e+03
1.130806242496859340e+03
1.141087391290884398e+03
1.148752837898298367e+03
1.140210513954858470e+03
1.140324561809845591e+03
1.139123298516171189e+03
1.147022659607509922e+03
1.153329586533782958e+03
1.140827180221437402e+03
1.146535234471845342e+03
1.157561335584500966e+03
1.158078006002300981e+03
1.146933988677551952e+03
1.151692392377396573e+03
1.148237963387269019e+03
1.149581729633013538e+03
1.149146355468823003e+03
1.155050336397898946e+03
1.138657843988975401e+03
1.150630538505449977e+03
1.171941295792334131e+03
1.150376086077944365e+03
1.149693619422490656e+03
1.161468132062830819e+03
1.143925307351096535e+03
1.149133565432336127e+03
1.146445510333237507e+03
1.154467306565744821e+03
1.164606435161608715e+03
1.155926685227353119e+03
1.160666279936226601e+03
1.144103082370394986e+03
1.160139496911854621e+03
1.149487232542020138e+03
1.144208609873778187e+03
1.154799252993068649e+03
1.147941553805579133e+03
1.164192793030364555e+03
1.163982556175566515e+03
1.157134790324939786e+03
1.154014248295348125e+03
1.149839426372327807e+03
1.164470289246827633e+03
1.164121952469320377e+03
1.164028501518042503e+03
1.157041920931906589e+03
1.159005882483707637e+03
1.162539716097942573e+03
1.182361087346180511e+03
1.153127299418759094e+03
1.164931197887938652e+03
1.151398853702654378e+03
1.166490180520443573e+03
1.153851359733185291e+03
1.158080180499861399e+03
1.162079304735247661e+03
1.145596053979767703e+03
1.159836749551345974e+03
1.153162260359846186e+03
1.182620821299018189e+03
1.143049765797478585e+03
1.162802872997190661e+03
1.152609563069822570e+03
1.150404963223839331e+03
1.165964468306279969e+03
1.152435882605010420e+03
1.161673204828272219e+03
1.179411875080263599e+03
1.159130149603107611e+03
1.161968460927162369e+03
1.178117470639736894e+03
1.169391646926854946e+03
1.165222652781446186e+03
1.169522763001371004e+03
1.169504485956753115e+03
1.154818392290381325e+03
1.172159196236279513e+03
1.172302594286817794e+03
1.167471417597311074e+03
1.167511085486047250e+03
1.185312327722214150e+03
1.171923866033568402e+03
1.159335538353961510e+03
1.171900947500590974e+03
1.162620290840305643e+03
1.159131241859600550e+03
1.166596184617815197e+03
1.179683994201060841e+03
1.168709999161324959e+03
1.181997340794877118e+03
1.162391584743710609e+03
1.180718000407163345e+03
1.154465934466342787e+03
1.181927334998258630e+03
1.163798772067160826e+03
1.160271532746468665e+03
1.193429563366582897e+03
1.175470644490185123e+03
1.188713800636600126e+03
1.167092533573754736e+03
1.189666856832977373e+03
1.164297482547653772e+03
1.171317559109145805e+03
1.190730402664179110e+03
1.177929845455048508e+03
1.172082533359748140e+03
1.168211411660946624e+03
1.196137332597252680e+03
1.175971597106224635e+03
1.176068281956470628e+03
1.176956722623892119e+03
1.179186638797919386e+03
1.171862613025219844e+03
1.185608506663074877e+03
1.177082750030784155e+03
1.187907482314667050e+03
1.171561736487675034e+03
1.187680547569422515e+03
1.175808764339074514e+03
1.184125236065761101e+03
1.181233966861904264e+03
1.166332351484094715e+03
1.184862758739643368e+03
1.191398580913745263e+03
1.182435895852721842e+03
1.182925476750870075e+03
1.193772334682130577e+03
1.182617351753855701e+03
1.195758526537653097e+03
1.185038621579205255e+03
1.182800109923645323e+03
1.193670162848369728e+03
1.170881282045080752e+03
1.181170189680340172e+03
1.185842541067068169e+03
1.191031842721646171e+03
1.196188263123275647e+03
1.190979737771309146e+03
1.190897865537287544e+03
1.198120573639016584e+03
1.181774231113839505e+03
1.196121213556019029e+03
1.173194342876355449e+03
1.185424532390441527e+03
1.193935924663555852e+03
1.206921566048220711e+03
1.189823002935325576e+03
1.181933513532354027e+03
1.190751343447419458e+03
1.191449426097135529e+03
1.207287212601476540e+03
1.189030845569983967e+03
1.189254797871190931e+03
1.180585266539355871e+03
1.194740163209771481e+03
1.190791543471726982e+03
1.208375954440093665e+03
1.182058012519035856e+03
1.203815201680008386e+03
1.203944630370720233e+03
1.196715673567904105e+03
1.193564274060818434e+03
1.197874051438236847e+03
1.200232317974920761e+03
1.193800196601372363e+03
1.207562115780183831e+03
1.210286051989884982e+03
1.207121034148913168e+03
1.202074383086221360e+03
1.206156886679964146e+03
1.203788076441685462e+03
1.201323544804339008e+03
1.198568660775626995e+03
1.208093545015042537e+03
1.215930582509058695e+03
1.212289398737632609e+03
1.205367016376357924e+03
1.198493747890355507e+03
1.202792948900053943e+03
1.229438716289008653e+03
1.205497977981034182e+03
1.206810258155034944e+03
1.208939923698486382e+03
1.190563084806667121e+03
1.215021881349990508e+03
1.207246313975624616e+03
1.213814597793519624e+03
1.208366441148859849e+03
1.209710264394043406e+03
1.207865522025909513e+03
1.220428508047961714e+03
1.219117201189167872e+03
1.201995850335978048e+03
1.213022703113419993e+03
1.211634387801427238e+03
1.198977171578351999e+03
1.205380603025285154e+03
1.204865574634922496e+03
1.217036754291039642e+03
1.206808630004257338e+03
1.212380445138274808e+03
1.226943660040607028e+03
1.210107158216801281e+03
1.224710458318224937e+03
1.214791914764982266e+03
1.222452088455572266e+03
1.220622749512385099e+03
1.209803043619124310e+03
1.209052071490048320e+03
1.201933642052727691e+03
1.216419465587757486e+03
1.226659246375016210e+03
1.217798465208679318e+03
1.219415101219807411e+03
1.221694594527431718e+03
1.219781317207882239e+03
1.210487853504177565e+03
1.220608427661692076e+03
1.220285490317185804e+03
1.219467464608261253e+03
1.219185183258211055e+03
1.235579960685983906e+03
1.219315777953596807e+03
1.230547730580877897e+03
1.220411156112875915e+03
1.224932490051641935e+03
1.237775848036860907e+03
1.214912563365855021e+03
1.227858200830150736e+03
1.233224827434037707e+03
1.212728572799748235e+03
1.218044940640287223e+03
1.220733705360935801e+03
1.221288763719406916e+03
1.233018232241308624e+03
1.234254548181493192e+03
1.220860483789692807e+03
1.237292442865624707e+03
1.237181829299029687e+03
1.226216147317519244e+03
1.220714791563960262e+03
1.215635666429820958e+03
1.219729060664346434e+03
1.236382114573617628e+03
1.218345026393697253e+03
1.217804624281596034e+03
1.235395306550721443e+03
1.241549080602759204e+03
1.224400163122314552e+03
1.233524653811464532e+03
1.238328458524746111e+03
1.233503858201785306e+03
1.218170157751008901e+03
1.231385853034189495e+03
1.227743275506459440e+03
1.241459277303841645e+03
1.228247209591589808e+03
1.244088508427328634e+03
1.224860622670340490e+03
1.228935033396621520e+03
1.227190396663799447e+03
1.217918463298752613e+03
1.231968343961418441e+03
1.229554858000924469e+03
1.228693717778617156e+03
1.229046883123539601e+03
1.247340973553443746e+03
1.225877024051559602e+03
1.231644630343764902e+03
1.246008596790687989e+03
1.239265280334168892e+03
1.250597099786924673e+03
1.238051554975408180e+03
1.249992122071839049e+03
1.227214197290765242e+03
1.232281509417732195e+03
1.251310192708782552e+03
1.235312151099417406e+03
1.246407300910419053e+03
1.245484115086698694e+03
1.259409755473738187e+03
1.257144777627350322e+03
1.236588021655451939e+03
1.234702506590470875e+03
1.244959817662961314e+03
1.235486946266959421e+03
1.238817364667997936e+03
1.262375343326520806e+03
1.257259646609737047e+03
1.243393115751355708e+03
1.247239664799839602e+03
1.241620091310663838e+03
1.254573002620889383e+03
1.248145634679157411e+03
1.248328220832202760e+03
1.257142017444650946e+03
1.253461719701537504e+03
1.242155846802205815e+03
1.265368563940280410e+03
1.252207750980349147e+03
1.230918773944742270e+03
1.243007639500872529e+03
1.242491552800033787e+03
1.255887861264415506e+03
1.242419675241000732e+03
1.260905964067560944e+03
1.253053113496569267e+03
1.259668075478697119e+03
1.252607221041318780e+03
1.260041787907390926e+03
1.261175835704436395e+03
1.271500258273461895e+03
1.272482324056885091e+03
1.250399863286535947e+03
1.265871618478027131e+03
1.244537066482345836e+03
1.256737157820743732e+03
1.244768344449507595e+03
1.268487104407726292e+03
1.254596723798964149e+03
1.253128441459237365e+03
1.252597273880747025e+03
1.258030542339467729e+03
1.270115550181501476e+03
1.244300959474195906e+03
1.272172424285529132e+03
1.267817854689941669e+03
1.270452109282038919e+03
1.273213214889815163e+03
1.266428523371877873e+03
1.281928951085281597e+03
1.264368662918886230e+03
1.253554314523398716e+03
1.273815799200722722e+03
1.241367187623671498e+03
1.259908750611589312e+03
1.259700587328256233e+03
1.256225635320498213e+03
1.264158325950974813e+03
1.270382926907753244e+03
1.260181468357611493e+03
1.269162455312817428e+03
1.272014103506461652e+03
1.271614962482051396e+03
1.268586892035753863e+03
1.283178732058252308e+03
1.270598147642002914e+03
1.269942200583957401e+03
1.273469508670003052e+03
1.276703628013596926e+03
1.268990965635684233e+03
1.261619432180197919e+03
1.258874518645207445e+03
1.282555564213979096e+03
1.272001070281903822e+03
1.259151294540461777e+03
1.281904584893043420e+03
1.270646165525823335e+03
1.276392796185479710e+03
1.266818934438130782e+03
1.265156741364122354e+03
1.284082638424643619e+03
1.273040181840995274e+03
1.268724198995858387e+03
1.288298550238312146e+03
1.279578110384146612e+03
1.280837262059688555e+03
1.271006372510780238e+03
1.277189444226820342e+03
1.288724841062354699e+03
1.278312029385858978e+03
1.275421214638852007e+03
1.278544101479726351e+03
1.272974128430751762e+03
1.279469624656981523e+03
1.266835310261603809e+03
1.285012435633056839e+03
1.263921143405717430e+03
1.307499734949430604e+03
1.272672222830885175e+03
1.275492530818511113e+03
1.301064367163962515e+03
1.270989471315152514e+03
1.282967046325589536e+03
1.286223333285870694e+03
1.306714998724063207e+03
1.294354299871466083e+03
1.281880213695184011e+03
1.285237503511573095e+03
1.295794341031423301e+03
1.297966104707584464e+03
1.290233535159859684e+03
1.295475927461027368e+03
1.281847118184645524e+03
1.284484626661571838e+03
1.291753085102110845e+03
1.297334852773698685e+03
1.302362394914149490e+03
1.295505558114453834e+03
1.289310423086713172e+03
1.298774487726415146e+03
1.289099171555073099e+03
1.306612914069837416e+03
1.284386362327625420e+03
1.284794449649691614e+03
1.292412716317595368e+03
1.305173813392230841e+03
1.294600974828004610e+03
1.291465081975344219e+03
1.293014010584415928e+03
1.303518433282194565e+03
1.286385752889676723e+03
1.293195131261457163e+03
1.292800589696011684e+03
1.301517051275601034e+03
1.310879584327960629e+03
1.293576860085504677e+03
1.298680623612373211e+03
1.301978050453692731e+03
1.305902416361052701e+03
1.298361002125472169e+03
1.297264097777078860e+03
1.294091562023389770e+03
1.307190522343490784e+03
1.302351668366924969e+03
1.302867798514355854e+03
1.284267759355824410e+03
1.296310445262893836e+03
1.309933317209938423e+03
1.321423246588316488e+03
1.308684800022498848e+03
1.311431280793772203e+03
1.314213481803288232e+03
1.301922758161730144e+03
1.301509513909957832e+03
1.303439907087979918e+03
1.293118911068371744e+03
1.307022847368394423e+03
1.305044474148303607e+03
1.302219296728664631e+03
1.301217028271400068e+03
1.294264811744499639e+03
1.320356963306744547e+03
1.317819014308590113e+03
1.327036953932619554e+03
1.324214245343466018e+03
1.323222646014676684e+03
1.315078575435912626e+03
1.318917936396292362e+03
1.309224420017871353e+03
1.308876256737087715e+03
1.312943285774788819e+03
1.309189712887221958e+03
1.322257636532729521e+03
1.314861194045445018e+03
1.320267753576503310e+03
1.314831479955813620e+03
1.335609223080723268e+03
1.320764212157975635e+03
1.304971969079765358e+03
1.319313908412491401e+03
1.320621933450774804e+03
1.319825613740271137e+03
1.314626487205909370e+03
1.318436171212336603e+03
1.316500048121615691e+03
1.330381369225356593e+03
1.311267257467686704e+03
1.329964367243584093e+03
1.312954028172198832e+03
1.319724801208877352e+03
1.334841637925710074e+03
1.328233066744807502e+03
1.317948580740369835e+03
1.340147249281644690e+03
1.319793292517386590e+03
1.335810700109359686e+03
1.340815935932587990e+03
1.332659343338489862e+03
1.321986517562200333e+03
1.326172157955784996e+03
1.339347563089072082e+03
1.338042610641546617e+03
1.337098614850900731e+03
1.321138977237968220e+03
1.338968333425858646e+03
1.319322091385437943e+03
1.352237410833831063e+03
1.323900639640500913e+03
1.330248099375998663e+03
1.323740911540518937e+03
1.336715066995498319e+03
1.338590008824697179e+03
1.319673516874495135e+03
1.331689197469710052e+03
1.337368792576936812e+03
1.328404905697096638e+03
1.330435358512195535e+03
1.346670429313115619e+03
1.350777696251239831e+03
1.327928528020323938e+03
1.339630823547161981e+03
1.344863290443285450e+03
1.345571451562074117e+03
1.343219135161589065e+03
1.343803555925375804e+03
1.340191091052241518e+03
1.346392105860622905e+03
1.332728650752000931e+03
1.353394275931181483e+03
1.341737887774183946e+03
1.335780466990530840e+03
1.332449538051136869e+03
1.355894902192554127e+03
1.339836528589330555e+03
1.335181730710549800e+03
1.352762999117946947e+03
1.348143951520044993e+03
1.347486319811049952e+03
1.347386430268318691e+03
1.356172017281842500e+03
1.356552158749752380e+03
1.349013977447731577e+03
1.337915344689425638e+03
1.353265753709430328e+03
1.355585876236782951e+03
1.345052764057129480e+03
1.357138761013265366e+03
1.345563577105714330e+03
1.354544275420245413e+03
1.360598715027645540e+03
1.362970101531993805e+03
1.366547789841034501e+03
1.338492320221954287e+03
1.364088113472705118e+03
1.341928758129140078e+03
1.349189119957510684e+03
1.371158660589049305e+03
1.355200611576048686e+03
1.370349977149843198e+03
1.355788035631202547e+03
1.358310907700202051e+03
1.348372057837774946e+03
1.348984440880525653e+03
1.338501112529760121e+03
1.358788842623152505e+03
1.363979408247360652e+03
1.351096271904520790e+03
1.355190215753479379e+03
1.357090510027073833e+03
1.359334749066775885e+03
1.345806070772024214e+03
1.368456852918290224e+03
1.365335520010167556e+03
1.353394948544402723e+03
1.355078108222980291e+03
1.357718835794696815e+03
1.350529928573693724e+03
1.359656293209215164e+03
1.359938591063997592e+03
1.373024386166182467e+03
1.353564176326234247e+03
1.356771407462060779e+03
1.362823234268806345e+03
1.363894788979308487e+03
1.375819142284519558e+03
1.366709909778564679e+03
1.370299731031580450e+03
1.369739531127345799e+03
1.381934785280501956e+03
1.379117780832714743e+03
1.370838628041221000e+03
1.371917813516780598e+03
1.364818396968867773e+03
1.364893448923269716e+03
1.359926927915258375e+03
1.371086331749579585e+03
1.385059730939238989e+03
1.385331429502793299e+03
1.380574613396052428e+03
1.376835890965276803e+03
1.370595625890561450e+03
1.376498019568580958e+03
1.394063655943643653e+03
1.379313129001664947e+03
1.382654002311491013e+03
1.393259026352367528e+03
1.374906757555798777e+03
1.366831205144435444e+03
1.380650588780174076e+03
1.369205407262061271e+03
1.358626963105212326e+03
1.397781543374566354e+03
1.385104576016128476e+03
1.393537107254018110e+03
1.391351998167720012e+03
1.385620903580498407e+03
1.392753760484280292e+03
1.379217286134617325e+03
1.381976157531455101e+03
1.377093432952871353e+03
1.388635648186922026e+03
1.382372138754785738e+03
1.372747964314598676e+03
1.388465627496818797e+03
1.375459552773953646e+03
1.394445436359206951e+03
1.376079570035529969e+03
1.394415734804990507e+03
1.396521849301597058e+03
1.398557187395958863e+03
1.400864580082584325e+03
1.400827131747931389e+03
1.381801260402917478e+03
1.397340515346712664e+03
1.392903578186458844e+03
1.382313336031440713e+03
1.401056670764965020e+03
1.387727607332126581e+03
1.395394959974198400e+03
1.406513073638825063e+03
1.400801013692429024e+03
1.395731974322308133e+03
1.399704064956496723e+03
1.411502791603718151e+03
1.394774587472321173e+03
1.400307196221720460e+03
1.398199290891890541e+03
1.402300738021482402e+03
1.397545346665718625e+03
1.398488077116339127e+03
1.394194055233083418e+03
1.396491467426146755e+03
1.415199035017563801e+03
1.396595999778608530e+03
1.399066514646054202e+03
1.404260498195460968e+03
1.402136370114551710e+03
1.406268730835787665e+03
1.382444843482206579e+03
1.416674934677527062e+03
1.406448085685936576e+03
1.427195309733496288e+03
1.422544488366543874e+03
1.409122280273307297e+03
1.424165004003865306e+03
1.420330221247466625e+03
1.404815675926386120e+03
1.428862049655712553e+03
1.422920157696214574e+03
1.429988368128952288e+03
1.408934680352441092e+03
1.430639367455347383e+03
1.433066804218454990e+03
1.417146288529639605e+03
1.402094321801716433e+03
1.410616630749129399e+03
1.416524254406352611e+03
1.413913578374672397e+03
1.409027565470770242e+03
1.422155852508373300e+03
1.411609105768597146e+03
1.441066461821063967e+03
1.418432026149550438e+03
1.419393437820770032e+03
1.430993101581308110e+03
1.417598760496789964e+03
1.428211218974854319e+03
1.408040679271955696e+03
1.425439205418654865e+03
1.422685986679636926e+03
1.417976124799322406e+03
1.431115729122990842e+03
1.421816650915833861e+03
1.436604101597775298e+03
1.437694368527033475e+03
1.426467217605145379e+03
1.415424492098307383e+03
1.430138414955161579e+03
1.420663653663099240e+03
1.425710921716295388e+03
1.414062925153158631e+03
1.418633206367115918e+03
1.425132504607842066e+03
1.428450306316800834e+03
1.428133255516571353e+03
1.431557246762384466e+03
1.433125321789220152e+03
1.431526315694172808e+03
1.428880969251266379e+03
1.445204299278840608e+03
1.427430550734716007e+03
1.448043118864149164e+03
1.444720495453938156e+03
1.436419525920342039e+03
1.456699966388219309e+03
1.427904376298085481e+03
1.445866144571121822e+03
1.440438442179211052e+03
1.457413223481331897e+03
1.437351134073995354e+03
1.443123853893994465e+03
1.440833128857929523e+03
1.434985549475368543e+03
1.435870846266157059e+03
1.452183768470981249e+03
1.448285337715480182e+03
1.445410011011396136e+03
1.457890928254535311e+03
1.455082280109017120e+03
1.447749424615474254e+03
1.442691844245701532e+03
1.441982959146219628e+03
1.451352122573334782e+03
1.442661557027607159e+03
1.447457672222579959e+03
1.452739307206104968e+03
1.450017783857124414e+03
1.447587474496954655e+03
1.443357162548956694e+03
1.449672275820741334e+03
1.440190866227377001e+03
1.448830372489519732e+03
1.456295605687817670e+03
1.457559984311392327e+03
1.461468845164190725e+03
1.456808631105631321e+03
1.461814159696559955e+03
1.464598630978423216e+03
1.450749768167900356e+03
1.446657222473278580e+03
1.476435680635319841e+03
1.459070682346736248e+03
1.468833725450426300e+03
1.459692253945381708e+03
1.457348727079702030e+03
1.450456663834012716e+03
1.451008175580888064e+03
1.461944595505427742e+03
1.468404386066578581e+03
1.456870101848239074e+03
1.482209807219710001e+03
1.472408991820027950e+03
1.470434480209921958e+03
1.486775599279137168e+03
1.473123152461111886e+03
1.482288581789688124e+03
1.468650678098198114e+03
1.468033295457146096e+03
1.473107679669537674e+03
1.468945499660805581e+03
1.472781530710631387e+03
1.471016012541557075e+03
1.459478076230880106e+03
1.487505021293153277e+03
1.474592328418502348e+03
1.474940394060517747e+03
1.458615041970499078e+03
1.487461084404917983e+03
1.457494411394707868e+03
1.474818911099926027e+03
1.477233117339923183e+03
1.484765389292668260e+03
1.487915212034538627e+03
1.478252526485437784e+03
1.482835313633253918e+03
1.467832911155201600e+03
1.474607648818315056e+03
1.488484614835891080e+03
1.479971853828693156e+03
1.488964572382033339e+03
1.497357299709703739e+03
1.487046209957037036e+03
1.486141082266635294e+03
1.493270619158234467e+03
1.502260363319182943e+03
1.478515055827353081e+03
1.490971410177390908e+03
1.487034274318662938e+03
1.482166577163607144e+03
1.487177014495105823e+03
1.502642767824907196e+03
1.486870195380078030e+03
1.491979508253534959e+03
1.500428693492677667e+03
1.476369743397908223e+03
1.505212944466098406e+03
1.490418383470725530e+03
1.489212693375288382e+03
1.508159119838247307e+03
1.496236653651104234e+03
1.489935873324767499e+03
1.488405779585880055e+03
1.506813250697984586e+03
1.513548097163941748e+03
1.498118223110896224e+03
1.507190449547163098e+03
1.506717363771876080e+03
1.507899298761062028e+03
1.500358881182753976e+03
1.513550593683507259e+03
1.499361577528007956e+03
1.495284258457298392e+03
1.504070695841484394e+03
1.498046621918352912e+03
1.505419214511928203e+03
1.504794417760776469e+03
1.516593044078786079e+03
1.507008386478702050e+03
1.519197486399440095e+03
1.520499364973698221e+03
1.518275610078044565e+03
1.500243061611405437e+03
1.513321183642749247e+03
1.508444488227568627e+03
1.515954723940572876e+03
1.519606717843663773e+03
1.512880521579498691e+03
1.503763789198571658e+03
1.500271233238378272e+03
1.509536863798931336e+03
1.511427767457857044e+03
1.518577974247068823e+03
1.509413581156778946e+03
1.512994790968032476e+03
1.512230439454473753e+03
1.524764298373630936e+03
1.504811643553672411e+03
1.540431419895360705e+03
1.520233945092240901e+03
1.516579009135346041e+03
1.516047495886254183e+03
1.515657127077711039e+03
1.521083704883186329e+03
1.526476480294084013e+03
1.524277239195222137e+03
1.535031128241676697e+03
1.529382604237711348e+03
1.518622911052349764e+03
1.521408397304590835e+03
1.522684567030447170e+03
1.535053836592504013e+03
1.534967159728184697e+03
1.535307250598528526e+03
1.521302082094025081e+03
1.537065279150496281e+03
1.532286331783009473e+03
1.517618889905086007e+03
1.538843832238300138e+03
1.539083087941522081e+03
1.537354461628918671e+03
1.513341747582239805e+03
1.537934600969719895e+03
1.517259015788041324e+03
1.522793811375704990e+03
1.525035660870627453e+03
1.534365607982625079e+03
1.540245054973943070e+03
1.535557391945767222e+03
1.529973466355005030e+03
1.525520550863403059e+03
1.535279704801104117e+03
1.565749110465605327e+03
1.540121357095800931e+03
1.549740077557132054e+03
1.534685877360048380e+03
1.545071721226341197e+03
1.551174955820817104e+03
1.555395221125612352e+03
1.546269924604511289e+03
1.544042810576088868e+03
1.544453242981165886e+03
1.551242846969412767e+03
1.552131508106946058e+03
1.565178275652276170e+03
1.556715645230445716e+03
1.538708407952421339e+03
1.552464397061731688e+03
1.542252239566327489e+03
1.561218165928832150e+03
1.553357486499908646e+03
1.541839841907357822e+03
1.567595392524674025e+03
1.555061667880262121e+03
1.554903394222144243e+03
1.554591293557830340e+03
1.554546113784596855e+03
1.561765597257864101e+03
1.563503777905107654e+03
1.563534242301532913e+03
1.572116659998389878e+03
1.538270582065111284e+03
1.574699518407742289e+03
1.566240559785896039e+03
1.551979902662047152e+03
1.567413060941768890e+03
1.560078936641344171e+03
1.564034685436113250e+03
1.567505763609705355e+03
1.575332690445502976e+03
1.570798510163791434e+03
1.565411800103698624e+03
1.556573531528744070e+03
1.567463592472100572e+03
1.574817440160407841e+03
1.573428178240214947e+03
1.579480916839983593e+03
1.574146596614459440e+03
1.571653848681947011e+03
1.577711466786740630e+03
1.565138518938969128e+03
1.586175510791412535e+03
1.574770136588794458e+03
1.570189730289325098e+03
1.586244088534134562e+03
1.581909354806782630e+03
1.579298386202854090e+03
1.576921292394107013e+03
1.568656921795421567e+03
1.570334529649259366e+03
1.565002727797557327e+03
1.588375008618745824e+03
1.582545549633950486e+03
1.581828231931720438e+03
1.587189476271859121e+03
1.584789228325512568e+03
1.581708931900579273e+03
1.601079030937781454e+03
1.596919277350926222e+03
1.597654332950125081e+03
1.584153176091794421e+03
1.580883414357330821e+03
1.582350113233526599e+03
1.592675421947013774e+03
1.596596795443426799e+03
1.596582190512149737e+03
1.597018165660269233e+03
1.606233980999942560e+03
1.602612013672202693e+03
1.582233129083585254e+03
1.600548641728953044e+03
1.591018924752693238e+03
1.594598239330837941e+03
1.601613231589536781e+03
1.613361445638029636e+03
1.586554271235212354e+03
1.596642575723361233e+03
1.610079684121192258e+03
1.602328729791178375e+03
1.606896856197279021e+03
1.616536807913073289e+03
1.609938726744058840e+03
1.613398739705990465e+03
1.605454720713290044e+03
1.607506938624057966e+03
1.617292883069871323e+03
1.607795940665640046e+03
1.612848985570132072e+03
1.595327685523727268e+03
1.612123356150570771e+03
1.614418970516544505e+03
1.623936763238898948e+03
1.601267334339355330e+03
1.610462919145608339e+03
1.624402812783578383e+03
1.599520949686886070e+03
1.621299181893882405e+03
1.616382517599614175e+03
1.592070894045619070e+03
1.619818732671741600e+03
1.610829208511039951e+03
1.613089946049663922e+03
1.618785814224288742e+03
1.615016544986426425e+03
1.613975222948687815e+03
1.623345789049379164e+03
1.635667802054699905e+03
1.631068833841296282e+03
1.618250974147732904e+03
1.634650992832923066e+03
1.624300005715890165e+03
1.632537654703264252e+03
1.636869236356079455e+03
1.654216724355560245e+03
1.612420277796464688e+03
1.623774561221888007e+03
1.624952295078996713e+03
1.639406981479127580e+03
1.625180070977741480e+03
1.624790311196245739e+03
1.638750083274375356e+03
1.627571281336721086e+03
1.642063064527237430e+03
1.634851798420612795e+03
1.641189818033035408e+03
1.647292399824218137e+03
1.630048300095752666e+03
1.630387392276220908e+03
1.647108741602311738e+03
1.641584326263210187e+03
1.636938173748935469e+03
1.653149795789167229e+03
1.631446833863804386e+03
1.640189446070716713e+03
1.637824191100055486e+03
1.635144153352255671e+03
1.639035311475924800e+03
1.646187048984652620e+03
1.638419085901530025e+03
1.660981600387332492e+03
1.663706600672173181e+03
1.660582473133676103e+03
1.642753211328678844e+03
1.653704496596412355e+03
1.635837037144761098e+03
1.658495692636543936e+03
1.658789670311340160e+03
1.655772331122417199e+03
1.665139259165860949e+03
1.651375498296755723e+03
1.656147844412992299e+03
1.662027540609826701e+03
1.647914218069100798e+03
1.659907889764169795e+03
1.656171565841655593e+03
1.668257244846583035e+03
1.659788993622065163e+03
1.673394994013639234e+03
1.666654460882816920e+03
1.663228713953373017e+03
1.664873975245606971e+03
1.672026698815134978e+03
1.652127976247703373e+03
1.655896938335971527e+03
1.664790285028747348e+03
1.664357622748701715e+03
1.675608751508513251e+03
1.671861911904106137e+03
1.676359614448378352e+03
1.679514675151013989e+03
1.666579732802737908e+03
1.661551579043822585e+03
1.676850413899357363e+03
1.656928488218781467e+03
1.689019467755284040e+03
1.670032641244145680e+03
1.682043627184259094e+03
1.680155800168799942e+03
1.686768699618031860e+03
1.672952436871886903e+03
1.688269899251640027e+03
1.694612234685578187e+03
1.678875298734474427e+03
1.689440513732826048e+03
1.672029277051263307e+03
1.690352340207076850e+03
1.676926866877915472e+03
1.677857140077965369e+03
1.684632537142041883e+03
1.687715014527596395e+03
1.696425237306858662e+03
1.683471242166268894e+03
1.681192430096196404e+03
1.682216012071864498e+03
1.701816753675175050e+03
1.697246144575535027e+03
1.690554223660492880e+03
1.696151165272638991e+03
1.692119650320816845e+03
1.691569132481482711e+03
1.711249998378633563e+03
1.701003803550623388e+03
1.704630509472678114e+03
1.696815421861273308e+03
1.701517729252325807e+03
1.710280083928314298e+03
1.699712393610792333e+03
1.693259598431723362e+03
1.707112166716349520e+03
1.711628553969316272e+03
1.716416960469570995e+03
1.713620388556414127e+03
1.697748378477115239e+03
1.711530150476795825e+03
1.712576030219057884e+03
1.697673650538602715e+03
1.718000068681643143e+03
1.713173102359433869e+03
1.719142674890741318e+03
1.727250040479047584e+03
1.722934253164190295e+03
1.720772867586222901e+03
1.713298814457583831e+03
1.716114656653010570e+03
1.721561298199034354e+03
1.732591464617323709e+03
1.725553899360056676e+03
1.733179380643759487e+03
1.726702108446500233e+03
1.713118089641558981e+03
1.739613006219704175e+03
1.727442216129654753e+03
1.729756888339791203e+03
1.731623332288482288e+03
1.720432691426830388e+03
1.731205652545399062e+03
1.744379779273661143e+03
1.735173365710283178e+03
1.740926889942112894e+03
1.738844634186480107e+03
1.734445191405199012e+03
1.739322072392988048e+03
1.729487460236715151e+03
1.733445447661059461e+03
1.735198293228750572e+03
1.737118063333673717e+03
1.732784816517380250e+03
1.733284954089865550e+03
1.736547943376196599e+03
1.731136487679583070e+03
1.739291764491739514e+03
1.738968519129296283e+03
1.745047582738618075e+03
1.740405331290112144e+03
1.751367703968484193e+03
1.747879504172781481e+03
1.751622590546895481e+03
1.750855713505862468e+03
1.759167502180236852e+03
1.734837383915791406e+03
1.754193596106754512e+03
1.755667775895179375e+03
1.780802186176033729e+03
1.756011508505020402e+03
1.744021018182324497e+03
1.751776114145320889e+03
1.735861975658893243e+03
1.759070268166869710e+03
1.757757043032314641e+03
1.747801507758712660e+03
1.749334635363114103e+03
1.755928430140085084e+03
1.756405626660707185e+03
1.758997005532764888e+03
1.752468775274009658e+03
1.760425150346145529e+03
1.768775316594120113e+03
1.762953668822798591e+03
1.767005800587406839e+03
1.792141544429308169e+03
1.763346609164651227e+03
1.762509203413311525e+03
1.779888912691602627e+03
1.780011062169992101e+03
1.777937134849318227e+03
1.781999157302752337e+03
1.777512081651957260e+03
1.796341451378213151e+03
1.773186164625997890e+03
1.774159776372613578e+03
1.773003448503820437e+03
1.775570670777804253e+03
1.773409505039247733e+03
1.772603281743991147e+03
1.784360489204942269e+03
1.784104952306348650e+03
1.790361053155517766e+03
1.790746065468524193e+03
1.776199950240759563e+03
1.792957449138830725e+03
1.776883324902453978e+03
1.780865032617283077e+03
1.788340002086089953e+03
1.784940550878632394e+03
1.783737570270822971e+03
1.804108398755850430e+03
1.782583579147718410e+03
1.785796062548619147e+03
1.810341120610061580e+03
1.800577825106063528e+03
1.786098335249845604e+03
1.783480648326546543e+03
1.800435769626564252e+03
1.804148455350933773e+03
1.804947036456350133e+03
1.795317915068628508e+03
1.809555771565898795e+03
1.786768918169598692e+03
1.802687575893063922e+03
1.807626208241036920e+03
1.801283005210822239e+03
1.804580255729985993e+03
1.812012259648440931e+03
1.806610825768434097e+03
1.813967770067185484e+03
1.809672804140220478e+03
1.815302424613889116e+03
1.802618745376442121e+03
1.811957956359351556e+03
1.817230011311577300e+03
1.827915893857392120e+03
1.843153444591797324e+03
1.818130717617361142e+03
1.841000337909232485e+03
1.818370721582171200e+03
1.813951944566954353e+03
1.825291715854843233e+03
1.819112512384429010e+03
1.836889726058750966e+03
1.804644011877284356e+03
1.811317614313914191e+03
1.835444879303939160e+03
1.826730310216509906e+03
1.850643722911830992e+03
1.830287791449207589e+03
1.825883528236176517e+03
1.827462813165850321e+03
1.838120706436010778e+03
1.832380300460243916e+03
1.841137711837606048e+03
1.835577721881890056e+03
1.831225081611460837e+03
1.839194123167393172e+03
1.848191386044846695e+03
1.841505457975698391e+03
1.856210350065840885e+03
1.837378547374034497e+03
1.834142116766767458e+03
1.848885127564697541e+03
1.843649935251605939e+03
1.861292859285223358e+03
1.841241748564299314e+03
1.848316542969737384e+03
1.858355400918951773e+03
1.845347033643632585e+03
1.864997717643803753e+03
1.849598736178865465e+03
1.867686671574351294e+03
1.856828398974137372e+03
1.854958786653961852e+03
1.850454967086106308e+03
1.870236364747570633e+03
1.847371267126223074e+03
1.859368501012408160e+03
1.855395653940753846e+03
1.849885074929985194e+03
1.861585461953670119e+03
1.856407766205745247e+03
1.874478888290713030e+03
1.860565155545841208e+03
1.865082094102828250e+03
1.856736674626466993e+03
1.869960049701138587e+03
1.867058470906136790e+03
1.872007808022524841e+03
1.888249782673315849e+03
1.889475471281627733e+03
1.883147568871818976e+03
1.867169439574694707e+03
1.865231494710843890e+03
1.880509462715464679e+03
1.891216654684537389e+03
1.872719958699570270e+03
1.882433311480724569e+03
1.884692651246106834e+03
1.894914639666730181e+03
1.892828247692701552e+03
1.889803824963105853e+03
1.875420959541028196e+03
1.877684848538175174e+03
1.883316536060350245e+03
1.899012831203086080e+03
1.895376623575229360e+03
1.904510378599971318e+03
1.879376640019501338e+03
1.895251139928715929e+03
1.903519712511312036e+03
1.889924004911943712e+03
1.898017739111693800e+03
1.891545996337562428e+03
1.884808191114505235e+03
1.897804628607029827e+03
1.904731236916017906e+03
1.900561828688129708e+03
1.904770901384135868e+03
1.907361619222865102e+03
1.903764235563044394e+03
1.905447179636741339e+03
1.911835231820770787e+03
1.911652307580239494e+03
1.920408322222027437e+03
1.926790121369665030e+03
1.913758385100794612e+03
1.906464286656587547e+03
1.890510500190660650e+03
1.918246165383788821e+03
1.915502083275323230e+03
1.933014212021463436e+03
1.922163881331005996e+03
1.916948928577610104e+03
1.932964096631977554e+03
1.916516111162399511e+03
1.928186759591934106e+03
1.918404184937535547e+03
1.921399763550003627e+03
1.943310845409853982e+03
1.935830994994091725e+03
1.932066886297256588e+03
1.935454978982792909e+03
1.944070795924217464e+03
1.922309006765916138e+03
1.928245946168853607e+03
1.927559274568908222e+03
1.937144476271458188e+03
1.937682064750496693e+03
1.930874341519918744e+03
1.944041173547707331e+03
1.935620086510009060e+03
1.946245551732337390e+03
1.946854982188658141e+03
1.938877494866310144e+03
1.934715797386647409e+03
1.945931891848325222e+03
1.954412015268245796e+03
1.948737293577184118e+03
1.948674102323402167e+03
1.941930350493901187e+03
1.946042007628683223e+03
1.964614331954574709e+03
1.963147292039443528e+03
1.963770402708106531e+03
1.971740492341113850e+03
1.968412455625524672e+03
1.968447570109544131e+03
1.975748115020468504e+03
1.971664736915151252e+03
1.961874919464277127e+03
1.959258741999541826e+03
1.971892110823625671e+03
1.961692299772779506e+03
1.966565877663681249e+03
1.979470845552500350e+03
1.974283897355606086e+03
1.970568318337824849e+03
1.981706546355662340e+03
1.970673868735547330e+03
1.972937068459157217e+03
1.972335298660460921e+03
1.957335207769982844e+03
1.975434006546253158e+03
1.975956388515433900e+03
1.982371849335415618e+03
1.971545617746764719e+03
1.985621388930587955e+03
1.974488322563420525e+03
1.999260643292336226e+03
1.987389716736504397e+03
2.001413699041897416e+03
1.999964107530577166e+03
1.994545714703580870e+03
1.991364115230515608e+03
2.000356893086674972e+03
1.980530718607471727e+03
1.985879943996974816e+03
1.996183493069615906e+03
2.012908814751189766e+03
1.998695435917509712e+03
1.986998784522339065e+03
1.994993062574218129e+03
1.996637216650012078e+03
2.007772343198213093e+03
2.002048577835093965e+03
2.000769126136172190e+03
2.007064923663401942e+03
2.011982949814621406e+03
2.011903329353973731e+03
2.003649174788055007e+03
1.999909065344472538e+03
2.011691097423776682e+03
2.008815208521189106e+03
2.008634225372318724e+03
2.000561869152152440e+03
2.020709595811936879e+03
2.014847658014933359e+03
2.027121935706035629e+03
2.019291748567922696e+03
2.019905393047063626e+03
2.026585158725607926e+03
2.021672114778477408e+03
2.024541295684602346e+03
2.026804796999650080e+03
2.016381026035023297e+03
2.033240697240003783e+03
2.035144085048722218e+03
2.049616538258708260e+03
2.045760555074624335e+03
2.033308608362364339e+03
2.045183835697357836e+03
2.040273936983092426e+03
2.035505252568390233e+03
2.040065968797456208e+03
2.040721945646980657e+03
2.043531445631865608e+03
2.045515134801098839e+03
2.035179783320130809e+03
2.037204077031096404e+03
2.047718675157035705e+03
2.042857439012024088e+03
2.035263549729150100e+03
2.044678062287874582e+03
2.044768378110869889e+03
2.051049551267782135e+03
2.037157512817771021e+03
2.044611936759959690e+03
2.067117052824088205e+03
2.057386493379266085e+03
2.055300253276876902e+03
2.066626080927356725e+03
2.069041091850286193e+03
2.054961211329437447e+03
2.067587993163468582e+03
2.078837842418962282e+03
2.065442316572971777e+03
2.073136676919079491e+03
2.064462303373211853e+03
2.070639695693765134e+03
2.069171978283441149e+03
2.070899529983771117e+03
2.089585658441787473e+03
2.075832127438937732e+03
2.078486508612759735e+03
2.080864891107843505e+03
2.089871915561034257e+03
2.078309162793372252e+03
2.086471950697283319e+03
2.080207898276426022e+03
2.078993506364341556e+03
2.097038927635507662e+03
2.087040074898491639e+03
2.081967584477929449e+03
2.094390688997657890e+03
2.098599417535187968e+03
2.097338914923483571e+03
2.099192790159573178e+03
2.100234970562472881e+03
2.090952920923446072e+03
2.087220981043902157e+03
2.102113759119411952e+03
2.121909439126945017e+03
2.121699791978053327e+03
2.107028787455094061e+03
2.102988074908370891e+03
2.104671462447951853e+03
2.123325655480684418e+03
2.105069849247034199e+03
2.118064375080545688e+03
2.120669073342711272e+03
2.112128528138538513e+03
2.111588885220161501e+03
2.104315501620023952e+03
2.112631905570293839e+03
2.133216048571647661e+03
2.126576037619134240e+03
2.131268948151466248e+03
2.125650784158771785e+03
2.124346595897847237e+03
2.127043203513160279e+03
2.120902598851937000e+03
2.126151171341559802e+03
2.130282811658493756e+03
2.123615162623805645e+03
2.141414871015933841e+03
2.147295836226122447e+03
2.139339567022336723e+03
2.154449953161925350e+03
2.133554107497470795e+03
2.133044990642941229e+03
2.145738776951017826e+03
2.130737712584937071e+03
2.142412237249309328e+03
2.140663525313533682e+03
2.137520312644161550e+03
2.132066627885470098e+03
2.152883502718921136e+03
2.172203204054141224e+03
2.158524138094389855e+03
2.163438172769438552e+03
2.147371284307896531e+03
2.163115569723517183e+03
2.170739397000240388e+03
2.150684403291777471e+03
2.167212069822660396e+03
2.163702680820604201e+03
2.160465582089173949e+03
2.171866602397535189e+03
2.153894493156974477e+03
2.185940622655537936e+03
2.170515400637475977e+03
2.171388193908061112e+03
2.179234351476683969e+03
2.187702984403336814e+03
2.170905984624676421e+03
2.151983217283755494e+03
2.167322861410664700e+03
2.195866842456417089e+03
2.185561223892738781e+03
2.180364638608953555e+03
2.188566759233962784e+03
2.184652149062571425e+03
2.202415390853951521e+03
2.172661541052067605e+03
2.176252407477222732e+03
2.198726632115858592e+03
2.203765258634370639e+03
2.194595590120961788e+03
2.190713314125803208e+03
2.196139384109086677e+03
2.212881189431104758e+03
2.195300259599556284e+03
2.205117474210385808e+03
2.204155393472939068e+03
2.228504321743258970e+03
2.196756531374997849e+03
2.211599851602077706e+03
2.220089442642932227e+03
2.208572925232519083e+03
2.226818707895391981e+03
2.217323363974599488e+03
2.223921618855827546e+03
2.211008886906202861e+03
2.216845121551975353e+03
2.220400128649720045e+03
2.207881681657790068e+03
2.222964002028387313e+03
2.210398030389645555e+03
2.217282259639693166e+03
2.224740294851157614e+03
2.233953357787062032e+03
2.235048776673606426e+03
2.221345712907821053e+03
2.235714106684671151e+03
2.239644938135510529e+03
2.243978258987898698e+03
2.254180739719940448e+03
2.234992420373334426e+03
2.237437847316704392e+03
2.236726950028918509e+03
2.238820810213051573e+03
2.253652533533845144e+03
2.260653033082708134e+03
2.260150471369798652e+03
2.240608629149776334e+03
2.242617660782299936e+03
2.254665305381201961e+03
2.249337093659011316e+03
2.266259580843372532e+03
2.272733142479911294e+03
2.248290497759202935e+03
2.268356492852708016e+03
2.258377753094962372e+03
2.267403449054243538e+03
2.269314112978971480e+03
2.279159464834397568e+03
2.271312540280419398e+03
2.287870017996181105e+03
2.278213959243214958e+03
2.276912890362921644e+03
2.277763939517881681e+03
2.260365036150958076e+03
2.270728249328376478e+03
2.266394273117266494e+03
2.268982878330403764e+03
2.269274731243909173e+03
2.296967542773531022e+03
2.269873778019526981e+03
2.291765112604794922e+03
2.296717844939380484e+03
2.277151942990247335e+03
2.290717824647308589e+03
2.288101870855450670e+03
2.299427265115726186e+03
2.289436190841953703e+03
2.308142085491852868e+03
2.317623309563366547e+03
2.315454786038737439e+03
2.297391646806470817e+03
2.310111072973215414e+03
2.311410881334585156e+03
2.306185653743615148e+03
2.318143274404580097e+03
2.308167489075960930e+03
2.310547733453930505e+03
2.326705090421570276e+03
2.319517780295913326e+03
2.326260794162322327e+03
2.316433840128211159e+03
2.320705463024893561e+03
2.333137596217685314e+03
2.312228475061930112e+03
2.334383793520262770e+03
2.315932782767441950e+03
2.339497045469076511e+03
2.336537590180128063e+03
2.339422053039890670e+03
2.340554716144791655e+03
2.330813915179985997e+03
2.336639680563350339e+03
2.340740591324687102e+03
2.337997087534345610e+03
2.347355535892799708e+03
2.338047049287652499e+03
2.345601163297575113e+03
2.339643208081467947e+03
2.348292070881377185e+03
2.352545521822934916e+03
2.362812153110799500e+03
2.342259273488544750e+03
2.363274171506729544e+03
2.374632808761549313e+03
2.353119590998703188e+03
2.355528485880066910e+03
2.357363134348353924e+03
2.376822372058253222e+03
2.366321545794510257e+03
2.363220080894252078e+03
2.357622726349904951e+03
2.375741508115102079e+03
2.388230493183525596e+03
2.370473526177438544e+03
2.368017645189757786e+03
2.385475883605712625e+03
2.373975507261744042e+03
2.379222217380954135e+03
2.380745388676617949e+03
2.390772394642033305e+03
2.371235831068509015e+03
2.380745329104369830e+03
2.388655025171779016e+03
2.383691366680411193e+03
2.387045335558261286e+03
2.398604271127975153e+03
2.399130251707679690e+03
2.401782601084156795e+03
2.387172570464656928e+03
2.396054019237516059e+03
2.398837884303582086e+03
2.403779830096201749e+03
2.399330088233180504e+03
2.408921833952309044e+03
2.407520280260091567e+03
2.422714749714040408e+03
2.412184125885178673e+03
2.408470842566968258e+03
2.424769482466357658e+03
2.412634809293477701e+03
2.410323341004650047e+03
2.412661575953083684e+03
2.420789721000475311e+03
2.435062739860615693e+03
2.430265157848325543e+03
2.435040946396334675e+03
2.432935796867600402e+03
2.434895490872058417e+03
2.451530526765037393e+03
2.436170545017595487e+03
2.454938413955397664e+03
2.422077393588054292e+03
2.422739578734055158e+03
2.441175917137345550e+03
2.434672601387152099e+03
2.467001027167287702e+03
2.457918287094169045e+03
2.436216218562273752e+03
2.451192781832020501e+03
2.450614904198549084e+03
2.454580255432906597e+03
2.462780018993662907e+03
2.461977990379980838e+03
2.470173817139506809e+03
2.463076253481092863e+03
2.466578450873459133e+03
2.482437186147666580e+03
2.468458610280428275e+03
2.473821925590020328e+03
2.472023203474496313e+03
2.490823127180731262e+03
2.477666846968319078e+03
2.475954865713562413e+03
2.488982416431502770e+03
2.485260713284622398e+03
2.497168419634977454e+03
2.507695743392178883e+03
2.492705356783288153e+03
2.490467140821706380e+03
2.492143446528271397e+03
2.499659287695380044e+03
2.490139908052686678e+03
2.494653107004690810e+03
2.512724410915446697e+03
2.498251786842987258e+03
2.501699582057835414e+03
2.526516361622765544e+03
2.522826154130973919e+03
2.518008392288013511e+03
2.513771971208566356e+03
2.517146854321659248e+03
2.502254515584059845e+03
2.514982623472966225e+03
2.517818168715452884e+03
2.527766116098741804e+03
2.543010661768631962e+03
2.525539445583120141e+03
2.522164780322898423e+03
2.529190219847690514e+03
2.536993754058290961e+03
2.540916147294824441e+03
2.527383463552277135e+03
2.547442377992942056e+03
2.539310062760730034e+03
2.529859401759930734e+03
2.548161131747845047e+03
2.566963732255875129e+03
2.557555697692485410e+03
2.541020926742652136e+03
2.538106848146934681e+03
2.550538095212848930e+03
2.556722659350090908e+03
2.549611424445733974e+03
2.565194765050383012e+03
2.557289912361800816e+03
2.559346394456942562e+03
2.567569001967146960e+03
2.568058936689859820e+03
2.551193631700281912e+03
2.572900767784315121e+03
2.575640983523971499e+03
2.574544042848822755e+03
2.587477253905981343e+03
2.577494289214717355e+03
2.581315114178252770e+03
2.586731887222255409e+03
2.584359534426171194e+03
2.594201406908201989e+03
2.600082381582997641e+03
2.587471086364148505e+03
2.590968043708579899e+03
2.603648218892546993e+03
2.596597594262093480e+03
2.596501416907110070e+03
2.610810575020529996e+03
2.603828978026049754e+03
2.620477502660762639e+03
2.610143546329453784e+03
2.586496269917650807e+03
2.628181829511393971e+03
2.620180166548620036e+03
2.609847906974287980e+03
2.616562854776914264e+03
2.612676226883453182e+03
2.604382584636785396e+03
2.630953632130753249e+03
2.636063717662157160e+03
2.626222111893492638e+03
2.645367761021581828e+03
2.633316845620237018e+03
2.630669670314543509e+03
2.629538643688129469e+03
2.653015713107191459e+03
2.644847687466441585e+03
2.652806357137289524e+03
2.650542515362049471e+03
2.640080753481259308e+03
2.652367772865261941e+03
2.653348958698415572e+03
2.657152008084088266e+03
2.641705236754897214e+03
2.662701834652852995e+03
2.659936797563320397e+03
2.673656558225632580e+03
2.666354974348570522e+03
2.671271840966012860e+03
2.659943807208967883e+03
2.683648667606118579e+03
2.674414237716523985e+03
2.666594720884243088e+03
2.677758048318465171e+03
2.668466289235138447e+03
2.692502846315826901e+03
2.691303544494141534e+03
2.698664848836298916e+03
2.685438875350315357e+03
2.693561807629615032e+03
2.699699074996976378e+03
2.673619247983719561e+03
2.699997783794970928e+03
2.688127774544458589e+03
2.704660209734761338e+03
2.694182678912738993e+03
2.715825088087449330e+03
2.706286105530111399e+03
2.721097673334948013e+03
2.716742717121188434e+03
2.712920353044918556e+03
2.727328300948945525e+03
2.724247361144085971e+03
2.717831853589416824e+03
2.724234562704724794e+03
2.725504408547532421e+03
2.721605490433512387e+03
2.730865839179385603e+03
2.737799797004438915e+03
2.744082892976463427e+03
2.736718710321479648e+03
2.732224225060838762e+03
2.760751625611267173e+03
2.743209977277031612e+03
2.740459260514403468e+03
2.758998727888112171e+03
2.753937962793314000e+03
2.753420215984638617e+03
2.746780818269540305e+03
2.765842868459619694e+03
2.772691204447463406e+03
2.760691332899502868e+03
2.777028590710061508e+03
2.766294997540800068e+03
2.762935600164661082e+03
2.767678427142893725e+03
2.780213475904845382e+03
2.769918252529902020e+03
2.775410341927060017e+03
2.781601913232029801e+03
2.780742365182393769e+03
2.773293294473472542e+03
2.782642812080970998e+03
2.793651757279482808e+03
2.780320437909135762e+03
2.792711335200069698e+03
2.794856630311654044e+03
2.796041982426207142e+03
2.804354443518553126e+03
2.804828404496023268e+03
2.798978660318352013e+03
2.828202637798960950e+03
2.800539776615531082e+03
2.825438966361266012e+03
2.821075679695034523e+03
2.809511965620102274e+03
2.815440301263020501e+03
2.824371029778732463e+03
2.815311069683668848e+03
2.829600461780054502e+03
2.829291509095175115e+03
2.836537397034598598e+03
2.828405404261121930e+03
2.857343582313250863e+03
2.832212100622716207e+03
2.837471251848940938e+03
2.831231199319221105e+03
2.862863399694198961e+03
2.835976414392304378e+03
2.857810531594099302e+03
2.849340201457037438e+03
2.860416414512574647e+03
2.865287299649225588e+03
2.859087151298141180e+03
2.872225935840098373e+03
2.869382161960984376e+03
2.866407722849512538e+03
2.874928656611561564e+03
2.875869286354666656e+03
2.865357963067752280e+03
2.889040567537155766e+03
2.875789943735956967e+03
2.895556017613614586e+03
2.879211157574052777e+03
2.888413429101045949e+03
2.890934801773074014e+03
2.887699752909293238e+03
2.886804092240764476e+03
2.908351842932801901e+03
2.889645152198254891e+03
2.904968564345888808e+03
2.913604743245620284e+03
2.909768574976483706e+03
2.920934153819451240e+03
2.909668363011780912e+03
2.928490728607729125e+03
2.911635435999877245e+03
2.906876137014215146e+03
2.919765245848362156e+03
2.924889779837437800e+03
2.930282885447637000e+03
2.920243653517010443e+03
2.940530915267194359e+03
2.927288386237279155e+03
2.939331685751647910e+03
2.946211817463266016e+03
2.935807825142947877e+03
2.963595698179184183e+03
2.944974311067378949e+03
2.950091941357976793e+03
2.947855369788600910e+03
2.959353632355011996e+03
2.966360911354898235e+03
2.972902250424854628e+03
2.960991316714208551e+03
2.969587415188143041e+03
2.962785139856629030e+03
2.953848369245379672e+03
2.979489254901051481e+03
2.997360120082165849e+03
2.985057613157522610e+03
2.980846592744584086e+03
2.983079821305146652e+03
2.998867240562680763e+03
2.997239600452983723e+03
2.981311389207354296e+03
2.997430860611836579e+03
2.988807527792996552e+03
3.011110910656909255e+03
2.998135196827809068e+03
3.008583276189358457e+03
3.006219447015188962e+03
3.022974843419937315e+03
3.011015249056460561e+03
3.034115054054587745e+03
3.018734318372229154e+03
3.025727017759735190e+03
3.025975628601615426e+03
3.019501324139885128e+03
3.021731449560503734e+03
3.020456638202036174e+03
3.037845107253507649e+03
3.047055506741528006e+03
3.051338442723594198e+03
3.035077160591433312e+03
3.055336918703786523e+03
3.049678197191936761e+03
3.043760051575310627e+03
3.046596326391754246e+03
3.079467006877321637e+03
3.059854984950748985e+03
3.075139958952580855e+03
3.062303710472593139e+03
3.063951378550289974e+03
3.059061208331733724e+03
3.072988844296261050e+03
3.078535677518489592e+03
3.072927553586766862e+03
3.094868022678725993e+03
3.088909379125362648e+03
3.094607841555048253e+03
3.103782024195828399e+03
3.098855600578870508e+03
3.105856368182567167e+03
3.113930368086234921e+03
3.110823417862036422e+03
3.121796742625811021e+03
3.113929793064043679e+03
3.114508423806200881e+03
3.126826819569508643e+03
3.107090415537475110e+03
3.131701757498207371e+03
3.121622917622667046e+03
3.121230551735771314e+03
3.140048138448058126e+03
3.143886298137351332e+03
3.134012846598139276e+03
3.126471840173961937e+03
3.151984705484208462e+03
3.145864593258000241e+03
3.134091002530088645e+03
3.150099284343091313e+03
3.149751662078444497e+03
3.158250066297727244e+03
3.150351057661687719e+03
3.169475064318921341e+03
3.168159209066817766e+03
3.180761943320026148e+03
3.167000757388789680e+03
3.172605534060485752e+03
3.187364421129282164e+03
3.181769286943094812e+03
3.190948861444441718e+03
3.193549399577927034e+03
3.191842225771566063e+03
3.188287503746788389e+03
3.196251739211694257e+03
3.193996538103428065e+03
3.208851211644227533e+03
3.222232165694754713e+03
3.212146465321867709e+03
3.216047419714733678e+03
3.213119021241402152e+03
3.203793552210536291e+03
3.216561349381162017e+03
3.228357754368347287e+03
3.221884032789665071e+03
3.232204026999371763e+03
3.242246728778623492e+03
3.229214179941126531e+03
3.234095498561019213e+03
3.244857308545740125e+03
3.235494316728053036e+03
3.257226441947217154e+03
3.239099296498600779e+03
3.244100034097157732e+03
3.252558126034075485e+03
3.269514291063490418e+03
3.250243779855009507e+03
3.251370481609401850e+03
3.270063618316978136e+03
3.282709476657866617e+03
3.274484320736738027e+03
3.279167089893654065e+03
3.280812114058533552e+03
3.286378443636668635e+03
3.283068542154373063e+03
3.278486764819661403e+03
3.284699366508486946e+03
3.306161801967119573e+03
3.297762694961273610e+03
3.304335117449977133e+03
3.300625078701778421e+03
3.319228729985709833e+03
3.320577008330487388e+03
3.314341603422323260e+03
3.323060047021404898e+03
3.305929602120084382e+03
3.340481671264786200e+03
3.329317358842142767e+03
3.334023502030951022e+03
3.343195227414922556e+03
3.353581215929441896e+03
3.339583671906449581e+03
3.349159611476313785e+03
3.349449422491987661e+03
3.338005152306952368e+03
3.355159005725919542e+03
3.376149564850674324e+03
3.370964714731293498e+03
3.361340360988013344e+03
3.376608506638056042e+03
3.362043749785139880e+03
3.374146221621252153e+03
3.365328493544944649e+03
3.386614377594969937e+03
3.396769601287377100e+03
3.367776501036442369e+03
3.415270087313338990e+03
3.388245892012924742e+03
3.410244973433321775e+03
3.398750414072371314e+03
3.413120189636556916e+03
3.411212727326711047e+03
3.395135276701410476e+03
3.413603661069975715e+03
3.431308763149110746e+03
3.418961281397815128e+03
3.417025779694778521e+03
3.418278273389399146e+03
3.426958122974899197e+03
3.455535180396359920e+03
3.445306805198584243e+03
3.445150875616964186e+03
3.439701738496660710e+03
3.448759260126933441e+03
3.441392769820053672e+03
3.455840866421965075e+03
3.463490419360868600e+03
3.451415119884251908e+03
3.458542962375053321e+03
3.466915001331728945e+03
3.465823021191750740e+03
3.478611585053529325e+03
3.483109566626027572e+03
3.479308851574835899e+03
3.493273377748480925e+03
3.499141186297036711e+03
3.501390215630816328e+03
3.501753912778841368e+03
3.497864924255745791e+03
3.513530115032088815e+03
3.506912707065517225e+03
3.496599273732626898e+03
3.519641147875871866e+03
3.516510918590199708e+03
3.533368993035182484e+03
3.520849918903358684e+03
3.525682332885120559e+03
3.522580096340779619e+03
3.553866168774316520e+03
3.544370174108215451e+03
3.524771488633699846e+03
3.546303810876914667e+03
3.541967216863124577e+03
3.559742909186567886e+03
3.562744650846208060e+03
3.568781480619507420e+03
3.570940424339555648e+03
3.561953714634375046e+03
3.584370038640725397e+03
3.566587322188043345e+03
3.575717835661267145e+03
3.598766508890802015e+03
3.592675932976572312e+03
3.594045382875553059e+03
3.602016430053587555e+03
3.575497619219154330e+03
3.594379825355614685e+03
3.607799764446136123e+03
3.609277002523075680e+03
3.625328971781344990e+03
3.624353011456972126e+03
3.609561082626276402e+03
3.616387237309669672e+03
3.626948111115219945e+03
3.636482739907852647e+03
3.655354944557119325e+03
3.646790679812518192e+03
3.642963061989535618e+03
3.643250593758835294e+03
3.644025705934086091e+03
3.635621022228274342e+03
3.641736368119938106e+03
3.669905555489275685e+03
3.667311738676211462e+03
3.662099230938245910e+03
3.671456263581756048e+03
3.685658402983681754e+03
3.683652542316332983e+03
3.680225474687832502e+03
3.685929311218044859e+03
3.692058227126790371e+03
3.684925153109607891e+03
3.698966809516523881e+03
3.716619711467944853e+03
3.713580801110987068e+03
3.718926197984356804e+03
3.715411161851613087e+03
3.710000041495362439e+03
3.723024817187848384e+03
3.729207859410423680e+03
3.737557078912283032e+03
3.730035108570738885e+03
3.743157664868137545e+03
3.745121542168984433e+03
3.743101535913253429e+03
3.750743935300644807e+03
3.758072449381360912e+03
3.749782696223469884e+03
3.759627208581674950e+03
3.764698784182083273e+03
3.767820215731417647e+03
3.789903875750784664e+03
3.795939773453248563e+03
3.793918018335233683e+03
3.776331890713119265e+03
3.787439113840431673e+03
3.795085208604077252e+03
3.798983222783923338e+03
3.799121808332052751e+03
3.809861712980338780e+03
3.822575178083747232e+03
3.820833371807395451e+03
3.812829949717484396e+03
3.826039651331947425e+03
3.828461111976208031e+03
3.826363351220810728e+03
3.841986792843793410e+03
3.841980975225355451e+03
3.835183331345001079e+03
3.846612443617736972e+03
3.863333140644400828e+03
3.834640341478997470e+03
3.866871928716891944e+03
3.867018670129931706e+03
3.882878885740335591e+03
3.879791935481825931e+03
3.866718704314638217e+03
3.880128145601626784e+03
3.900893442303157371e+03
3.901592327893476977e+03
3.900890402665849251e+03
3.907625886964244728e+03
3.904500491618843171e+03
3.912211629605110829e+03
3.910076636579542537e+03
3.911994000655266518e+03
3.917696692564531077e+03
3.927672965159387786e+03
3.934876793258620637e+03
3.927329912883457382e+03
3.933151121412002794e+03
3.938312649789833813e+03
3.970601641631858456e+03
3.949852053216417971e+03
3.959456217434106748e+03
3.951841276139247839e+03
3.956082169083176268e+03
3.987439280972022516e+03
3.966504774376371643e+03
3.984249295107846592e+03
3.983187475266760430e+03
3.981422864890084384e+03
3.993464627506533816e+03
3.989915042234653811e+03
4.012474291730838559e+03
4.019054459263474200e+03
4.013543342572071651e+03
4.024621591004115999e+03
3.997281291992182105e+03
4.041024087913398944e+03
4.028575894209462149e+03
4.034847132261553270e+03
4.039051919535238540e+03
4.054881403757628050e+03
4.043961739664177912e+03
4.056183262472682600e+03
4.038773536495622011e+03
4.042651388116226826e+03
4.055464576749427579e+03
4.063614385528138882e+03
4.079142090671861752e+03
4.072371194348734662e+03
4.079523252641078670e+03
4.106540365544065025e+03
4.092203634758143380e+03
4.085821661437867078e+03
4.092495387692952136e+03
4.109910689793136953e+03
4.107704975144049058e+03
4.106065126880645039e+03
4.130084976785148683e+03
4.118102148545308410e+03
4.125105801213671839e+03
4.144447438934812453e+03
4.140090643830054432e+03
4.141752002235356485e+03
4.148903415048296665e+03
4.157938177679708133e+03
4.159020019919424158e+03
4.177647473606321910e+03
4.164521572730118351e+03
4.165209807354028271e+03
4.163073282903222207e+03
4.175906164157749117e+03
4.175323572817804234e+03
4.181727315801650548e+03
4.197858780517725791e+03
4.191950756299225759e+03
4.199164186658967992e+03
4.198273262117092600e+03
4.224685314085171740e+03
4.200955849078212850e+03
4.224492323570949338e+03
4.226451251143469563e+03
4.221604214985412000e+03
4.237290394241952526e+03
4.237606957225376391e+03
4.262660904461385144e+03
4.257331500252491423e+03
4.264367063876640714e+03
4.266321273991859016e+03
4.276618387476726639e+03
4.278637090286102648e+03
4.255874898194470916e+03
4.279998815583558098e+03
4.287184191705039666e+03
4.287513609806347631e+03
4.299687467198769809e+03
4.309140421562311531e+03
4.324359170074963913e+03
4.314099068594937307e+03
4.319247963339293165e+03
4.337290191121751377e+03
4.327530184076174919e+03
4.338027369109092433e+03
4.324974438639904292e+03
4.351550866179036348e+03
4.349057273666513538e+03
4.361840820610818810e+03
4.362292222916095852e+03
4.355139271065351750e+03
4.374272817611838036e+03
4.357207816455224929e+03
4.388481088388311946e+03
4.394071551458452632e+03
4.386125579257187383e+03
4.388564068187591147e+03
4.414819265162152078e+03
4.415931425078832035e+03
4.431239196826134503e+03
4.405507740229993942e+03
4.415614722492080546e+03
4.428690427694218670e+03
4.439889219857359421e+03
4.434738945188288199e+03
4.439196316785193630e+03
4.444559772806288493e+03
4.461774462106016472e+03
4.459541887215389579e+03
4.468459333937692463e+03
4.474357181225317618e+03
4.478931494965641832e+03
4.491882117236078557e+03
4.480607063942180503e+03
4.491164710863724395e+03
4.490560131422449558e+03
4.502136793768332609e+03
4.517504827428356293e+03
4.513297337475374661e+03
4.519468447889873460e+03
4.521382286603213288e+03
4.535137618387596376e+03
4.533573722185365114e+03
4.529420636033758456e+03
4.546896656409853676e+03
4.532346022123057082e+03
4.561654966208893711e+03
4.557125967534881966e+03
4.572183611140390894e+03
4.577080106814336432e+03
4.571736850321894963e+03
4.575370376089089405e+03
4.588410691655089977e+03
4.607674017258704225e+03
4.599959218803276599e+03
4.604667554043965538e+03
4.606372202596548959e+03
4.626523396261118251e+03
4.636934701339620005e+03
4.621156481886241636e+03
4.628712746753896681e+03
4.651634453521040996e+03
4.636969231351664348e+03
4.659857243807467057e+03
4.669056658065749616e+03
4.667283170121072544e+03
4.655087499094467603e+03
4.684592819212722134e+03
4.674248809233418797e+03
4.680166290955227851e+03
4.695719468156479707e+03
4.688798693494536565e+03
4.701470400896685533e+03
4.716842871564758752e+03
4.715839262488985696e+03
4.717671938996518293e+03
4.729709276557042358e+03
4.739493664518913647e+03
4.747650352275881232e+03
4.745591264883064468e+03
4.737944653999941693e+03
4.761041251860278862e+03
4.768913680994833157e+03
4.751194850358959229e+03
4.760007973431152095e+03
4.781107813087862269e+03
4.768608968416707285e+03
4.803736256506816062e+03
4.779188020729110576e+03
4.794552308642765638e+03
4.801949978710621508e+03
4.809120765460140319e+03
4.837457270235177930e+03
4.822578439136116685e+03
4.825465677738317027e+03
4.854424902236872185e+03
4.846240279807921979e+03
4.854435654444761894e+03
4.859498156395980004e+03
4.866266421403875938e+03
4.875081581331602138e+03
4.873934447480125527e+03
4.887781873218626060e+03
4.888987098031632740e+03
4.897943786761436058e+03
4.902417789552863724e+03
4.909563536040570398e+03
4.905992527693611009e+03
4.918598738945486730e+03
4.915718478670582044e+03
4.931820985988133543e+03
4.945602337399394855e+03
4.942487091145782870e+03
4.936201514813929862e+03
4.955618048495191942e+03
4.955174694577605806e+03
4.965770013081080833e+03
4.976658570332352610e+03
4.984809040305135568e+03
4.980712103926975942e+03
4.997947370588779449e+03
5.014609151843535983e+03
5.007350895153290367e+03
5.013084746067979722e+03
5.038473237316422455e+03
5.027159996181761016e+03
5.040528633304785217e+03
5.035886687751209138e+03
5.067411371261767272e+03
5.047538027333140235e+03
5.073473578993679439e+03
5.071555363451291669e+03
5.083969011005218817e+03
5.084011557723672013e+03
5.084952225255728990e+03
5.119599475027238441e+03
5.097034532143936303e+03
5.107895296683536799e+03
5.120013373840627537e+03
5.129467251499069789e+03
5.130050673075345912e+03
5.132920214449717605e+03
5.144007748201520371e+03
5.156148300009421291e+03
5.152896733240910180e+03
5.186209130220245243e+03
5.176835541651561471e+03
5.188070134034718649e+03
5.192224872466448687e+03
5.166856159868631039e+03
5.190216723756294414e+03
5.215566793030428016e+03
5.203686638161555493e+03
5.214009517819344182e+03
5.224751181994992294e+03
5.226497327514851349e+03
5.233234780714327826e+03
5.241091254728494278e+03
5.245751503121923633e+03
5.268285886939363991e+03
5.262606381239818802e+03
5.283445109524713189e+03
5.285184264555666232e+03
5.283641804287206469e+03
5.308510268026871927e+03
5.296234380584153769e+03
5.308263394999287812e+03
5.322194278188531825e+03
5.315958534703692749e+03
5.329125616743347564e+03
5.339293275146429551e+03
5.363132328620009503e+03
5.356119222090961557e+03
5.363284834945687180e+03
5.375349591425643666e+03
5.367948374858145144e+03
5.375784606474535394e+03
5.378112013404142090e+03
5.412606994077857962e+03
5.403424478205769447e+03
5.425682504804552082e+03
5.418688782859633648e+03
5.431118941227613504e+03
5.433410892699376745e+03
5.437228285464979308e+03
5.459271715193708587e+03
5.451665073891240354e+03
5.463952986525069718e+03
5.467697631982937310e+03
5.487225112405611981e+03
5.483414896473864246e+03
5.499742904448258741e+03
5.501291134398172289e+03
5.506020888618902063e+03
5.513778342406797492e+03
5.516822728846637801e+03
5.524199705075510792e+03
5.547006368168574227e+03
5.550996857109202210e+03
5.574779277695971359e+03
5.558409406170947477e+03
5.560841629528807971e+03
5.577776343117298893e+03
5.586786236774261852e+03
5.585856307394123178e+03
5.618765053103432365e+03
5.616015901889471934e+03
5.627971521564837531e+03
5.621841289363431315e+03
5.644591191313780655e+03
5.643769660699168526e+03
5.646623650342025030e+03
5.655228779317525550e+03
5.676406033982551889e+03
5.673041659348166831e+03
5.671302331471179969e+03
5.688654445839465552e+03
5.699489771180084063e+03
5.703850593533192296e+03
5.702924581877876335e+03
5.729569613175774066e+03
5.735439414289636261e+03
5.741563449818641857e+03
5.756380746827467192e+03
5.754686586606891069e+03
5.763451827412389321e+03
5.771732043029035594e+03
5.779582918011450602e+03
5.796608698623729651e+03
5.799847141728124370e+03
5.805686791144324161e+03
5.814856870156805599e+03
5.829695230882425676e+03
5.821091422364523169e+03
5.829520345344662019e+03
5.848796060405848948e+03
5.860999805391316841e+03
5.862214249170925541e+03
5.880945543156723033e+03
5.870452503149098447e+03
5.885435049476834138e+03
5.899631358532225022e+03
5.901870070876245336e+03
5.917000794761458565e+03
5.917679390980130847e+03
5.927660871999739356e+03
5.939530163419657583e+03
5.945605039988447061e+03
5.955820839364747371e+03
5.961820539950055718e+03
5.967591001531881375e+03
5.977916406617387111e+03
5.994326171690739102e+03
5.985031000443764242e+03
5.986706615927560051e+03
6.017506333938982607e+03
6.036388097152060254e+03
6.036807897637297174e+03
6.030902571960607929e+03
6.043650479225650997e+03
6.055223197372546565e+03
6.069042110002802474e+03
6.054513557973912611e+03
6.077589995931575686e+03
6.089712749179222556e+03
6.099572583384200698e+03
6.107623183954487104e+03
6.115619845106100911e+03
6.132692742964602076e+03
6.143504963986353687e+03
6.164743208347563268e+03
6.162679607375028354e+03
6.164792923773411530e+03
6.168852843379159822e+03
6.181443771285510593e+03
6.186402201922433051e+03
6.196047960915379008e+03
6.228939212020894956e+03
6.216771529661246859e+03
6.227603634180170047e+03
6.244933063355978447e+03
6.245144341040310792e+03
6.270110205338790365e+03
6.266595845913648191e+03
6.299181408602910778e+03
6.272370867854960125e+03
6.284578542054404352e+03
6.310493253118207576e+03
6.304957058071046959e+03
6.327541433601203607e+03
6.330044816080984674e+03
6.337017695519689369e+03
6.352115810558037083e+03
6.370871942883553857e+03
6.369446969190851632e+03
6.386102378563897219e+03
6.395889902479770171e+03
6.397242306287003885e+03
6.398979939222533176e+03
6.428776648081020539e+03
6.432800335012425421e+03
6.434275576883690519e+03
6.447528057631465344e+03
6.459758368481921934e+03
6.483590446409712058e+03
6.476454706289475325e+03
6.489208053927366564e+03
6.502413927581932512e+03
6.505652312792989505e+03
6.517761083286422036e+03
6.520868403730741193e+03
6.555344263523807967e+03
6.539514840852488305e+03
6.563990340293294139e+03
6.586868456931939363e+03
6.578231558812679395e+03
6.587814759475366372e+03
6.609244169273209991e+03
6.602922910215595948e+03
6.630523347859244495e+03
6.636355448404188792e+03
6.633094641003342986e+03
6.665267504061211184e+03
6.655023474646459363e+03
6.673116383964177658e+03
6.676195756008385615e+03
6.695498176945396153e+03
6.700599819846812352e+03
6.699378668620966891e+03
6.725717858184511897e+03
6.736152163334422767e+03
6.750248756843418960e+03
6.750545464891534721e+03
6.776253535190828188e+03
6.795691995713447795e+03
6.776563013927920110e+03
6.784661079287976463e+03
6.803765924563384033e+03
6.822856801107015599e+03
6.826000158685262249e+03
6.841586095038210260e+03
6.863934566089144937e+03
6.848659295496885534e+03
6.881491073816473545e+03
6.907479635501210396e+03
6.896881853465421045e+03
6.912612044982581210e+03
6.935539419891557372e+03
