8.333741523606114470e+02
8.269091863424055191e+02
8.469265297435617867e+02
8.318597134587158735e+02
8.319331806620202769e+02
8.343088778322062353e+02
8.495789832056218529e+02
8.429824966671197899e+02
8.408116229883155484e+02
8.537603736673822823e+02
8.396374057027485378e+02
8.400457050196265527e+02
8.565923768302643566e+02
8.481179071103082379e+02
8.433036385880242278e+02
8.325419078995955715e+02
8.593038610567541582e+02
8.446878358156075137e+02
8.387825530466859618e+02
8.608337545069258567e+02
8.516125341642577951e+02
8.252682399372342843e+02
8.402602256940670031e+02
8.416986475011935909e+02
8.545241390471049954e+02
8.644990942097997504e+02
8.472604736670435841e+02
8.418650867455286289e+02
8.458854530615280964e+02
8.524014306376453760e+02
8.285483161155577818e+02
8.497752127340237394e+02
8.553675540855163035e+02
8.322478774820211811e+02
8.429570910980642111e+02
8.508802565464729923e+02
8.435862327001769927e+02
8.221998928444697867e+02
8.460287434980359649e+02
8.357952613821018986e+02
8.511253763851648273e+02
8.513893318895075026e+02
8.534024960952392576e+02
8.452012368195250929e+02
8.454295744275510742e+02
8.429516188377283470e+02
8.416880175465760203e+02
8.396223667703948195e+02
8.573950310228888156e+02
8.444828749422301826e+02
8.501491141563142264e+02
8.549926632703134146e+02
8.433395577310825502e+02
8.628658821456322130e+02
8.395043360634145984e+02
8.524986582125995938e+02
8.419985473346005165e+02
8.341296823812219827e+02
8.370420072371979359e+02
8.416827663558264021e+02
8.489873609166357937e+02
8.335011577809046912e+02
8.552223899857174274e+02
8.553976514515184135e+02
8.589425785176988484e+02
8.436953146869246893e+02
8.714827211474455453e+02
8.462657743420352290e+02
8.478704335301736137e+02
8.574135341615769903e+02
8.414974077422261871e+02
8.377192464767729234e+02
8.452451966948628979e+02
8.297848127945385386e+02
8.353500002155491302e+02
8.428606929704840240e+02
8.412058924476000357e+02
8.510034786097623964e+02
8.551384035577475515e+02
8.557251708410639139e+02
8.548586944426845093e+02
8.458559553231812060e+02
8.352967234092297986e+02
8.386437937859359408e+02
8.680993354107249615e+02
8.484562350447895369e+02
8.601315743490177965e+02
8.575589036067719917e+02
8.294381343492635779e+02
8.487481539599807547e+02
8.636175364552063911e+02
8.495539692531974652e+02
8.361773595072443186e+02
8.567426026184366492e+02
8.352170057258772431e+02
8.406039964363442323e+02
8.539706417394090749e+02
8.594151442773313647e+02
8.612574621241300292e+02
8.472293776231431366e+02
8.496161485873290076e+02
8.533433544106410409e+02
8.610839168780682940e+02
8.476471248759407899e+02
8.594492665528484849e+02
8.485983307389554966e+02
8.548887552594703720e+02
8.397821306390103473e+02
8.622855341153281188e+02
8.371083066785176925e+02
8.520723136771989630e+02
8.467377276212548622e+02
8.415865811735063744e+02
8.619292884562732979e+02
8.566444010815312140e+02
8.537274561442832237e+02
8.522194841473076394e+02
8.527428486087399051e+02
8.520256504075460953e+02
8.456444599636889734e+02
8.561687661068535817e+02
8.350395368507886360e+02
8.532013959266525944e+02
8.553408184463737598e+02
8.509049723038913271e+02
8.521867781569574163e+02
8.599469774728920584e+02
8.564526010770791800e+02
8.508881097862764591e+02
8.564481013573335986e+02
8.576629016646916170e+02
8.618854368689112562e+02
8.472716590959234964e+02
8.582008654155033582e+02
8.594447222770747885e+02
8.670034744468476902e+02
8.508817840270878605e+02
8.634465248161436648e+02
8.514860591499441398e+02
8.575337599156413262e+02
8.586099511309655554e+02
8.706852508316064814e+02
8.584779302911681498e+02
8.740354036440638765e+02
8.618792613608693500e+02
8.649201517873950706e+02
8.503322759032411113e+02
8.595172535074098050e+02
8.637675599088336185e+02
8.623835982633308959e+02
8.699293478766935550e+02
8.533738977131969250e+02
8.676566570189272625e+02
8.521463496606938861e+02
8.512758163085286469e+02
8.629857680549339420e+02
8.706572838483912165e+02
8.575834567194735882e+02
8.666006876010629867e+02
8.642448332760613994e+02
8.551732627396473845e+02
8.526787928455105430e+02
8.583738070892012502e+02
8.537050217179163383e+02
8.591325380911029015e+02
8.581257397231257755e+02
8.492674241952280454e+02
8.697329649506543774e+02
8.482427798753478783e+02
8.710237692577088637e+02
8.718435401442256989e+02
8.622847117708538462e+02
8.717911661571589548e+02
8.558506785054833017e+02
8.437484958249565352e+02
8.549972986924033194e+02
8.656261457257908205e+02
8.722216995261248940e+02
8.548499861215625515e+02
8.709802463996327333e+02
8.483122817105764852e+02
8.572586270015635819e+02
8.549191001730896460e+02
8.617833763405409400e+02
8.448417600591358223e+02
8.570018926151076357e+02
8.586476962557436536e+02
8.746189948937631016e+02
8.524935928269053420e+02
8.619882993151959454e+02
8.673882605128322894e+02
8.531407888565486246e+02
8.648609160951267540e+02
8.667776964492106799e+02
8.688120549397854120e+02
8.719881712927650597e+02
8.638170844316269950e+02
8.712919184462715521e+02
8.487763622428615236e+02
8.654120312388264438e+02
8.653694855030312283e+02
8.697872024976434204e+02
8.733830273539863356e+02
8.496906005232748385e+02
8.559616431159317926e+02
8.694408260879151840e+02
8.556711989472357800e+02
8.656251603968728432e+02
8.747414663961042152e+02
8.798920322221124479e+02
8.588569377008263928e+02
8.700424736958884750e+02
8.638214028373364499e+02
8.816671025733423903e+02
8.569983041616046648e+02
8.550474500247879632e+02
8.868232248706993914e+02
8.617689895425312443e+02
8.664581231508070687e+02
8.603502459290771185e+02
8.638574059136833512e+02
8.591763765208900168e+02
8.426516175780474214e+02
8.748745996910740814e+02
8.566745531237199884e+02
8.500001826604160442e+02
8.638309175006057785e+02
8.762633277943738221e+02
8.762115072628083681e+02
8.717125809551781686e+02
8.685045874326397097e+02
8.506529686518694007e+02
8.639056512050976835e+02
8.766382502295223276e+02
8.682443885008470943e+02
8.806805189927422362e+02
8.647590078126532944e+02
8.603467563654248806e+02
8.688097934396156461e+02
8.720083745576231422e+02
8.858464734945591772e+02
8.689690923742257382e+02
8.589469551789975412e+02
8.753357953220217951e+02
8.679880452486399918e+02
8.810251875938221247e+02
8.612508814612668857e+02
8.774579113152626633e+02
8.638370733134483999e+02
8.690747899296807191e+02
8.649398787841021203e+02
8.809903696910869257e+02
8.654117790576897278e+02
8.672502938859438473e+02
8.505507813596478854e+02
8.587706188816835038e+02
8.575030564078892894e+02
8.727882910001487744e+02
8.776292196310753297e+02
8.566883712466396901e+02
8.779392984845136425e+02
8.685942571317104921e+02
8.835457302525852583e+02
8.611309767447647801e+02
8.769427123477146324e+02
8.815857546511356304e+02
8.687297889476244563e+02
8.741293199707031363e+02
8.696059432896311137e+02
8.690144619557233909e+02
8.711386063994389133e+02
8.682397700075065359e+02
8.742860627468542134e+02
8.708620694303958771e+02
8.787115104771960432e+02
8.645516391711132655e+02
8.633996756435217321e+02
8.725237010233317960e+02
8.636759937335723407e+02
8.658411905553030010e+02
8.611872574478056777e+02
8.661289640867423714e+02
8.667351505298937582e+02
8.690243398800499790e+02
8.796920822931064095e+02
8.781328488995635553e+02
8.832410301334775795e+02
8.966034180426763669e+02
8.629378279082150129e+02
8.783820891095102752e+02
8.699944091537661279e+02
8.615656833390596603e+02
8.577556595680140390e+02
8.679826635785591407e+02
8.858182403036953474e+02
8.830141912491055791e+02
8.774593048218572449e+02
8.802041685897271464e+02
8.646263800057005255e+02
8.904489781213195556e+02
8.853248449774393976e+02
8.718843187044434444e+02
8.663517834859071627e+02
8.923064676484302709e+02
8.658209256046673090e+02
8.914283357103906837e+02
8.686598100922325330e+02
8.743904712785601987e+02
8.666520555857510999e+02
8.641860820880624487e+02
8.827749386936638984e+02
8.689289557809232747e+02
8.841130193947608404e+02
8.917509534491998693e+02
8.786390231642833442e+02
8.731308194354062380e+02
8.824181956765344239e+02
8.814438721584696168e+02
8.661333642487182942e+02
8.872117604955035404e+02
8.922094815485713752e+02
8.891514598193352867e+02
8.709280973470876006e+02
8.779316841804438809e+02
8.811035474798604810e+02
8.682967373197395773e+02
8.937511892240560201e+02
8.624017687939517600e+02
8.859667795462182767e+02
8.769623486281774376e+02
8.919130344573027287e+02
8.691314608016518832e+02
8.721239635076416334e+02
8.810579388349100327e+02
8.737023874285948750e+02
8.782748398841283688e+02
8.721982816744930460e+02
8.780935961199904796e+02
8.856271604222284850e+02
8.807984842996270345e+02
8.803518521774727787e+02
8.752713130255647229e+02
8.780943078400316608e+02
8.854924876010497883e+02
8.727727495191890057e+02
8.994441233242330327e+02
8.804236349565649107e+02
8.809934220469000365e+02
8.887390528640501088e+02
8.895207346697591220e+02
8.911943291094491997e+02
8.854107658142499986e+02
8.798456694945116396e+02
8.707405192774688203e+02
8.839905055933151061e+02
8.792677227701428819e+02
8.803235520977048054e+02
8.864726595576576074e+02
9.064316847334157501e+02
8.781659649680264010e+02
8.702775004956082512e+02
8.782681417649866944e+02
8.807487451600838995e+02
8.901253945590053718e+02
8.934079700485788180e+02
8.946608377916661539e+02
8.792317624393901951e+02
8.829442560951251835e+02
8.789584449057795155e+02
8.900226493514811636e+02
8.756467417180492703e+02
8.819085683921434793e+02
8.839278837742070891e+02
8.857504511166825978e+02
8.725115236999344006e+02
8.836261302476095807e+02
9.057954160264614529e+02
8.833780141246012363e+02
8.706052408641176044e+02
8.799602194867767366e+02
9.013189173456544268e+02
8.790805402290443453e+02
8.817220154571895137e+02
8.814482917618431657e+02
8.871688928676762771e+02
8.818873274868926728e+02
8.982896056680535821e+02
8.796236339482923086e+02
8.816854841986958036e+02
8.863557836857457914e+02
8.898875271387398698e+02
8.975825027555828228e+02
8.911364414833195724e+02
8.877531203571910510e+02
8.861674528220898992e+02
8.854692903070877037e+02
8.712358718583658401e+02
8.874677931548922061e+02
8.882269867140693123e+02
8.871256349913770691e+02
8.934670841295204582e+02
8.730603834347940619e+02
8.709754899744144723e+02
8.814544680302944926e+02
8.767179612243340898e+02
8.901421853182994255e+02
8.940465581008617164e+02
8.743669408511816528e+02
8.901880534379689607e+02
8.875151986645041688e+02
8.903409135812821660e+02
8.802020824812311730e+02
8.847740289428177221e+02
8.865555637646193645e+02
8.766716516494764164e+02
8.887124855910457200e+02
8.790744513568899947e+02
8.850024936645816069e+02
8.802213968900180134e+02
8.917232699637210089e+02
8.776591074200366620e+02
9.081590657889707927e+02
8.828474736442399262e+02
8.785394244595183864e+02
8.757056152805874945e+02
8.835741177322536259e+02
9.041568909846091628e+02
8.835482585551690136e+02
8.950028534832111973e+02
8.891392562847275940e+02
8.894511963437946633e+02
8.917002046512413926e+02
8.785680062338988137e+02
8.978444321764753795e+02
8.962323693700734566e+02
8.976638726536142485e+02
8.869229843446503310e+02
8.787785704662196622e+02
8.805327190473703922e+02
8.849616782262007746e+02
8.767157180025337766e+02
8.924537727477256794e+02
8.831811021299668027e+02
8.902499540454946327e+02
8.758562639947342632e+02
9.017489771912764809e+02
8.955046442328264220e+02
8.970738944187223751e+02
8.844508832514773076e+02
8.888151443866323689e+02
8.706447398636485104e+02
8.768594170203602971e+02
8.896188817640149864e+02
8.898142001629661308e+02
8.894436424096084011e+02
9.014459855412451361e+02
8.811010543518600571e+02
8.972261812504253840e+02
9.017971146050113020e+02
8.992598820836238929e+02
8.777316143293359119e+02
8.854841084716550768e+02
8.983121716951961844e+02
8.906212261104232084e+02
8.923751158924724223e+02
9.060071478087461401e+02
8.831447740560256534e+02
9.024097531562058521e+02
8.908991744885129265e+02
8.981482689175375071e+02
9.081486138264799592e+02
8.905672531599683452e+02
8.957073470375758006e+02
8.794510337024121327e+02
8.988174817433207409e+02
8.889147050499320812e+02
9.015355851460951726e+02
8.952145804701893894e+02
8.948485368328451841e+02
9.076782038343344539e+02
8.910866414134357001e+02
8.845744368047330681e+02
8.855145889626812732e+02
9.053708972133088082e+02
8.892111192618264113e+02
8.918501515074401595e+02
8.976257753846091418e+02
8.980320333198544631e+02
8.912006586606645442e+02
8.946926993081333421e+02
8.864316533135697682e+02
8.734958755603111058e+02
8.969625555100349175e+02
8.984672658884276188e+02
8.867738944728888555e+02
8.950494998373642375e+02
8.996041751983957511e+02
8.997519422954790116e+02
9.067128167477738998e+02
8.944371802685595867e+02
8.991378043747105266e+02
8.796737121804976596e+02
8.881820197405670569e+02
8.954540975342138154e+02
9.006672024021291918e+02
8.961240561251981944e+02
8.872457809072486725e+02
9.051106549385510789e+02
9.006977023177714727e+02
8.946754529679044481e+02
9.180958904476676707e+02
8.799506416737210657e+02
8.891695297192106864e+02
9.128738490672034231e+02
9.136854734365133481e+02
9.013132190020201051e+02
8.963579371399481488e+02
8.946473815577155619e+02
9.070159079735115029e+02
8.824206944755512723e+02
8.949422066782835827e+02
9.046910990129010770e+02
9.095179362746760034e+02
9.035948465569600785e+02
8.985217195532526375e+02
8.911424756288920435e+02
8.982873128828684912e+02
9.005542026243906548e+02
9.146103031404479680e+02
8.827873822756446316e+02
9.048766752980798174e+02
9.170631860979508474e+02
9.073847720781807311e+02
9.049894737858576264e+02
8.939069241444863110e+02
9.225627101699549257e+02
8.856428281814235106e+02
9.034491097817760874e+02
8.892978320388497195e+02
8.923219484847102194e+02
8.927708958541647917e+02
9.150548517922345582e+02
9.073146717225670272e+02
8.892611232935558974e+02
8.986771559838643952e+02
9.104147319607475310e+02
9.139971323190300154e+02
9.054781916559745696e+02
9.016468778374853628e+02
8.907965446353443895e+02
9.010481766531307812e+02
8.911127916099519553e+02
8.940285670964169640e+02
8.972684160230571706e+02
9.050763391131094977e+02
9.079107043837900619e+02
9.001029782193670599e+02
8.968057230754507145e+02
8.965339434524250919e+02
8.989547118691689320e+02
9.056085798468668600e+02
9.072968132760820481e+02
9.029321439209256823e+02
9.087870528256050875e+02
9.071602295254091359e+02
9.103300209625983825e+02
9.065054839289473421e+02
9.040729046005410510e+02
8.839195390938094761e+02
9.102609317293137110e+02
9.054427724159052104e+02
8.891926977735747641e+02
8.990158443644753561e+02
9.021418715039511653e+02
8.957611516426787830e+02
9.124656858774974353e+02
9.039173946071412047e+02
9.038824885480701141e+02
8.925535533355086955e+02
9.133347828351189719e+02
8.972717304274450498e+02
8.948811047489693919e+02
9.050211858422057958e+02
9.032452666182800840e+02
9.069561686923686921e+02
8.883991416873759590e+02
9.009029497358415028e+02
9.041080588363013248e+02
9.038938561396707883e+02
9.080305916221618645e+02
8.973652733406332800e+02
9.210297263005676314e+02
9.083800189681455777e+02
9.110991050214454390e+02
9.163828732602255513e+02
9.158576463702684123e+02
9.105654873035055061e+02
9.015761764453961860e+02
9.251022965372001181e+02
9.020379661754404879e+02
9.016956802909228372e+02
9.110391887274563487e+02
9.213133341666311935e+02
9.132943315755959475e+02
9.119224232962017140e+02
9.174064437886640917e+02
9.016292547023347197e+02
8.842134446449065308e+02
9.103791926050782877e+02
9.268506132618692845e+02
9.108275490177508118e+02
9.149728935401890340e+02
9.040011522822456982e+02
9.139162740318364513e+02
9.162717915278290093e+02
9.106053070535663210e+02
9.220048487097274119e+02
9.065592551675376853e+02
9.146233178106294872e+02
9.071755357121189718e+02
9.116643289891492259e+02
9.155871908369640551e+02
9.152807167252979070e+02
9.192637809122716135e+02
8.922056098113914686e+02
9.030895311881346288e+02
9.279771016831107318e+02
9.203733014047036249e+02
9.095271010507634628e+02
9.281303730031560235e+02
9.106847683836892884e+02
9.166252569063475448e+02
8.996324594192514041e+02
9.120990079828567332e+02
9.039921375381420603e+02
9.073784739639634154e+02
9.125783054233443181e+02
9.104186360268805629e+02
9.171534655222155834e+02
9.270634960284443196e+02
9.077940650201296648e+02
9.189096424580682196e+02
9.138913944527745343e+02
9.221221991615334446e+02
9.143892916237414283e+02
9.177429956279371481e+02
9.214517882299928715e+02
9.143002326563037059e+02
9.203642382432076374e+02
9.192298011536577178e+02
9.167890680681005051e+02
9.236146947900990654e+02
9.159458864679347698e+02
9.049655191722523568e+02
9.253080359026482711e+02
9.100726133262248823e+02
9.217961357050530751e+02
9.114473868434088217e+02
9.160818411848404139e+02
9.199239526975138688e+02
9.127275482747277238e+02
9.184198591535755440e+02
9.107038724853646272e+02
9.031666770250003538e+02
8.964855690114977733e+02
9.159138649893511683e+02
8.984390472531349587e+02
9.079449138546724498e+02
9.239888843814064785e+02
9.035237400452144811e+02
9.208995282326121696e+02
9.174275154628396649e+02
9.210598404023228341e+02
9.116871567931666505e+02
9.306202090523966035e+02
9.187310792227344791e+02
9.233913226462452712e+02
9.122083558318149699e+02
9.107322089708912927e+02
8.938862879298110329e+02
9.272241244097372146e+02
9.376918580748192653e+02
9.177970939500225995e+02
9.230497402847801141e+02
8.907457229202773306e+02
9.140920780495046074e+02
9.297403106913068314e+02
9.151314602158228126e+02
9.236564931597645227e+02
9.192478373191949004e+02
9.223997421881097125e+02
9.270608059757512365e+02
9.154548953204209738e+02
9.158580407364313487e+02
9.213720034004625177e+02
9.197068899376808986e+02
9.321100014065518735e+02
9.134038464345827606e+02
9.126274514453723441e+02
9.096331751146170745e+02
9.354898093651340787e+02
9.136365307000878602e+02
9.133198743968538338e+02
9.202763667000290297e+02
9.240451244346502335e+02
9.028231533256234798e+02
9.273728357165072111e+02
9.202336207567650490e+02
9.220799264383447280e+02
9.118749313579282898e+02
9.130586242395035015e+02
9.188517292738551987e+02
9.254321100588975924e+02
9.125001543201810819e+02
9.145539788538948187e+02
9.233663485317274535e+02
9.161438583444170263e+02
9.196872387889778793e+02
9.280986607746040136e+02
9.294581932892042460e+02
9.116731646895207177e+02
9.313631755487550663e+02
9.352907313962207354e+02
9.344043466536339793e+02
9.105668094789798488e+02
9.224523203389638866e+02
9.331911157646495667e+02
9.168105260655679558e+02
9.197736424984079804e+02
9.373622455076410915e+02
9.257234118639062217e+02
9.240372981985156002e+02
9.308283414806595601e+02
9.418286256524979763e+02
9.193886222429675854e+02
9.232047694918087473e+02
9.249307615439729489e+02
9.244120402745527372e+02
9.173827456732279870e+02
9.375062139215012849e+02
9.243876033989604366e+02
9.290560254971064751e+02
9.143533311309795408e+02
9.103546508896026808e+02
9.159104470548606969e+02
9.231606142717078001e+02
9.115756748101628091e+02
9.374610542278878711e+02
9.279551377342851310e+02
9.193714804748719871e+02
9.344665746956059138e+02
9.302877101973148228e+02
9.092304058007935055e+02
9.253050768804370136e+02
9.259965025813307875e+02
9.242270537400829653e+02
9.286678560415460879e+02
9.303274000468520626e+02
9.213495415537722693e+02
9.177011265188118614e+02
9.298232042091464109e+02
9.230437554765426285e+02
9.374428966549912730e+02
9.347977738504715717e+02
9.317975818115475022e+02
9.194942265338033849e+02
9.252486713057071483e+02
9.364241474256881475e+02
9.100935278798972377e+02
9.331425388730182249e+02
9.204673392508428833e+02
9.153829951517946029e+02
9.114419255281950427e+02
9.345285969766222252e+02
9.292559197537705131e+02
9.271561872937872977e+02
9.243286465394555762e+02
9.338538165360018866e+02
9.104904281301010087e+02
9.403029035707290859e+02
9.349693050936393774e+02
9.253838936432055107e+02
9.313827130642760039e+02
9.321539218361815529e+02
9.329827868855797988e+02
9.272912991722412244e+02
9.355915752494295248e+02
9.189557708666727649e+02
9.349295300885870574e+02
9.274093924728156253e+02
9.188111347024836277e+02
9.322982865354099431e+02
9.304915184492198250e+02
9.394751521255914213e+02
9.223600479879952445e+02
9.238844418154958475e+02
9.259629928593680006e+02
9.331474023036580547e+02
9.374456521940833227e+02
9.327710423042954062e+02
9.307881570076378921e+02
9.292842442332140536e+02
9.187591341099417832e+02
9.370110174412982360e+02
9.297196857050710150e+02
9.381785015852765355e+02
9.333625591610943957e+02
9.291371894058922862e+02
9.264971888210720863e+02
9.291231739985141758e+02
9.331321339104006256e+02
9.400431493964097172e+02
9.365922655393183049e+02
9.250002933427811058e+02
9.279109254085108205e+02
9.322652066223132579e+02
9.341609050507809116e+02
9.257481650048321171e+02
9.226241625196089444e+02
9.378938503974753758e+02
9.256603411364933436e+02
9.266292577130255950e+02
9.389604584470978352e+02
9.379939237595003760e+02
9.219254963921550825e+02
9.402320776868791654e+02
9.347641043911287397e+02
9.313577034376829715e+02
9.455029354425411157e+02
9.380018791182146742e+02
9.505871369902157539e+02
9.481704542780421434e+02
9.251162606576665439e+02
9.426821581415965738e+02
9.388700800604167398e+02
9.373235219798488060e+02
9.148254791984314807e+02
9.411511112018058611e+02
9.510948585982515624e+02
9.383805782334636660e+02
9.396857502825107531e+02
9.618410485842587150e+02
9.370766443908332803e+02
9.216360166287754510e+02
9.299481474466135751e+02
9.442758517093482169e+02
9.444842122331697283e+02
9.252397057277776184e+02
9.451109482152712644e+02
9.278554026973188229e+02
9.433256930238864015e+02
9.288928190678191186e+02
9.453083986370224920e+02
9.454846089962182987e+02
9.334638902864203374e+02
9.410825060602010126e+02
9.446215438120102590e+02
9.414116883164675755e+02
9.468861151191424597e+02
9.461449292409286045e+02
9.437281090793345584e+02
9.323678228075353900e+02
9.338764545795585263e+02
9.355832991971180945e+02
9.406736989942410219e+02
9.578169298224166823e+02
9.356442032864620160e+02
9.443054136673911216e+02
9.412280680064346825e+02
9.387466905270366624e+02
9.409012043040804656e+02
9.461806504763792418e+02
9.476731771527709043e+02
9.315057905741973627e+02
9.439497096994731464e+02
9.436726196826182331e+02
9.594255735737476698e+02
9.488672832155591550e+02
9.420373424404804155e+02
9.487830328264813033e+02
9.408136580521090764e+02
9.369016633070102671e+02
9.521982191810336644e+02
9.220815672561309384e+02
9.387374992850848230e+02
9.352653523674310918e+02
9.465404956224610942e+02
9.283877495300625924e+02
9.371911009388400089e+02
9.433304768219636571e+02
9.323251330421253442e+02
9.279530236994793313e+02
9.260766001850388420e+02
9.457799943042175528e+02
9.333604978812222726e+02
9.388854657323906849e+02
9.540873529953671550e+02
9.431511311970978113e+02
9.362714616278451558e+02
9.436038689301808517e+02
9.448570921995726621e+02
9.535452125443523528e+02
9.608485625029622952e+02
9.275144090434491773e+02
9.365024189141587385e+02
9.454696348511333781e+02
9.467901425283348544e+02
9.455848242983543059e+02
9.403027440341041938e+02
9.474222039979138117e+02
9.471390464378603156e+02
9.523599243514215686e+02
9.257001731590823965e+02
9.545199789229671978e+02
9.353687797885459076e+02
9.446351669876519281e+02
9.370707482332451264e+02
9.383494176463798340e+02
9.481244119190710080e+02
9.317831062245800240e+02
9.439490011474709945e+02
9.382904738558279405e+02
9.562110188055789877e+02
9.366930095339024547e+02
9.419723579067848505e+02
9.508548158882430243e+02
9.441700557470294370e+02
9.563509807587804517e+02
9.534629842733711484e+02
9.430346669161574482e+02
9.589034049105213171e+02
9.394084225631194158e+02
9.473548236551391710e+02
9.456244673200903890e+02
9.454876830968129298e+02
9.589703513244747910e+02
9.356812646897004697e+02
9.513987695619432543e+02
9.556270951525875716e+02
9.514266311219749923e+02
9.562542118596718410e+02
9.443081015879978395e+02
9.419924497736790272e+02
9.467725614135513297e+02
9.354238877500222316e+02
9.623346792408894999e+02
9.468619261545788959e+02
9.553282906663354197e+02
9.344340784643040934e+02
9.372276388518001795e+02
9.551931065802581315e+02
9.506860276081756638e+02
9.540466977939659046e+02
9.661319965832653907e+02
9.569311111886080425e+02
9.602539174043401999e+02
9.485983230028832622e+02
9.381916493356741285e+02
9.485634776742522263e+02
9.353617750148628147e+02
9.512114681938514877e+02
9.461554072698369282e+02
9.513999931436648012e+02
9.429733556943995154e+02
9.574999939005972465e+02
9.679982502964644482e+02
9.425621424553763745e+02
9.373234027099921377e+02
9.427791028367171293e+02
9.433352389092508474e+02
9.519158417659391489e+02
9.527101220405650110e+02
9.520350557813721935e+02
9.474975599491591538e+02
9.381989435077034614e+02
9.470490690893948340e+02
9.432186804407429008e+02
9.501478786989810033e+02
9.626618024186227558e+02
9.438845025186403745e+02
9.356789901619254124e+02
9.520560936365877751e+02
9.597605390886956229e+02
9.417679488113940351e+02
9.388977050186806537e+02
9.585529746645916020e+02
9.708001618454190975e+02
9.553744351897125853e+02
9.523791089572063129e+02
9.530624901021947153e+02
9.647515694543219524e+02
9.475190887607659533e+02
9.638574854346232996e+02
9.521345791824866183e+02
9.558061592254555308e+02
9.432634115040832512e+02
9.552804424822115834e+02
9.457530033225186799e+02
9.572232777597854465e+02
9.682182387894388285e+02
9.466563812700856033e+02
9.526092131088099677e+02
9.585203147305267066e+02
9.633818867164388848e+02
9.526460018129878335e+02
9.640853978800444111e+02
9.622661821082772349e+02
9.632758826314349108e+02
9.547645417450582954e+02
9.406727188624685141e+02
9.619106391655576545e+02
9.540233542697114899e+02
9.572864641696587569e+02
9.467252241916739877e+02
9.451048158150254039e+02
9.646028045761649992e+02
9.396525534593849898e+02
9.504239127890389227e+02
9.783980224117374291e+02
9.394594653030537756e+02
9.575958320906777317e+02
9.519913328609417249e+02
9.651056314657938628e+02
9.664837057026837783e+02
9.389037663646981855e+02
9.537104295246582524e+02
9.295129419076426984e+02
9.496908470672185558e+02
9.546987073279746028e+02
9.549424796433718257e+02
9.424423443064861203e+02
9.678086024578977913e+02
9.510074481492724772e+02
9.581440854237961275e+02
9.585242571360331567e+02
9.530544853082958525e+02
9.776918464078224815e+02
9.620414316923969409e+02
9.583615148125343239e+02
9.533428817260260075e+02
9.605244421902687009e+02
9.597382190059265668e+02
9.690746415025113265e+02
9.601060305887629056e+02
9.582329300611062308e+02
9.588641457282686815e+02
9.477591646879147902e+02
9.592527219627615978e+02
9.616427263272055370e+02
9.616130936380116054e+02
9.631130508406370154e+02
9.584176694367615710e+02
9.488001539405033782e+02
9.710356969046699760e+02
9.627886324104537152e+02
9.663668687194854101e+02
9.575655914165685090e+02
9.445557600549456083e+02
9.527557149813167143e+02
9.618346307250938025e+02
9.516447191572434576e+02
9.829262118573485623e+02
9.651211379099714804e+02
9.558231808870452824e+02
9.663590724914030261e+02
9.676235038013489884e+02
9.582638181285396968e+02
9.669308792200589551e+02
9.650755797178328521e+02
9.611139990142893339e+02
9.743022025408884019e+02
9.582121195440280417e+02
9.578707331508545622e+02
9.789069290986863052e+02
9.648249065600564336e+02
9.555720508996545277e+02
9.793749981682415182e+02
9.592539638820594519e+02
9.659630143931815383e+02
9.464851386622246991e+02
9.656562556506564761e+02
9.701339118517317957e+02
9.679636281258701729e+02
9.579965682007211853e+02
9.654733729386355208e+02
9.815889480556446642e+02
9.607964728847539391e+02
9.721599084481917998e+02
9.539730525827578731e+02
9.553204292648517821e+02
9.621972608025000682e+02
9.510546858802797487e+02
9.705383623609956203e+02
9.702245494654845288e+02
9.769676048976813263e+02
9.548485833705199184e+02
9.826944208603675861e+02
9.631212858712297020e+02
9.552756444408132666e+02
9.822559724477894179e+02
9.577561765626247734e+02
9.667865777723486644e+02
9.618822490202589961e+02
9.544308667688835612e+02
9.594633421078726769e+02
9.754822533182966708e+02
9.661750014867208165e+02
9.694448821721505283e+02
9.693751779238813242e+02
9.893749350021136024e+02
9.560543330822802091e+02
9.725881126891192707e+02
9.640643219373166630e+02
9.663542079336109509e+02
9.723861259322446813e+02
9.619678947627318166e+02
9.743697753831024784e+02
9.582031329245943425e+02
9.806473896811435225e+02
9.568478274525076586e+02
9.566037552149077783e+02
9.579213810341710769e+02
9.735787568412692963e+02
9.616665750517190645e+02
9.502783578875494186e+02
9.873309856469604711e+02
9.689047248419170728e+02
9.648730313213576437e+02
9.757148340746920212e+02
9.652728510918584561e+02
9.642200949841842430e+02
9.675273654943277961e+02
9.673178549700676285e+02
9.595416145702031372e+02
9.774802222436201191e+02
9.759182915510116345e+02
9.687293867271830550e+02
9.599743907647805372e+02
9.688431997975551440e+02
9.591180098898735196e+02
9.763532488604698756e+02
9.760899375033344540e+02
9.805773270278290283e+02
9.617281000517076563e+02
9.767865791869453460e+02
9.832894848239965313e+02
9.627536368755189642e+02
9.676043675532437192e+02
9.661698020353956053e+02
9.730932479554337533e+02
9.605455402497506157e+02
9.788569741030144087e+02
9.680856879142841080e+02
9.798396898969732547e+02
9.549779897960097514e+02
9.738981342179171179e+02
9.652466889130672598e+02
9.589530951731373989e+02
9.681928933717076688e+02
9.757540392454889115e+02
9.637078715948327954e+02
9.704146910876356742e+02
9.819507770086117944e+02
9.741950929392113494e+02
9.746023233720026155e+02
9.639999915970003030e+02
9.867408953667255673e+02
9.725273007943641232e+02
9.735923769403445931e+02
9.633567170954061112e+02
9.717071318673590667e+02
9.782872141256998475e+02
9.689443206868472771e+02
9.724342347671210973e+02
9.817378938045355881e+02
9.706024739861609305e+02
9.764804758202649282e+02
9.882695919516022514e+02
9.799911893290916396e+02
9.907820752239190369e+02
9.615286484892162662e+02
9.626576473347089404e+02
9.846510185681256644e+02
9.765830382588685552e+02
9.968920598158272242e+02
9.684991802548697706e+02
9.687787490893637141e+02
9.717827631399156871e+02
9.739344664674368914e+02
9.740022335290726687e+02
9.715367203593755221e+02
9.799568160050579309e+02
9.755622247198922423e+02
9.761982645615919409e+02
9.787464787879907817e+02
9.833218356631321058e+02
9.726804688170407189e+02
9.848408821037623966e+02
9.704826291967840461e+02
9.564914095812794130e+02
9.914568236753846122e+02
9.662205496222420607e+02
9.879669894908140577e+02
9.863579925367062060e+02
9.706968842935896191e+02
9.663678834545460177e+02
9.870834837229632512e+02
9.856649713879969568e+02
9.796656964732715096e+02
9.784691637444764183e+02
1.001002874711043887e+03
9.875793112776348153e+02
9.884307513223218393e+02
9.620934596831473300e+02
9.711208475346952582e+02
9.817858718744109865e+02
9.550012287283456089e+02
9.791809644516149547e+02
9.820358269194114200e+02
9.787182418815448273e+02
9.850567077689513553e+02
9.694635133714702988e+02
9.971429597515628984e+02
9.873430704104531515e+02
9.630748037614616806e+02
9.898608001727316150e+02
9.836515362895875114e+02
9.780392891605133627e+02
9.679995567229843800e+02
9.823167118867761474e+02
9.705686760086975937e+02
9.827005933699932712e+02
9.801413751301153070e+02
9.846829570637330562e+02
9.942993590024182140e+02
9.838735890834689144e+02
9.754558394807903596e+02
9.797844477884061689e+02
9.865600811902029363e+02
9.737448855011823525e+02
9.825608124937045886e+02
9.892427698984779454e+02
9.709549392557626106e+02
9.772456643079760852e+02
9.721706357022251268e+02
9.851855745406741107e+02
9.843246402575907723e+02
9.740172166986790216e+02
9.829696480283755591e+02
9.791576578877441079e+02
1.000544811942484671e+03
9.961000268757952654e+02
9.749770067309893875e+02
9.753181502542749968e+02
9.734386053185955916e+02
9.895624008232728102e+02
9.918470517099840436e+02
9.732961438753821994e+02
9.696826614427609456e+02
9.780255587106346411e+02
9.807497431965261967e+02
9.732362324425245106e+02
9.905280938913406317e+02
1.002747406065056794e+03
9.795628185193236277e+02
9.812087672875020417e+02
9.928384619490670957e+02
9.791675944063454153e+02
9.940798678797434604e+02
9.963693059858021570e+02
9.992133613198377589e+02
9.986156190402892889e+02
9.690274561421756516e+02
9.997755436092659238e+02
9.838719577216858170e+02
9.957196337761388349e+02
9.762672435184442747e+02
9.943278667742190464e+02
9.907808054754821114e+02
9.896825481039674060e+02
1.004794094862794736e+03
1.000753463296497102e+03
9.780119232079173344e+02
9.863569450280558613e+02
9.889286071160227038e+02
9.882651002279267232e+02
9.938545742772319045e+02
9.761022903073666157e+02
9.965068674565231959e+02
9.731706098283069650e+02
9.697504572580589866e+02
9.834926283476811477e+02
9.996909998082981019e+02
9.823368892218004476e+02
1.000361653287141280e+03
9.871049165114832249e+02
9.899722123912401912e+02
9.835270911993633263e+02
9.797650741584500338e+02
9.717646700919448222e+02
9.877022834843694454e+02
9.803515172877374653e+02
1.001963603534279628e+03
9.883488604328556448e+02
9.869664363605008930e+02
9.897653131529827988e+02
9.908162179496139288e+02
9.852639186187138876e+02
9.971493474735340214e+02
9.839811132455221241e+02
9.781790858540882709e+02
9.919669929344729553e+02
9.859503511606760640e+02
9.915850193821593166e+02
9.908042058874921167e+02
1.000882007322510617e+03
9.961909199809472284e+02
9.841847761491324036e+02
9.775941569142471508e+02
9.956410653594441555e+02
9.876403464570669257e+02
9.790317332067590996e+02
9.967378978815044093e+02
1.000067411398712352e+03
9.886483517490705708e+02
9.865116554735029695e+02
1.004378085827477435e+03
9.824943792704923453e+02
9.957750722737051774e+02
1.004574808753861703e+03
9.855639091626661639e+02
1.000117077226464062e+03
9.906724919492849040e+02
9.891004321834388975e+02
9.892428092420865369e+02
9.826602777136245095e+02
9.857901568734288276e+02
9.971643301835854345e+02
9.852562202032281675e+02
9.976879462479962513e+02
9.971231106581799395e+02
9.754477300041901344e+02
9.971724781358433347e+02
9.869515354935431333e+02
1.004275701145473022e+03
9.949997923908200619e+02
9.993860253826426288e+02
9.946285840765775674e+02
9.899350931060254197e+02
9.870458189943956313e+02
9.840117806328543111e+02
9.851820404157485882e+02
9.952185665068359413e+02
9.905230487013184302e+02
9.914393981827208790e+02
1.002145033761752302e+03
9.857898444227823802e+02
9.972944202755124934e+02
9.935549433737251093e+02
9.984948963885140074e+02
9.880616753881009799e+02
1.004880301517047883e+03
9.921840050278910894e+02
1.006653047992640609e+03
1.001967998613112741e+03
9.916027800814454167e+02
9.863393015241281319e+02
9.945777927245923138e+02
9.734838228075384450e+02
9.941822468551304155e+02
9.859702216588034389e+02
9.994541903392487256e+02
1.008929682897634848e+03
1.013551763010490959e+03
9.964671838609533552e+02
9.871872423632235041e+02
9.963443321315953654e+02
1.014868216570775076e+03
9.862664241739944373e+02
9.997634838154167483e+02
9.836733382438847002e+02
9.817462852521117611e+02
9.829437493872089817e+02
1.001139520703563903e+03
9.883684262793599373e+02
1.013028450247974888e+03
9.905647483778338938e+02
9.827605418766563616e+02
9.951562180379454503e+02
1.001381924264794634e+03
9.979616262829024436e+02
1.007900982306804963e+03
9.900640922960567423e+02
9.909417895246351691e+02
9.885886974042359725e+02
1.005027574919355857e+03
1.008655462120934317e+03
9.940701718156690276e+02
9.943148059151493499e+02
1.008128371033525696e+03
9.918120234368411730e+02
1.008701197310296720e+03
9.969212884168266555e+02
9.798623235670245322e+02
1.001029565092783173e+03
9.949915636462051225e+02
1.005726140318756052e+03
9.824144959228910921e+02
9.910425645844597966e+02
9.817341518272468193e+02
9.978872028840681878e+02
9.935047625455003981e+02
1.010496618281823430e+03
9.928779782890687784e+02
9.849126325500174062e+02
1.011933686802428610e+03
9.997587212038729376e+02
9.955459925646218835e+02
9.945962815218039168e+02
9.971990121453418396e+02
1.012725716365497192e+03
9.908386188627821412e+02
1.020528594073100294e+03
1.002203654975792574e+03
9.974251925227188167e+02
9.954139940801671855e+02
9.980433673259103671e+02
9.863470946438440023e+02
1.008363166715482521e+03
9.996782991735184396e+02
1.002587695483096240e+03
1.010996469007710743e+03
1.006795771197195791e+03
9.971032027842140906e+02
9.952532423960618644e+02
9.993066917985800046e+02
1.027159936372898301e+03
1.000340285430148924e+03
1.002775386683988927e+03
9.963114750816819196e+02
1.012069713071265141e+03
1.007790789653102365e+03
1.011310607185681874e+03
1.002720554441985769e+03
1.001524372046496069e+03
9.975670246690172007e+02
1.006459306371441926e+03
1.003287261175423964e+03
1.004518284431384586e+03
1.003505538555404087e+03
1.005057162142188417e+03
9.960146965357041609e+02
1.006110929405612865e+03
9.975734805219549344e+02
9.874283942364918403e+02
1.002972039599949539e+03
1.002133670664857618e+03
9.964343630081848460e+02
1.005699401036156587e+03
9.960028548579659855e+02
9.970865038416527568e+02
1.006912325811276787e+03
1.011635929539205108e+03
9.991894531025197921e+02
1.013339208503976351e+03
9.856188155583846537e+02
1.007271858745543000e+03
9.946169934461468074e+02
1.008718260020190428e+03
1.003539265254554493e+03
1.000662714907735108e+03
9.974621546067514828e+02
9.953059632234524088e+02
1.019228267841671368e+03
1.000899603594728887e+03
9.967617764117197794e+02
1.008707678187741749e+03
9.919322416712636823e+02
9.911219388883323518e+02
1.005917220671710311e+03
1.016138812849351439e+03
9.981051036427753615e+02
1.015461022258139792e+03
1.010853822508161556e+03
9.917503386362918718e+02
9.980024437458209832e+02
1.013747702801173318e+03
9.924410501531112914e+02
1.007729567779941021e+03
1.011929877657296515e+03
9.991274090594952213e+02
9.983381735058683262e+02
1.012678660818423396e+03
1.017536784917857290e+03
1.004572260842475771e+03
9.842753155589075504e+02
1.000861224998990224e+03
1.004712302287867487e+03
1.000885984741244215e+03
1.012593099989291545e+03
1.013583516570698293e+03
1.003397149519279196e+03
1.009999059660673538e+03
1.033370156410579057e+03
1.019993594965135912e+03
1.011496183022819878e+03
1.015312288066277006e+03
1.011403421477495044e+03
1.012855642190285380e+03
1.006111561709593843e+03
1.013400058923171969e+03
1.001362113963834076e+03
1.011486712944544138e+03
1.023797696958620236e+03
1.006595359489223824e+03
1.027096955547394145e+03
1.014331935428916609e+03
1.017180732725655162e+03
1.002135366936536911e+03
9.913423833811991699e+02
1.012868584410170456e+03
1.004737869244482454e+03
1.041016427156997224e+03
9.990492703759659889e+02
1.010918899810493485e+03
1.020533150912892324e+03
1.007773901287235731e+03
1.016194807150182442e+03
1.005202360672792906e+03
1.014417228316362298e+03
1.007448387696624195e+03
1.022756178853608390e+03
1.010769219501805765e+03
1.003580887573508562e+03
1.000639983126089192e+03
1.027778426291898995e+03
1.027356722503808442e+03
1.007292604252867704e+03
1.008718161557584608e+03
1.017028162271071210e+03
1.021725155365401861e+03
1.010369133593644619e+03
1.003859665562019927e+03
1.006351432459327839e+03
9.877971824335822930e+02
1.011716576945545057e+03
1.014768797817158202e+03
1.006199674185943650e+03
1.005200957907500651e+03
1.022418041183362789e+03
1.011329989131617594e+03
1.003204897098484253e+03
1.012779045018026864e+03
1.019208619876144326e+03
1.006231832964082741e+03
1.028022561137233652e+03
1.006056068455762215e+03
9.924541981274892350e+02
1.006443694452314048e+03
1.023762357470359916e+03
1.017459340618265287e+03
1.017608009585532955e+03
1.013285904029823200e+03
1.011490904334895049e+03
1.010374108326187752e+03
1.011447742740162539e+03
1.009250968314231841e+03
1.029538432766034020e+03
1.020879382564913158e+03
1.010904962821498884e+03
1.012891696269568115e+03
1.018231750001530031e+03
1.017530747099364589e+03
1.010480930089976255e+03
1.014384449105860540e+03
1.010456435983755455e+03
1.015458863745140775e+03
1.010450621162421839e+03
1.013420865952205531e+03
1.032567280964217389e+03
1.008239130477018534e+03
1.014854811464689647e+03
1.005156522255276968e+03
1.007391018098814584e+03
1.000689218211640082e+03
1.010484931647183089e+03
1.016047239018989103e+03
1.018022489106674811e+03
1.022610672945329952e+03
1.006031780848988205e+03
1.015711561419761210e+03
1.013030996279778719e+03
1.014720965672710008e+03
1.003908071901368089e+03
1.022161128955592631e+03
1.017015091444498239e+03
1.007785853517806686e+03
1.005350063904224044e+03
1.042607125818420855e+03
1.027380979729127375e+03
1.020605650817063406e+03
1.018228756064718027e+03
1.014436932162872608e+03
1.016656567030630754e+03
1.005709310555575939e+03
1.034346436654133413e+03
1.024727045236803633e+03
1.027100746457439072e+03
1.016477834616499877e+03
1.024019547669063741e+03
1.027832051445744355e+03
1.011545473479182874e+03
1.021007351483131288e+03
1.030926642453012619e+03
1.014283239818139918e+03
1.010950807625446032e+03
1.012907648601022856e+03
1.017772916188924910e+03
1.014526039276649612e+03
1.020678345534145592e+03
1.025137221550884988e+03
1.033648758483333495e+03
1.016521564739195014e+03
1.009514957688846380e+03
1.023660114666552545e+03
1.016339311271004931e+03
1.035302412412148897e+03
1.024027948022619967e+03
1.031176542392722695e+03
1.024270382299604535e+03
1.000018853531570812e+03
1.020728509626419282e+03
1.018725016214274092e+03
1.042010525888884331e+03
1.030361325732541673e+03
1.023111882234225391e+03
1.026640595985871869e+03
1.033957076599737320e+03
1.002332466999289181e+03
1.013373032533456353e+03
1.017304664522111125e+03
1.009672658595725920e+03
1.022266516494955795e+03
1.018088155297183675e+03
1.025229181582244564e+03
1.018196843233358436e+03
1.025307090811249964e+03
1.020021866532272043e+03
1.016167093745979855e+03
1.039539211660882756e+03
1.031848900988003606e+03
1.018419993172806699e+03
1.019034270675142466e+03
1.027933272102638966e+03
1.030927726660903772e+03
1.023310711426376088e+03
1.014060480853054287e+03
1.029750504536482140e+03
1.036944680097542232e+03
1.005378897019982560e+03
1.015648016368303615e+03
1.027799992946889006e+03
1.025704999605430203e+03
1.029653592049471627e+03
1.032864102915059675e+03
1.032031689230297388e+03
1.012848251389537609e+03
1.017982193311655919e+03
1.025627191385289962e+03
1.018745406181960334e+03
1.016492852690966401e+03
1.039395832485159190e+03
1.012270968105468910e+03
1.027786497390542536e+03
1.018876872680530823e+03
1.041988869977053582e+03
1.036561644806143477e+03
1.031936608983136239e+03
1.028779958255720430e+03
1.029175404920915753e+03
1.018269167971711795e+03
1.014780557673825911e+03
1.027690581163903516e+03
1.026466233723508822e+03
1.012980023057187509e+03
1.009052471469603802e+03
1.027832115575892885e+03
1.044817956134609176e+03
1.029491805698113239e+03
1.025058120954104652e+03
1.028990528194637818e+03
1.022500060144239342e+03
1.021250348363251760e+03
1.034195004007036232e+03
1.034360590836916344e+03
1.041444652513359870e+03
1.010474579640691900e+03
1.023548243878706103e+03
1.030500742129915579e+03
1.026104316970458513e+03
1.007282543537931588e+03
1.022141903109955820e+03
1.014477753069815662e+03
1.039454560910554846e+03
1.045177945787325143e+03
1.034947273212716709e+03
1.041254225523296327e+03
1.032336602398068408e+03
1.031022287737286661e+03
1.026492199739240277e+03
1.023388945505216839e+03
1.025484266470508373e+03
1.037427297493859896e+03
1.037440031867049811e+03
1.035639302256550081e+03
1.029616305267665666e+03
1.028746023658361082e+03
1.031810746775682674e+03
1.035576113487119983e+03
1.022264952977879375e+03
1.016708817330285797e+03
1.023456088829041391e+03
1.028249014944903365e+03
1.029345905186230993e+03
1.024423391872085631e+03
1.026596079709543574e+03
1.027888224775044137e+03
1.040437351988396586e+03
1.019134442043577565e+03
1.016404834566699719e+03
1.027641500825371168e+03
1.029015052661259006e+03
1.030809041034625125e+03
1.019811860736763037e+03
1.035032486762838971e+03
1.027855336632218950e+03
1.035008655559409590e+03
1.035519417107262370e+03
1.045223921682197215e+03
1.041503105633850282e+03
1.034655005169052401e+03
1.042440696257458512e+03
1.018245700308806022e+03
1.025490310425336475e+03
1.025581516421681727e+03
1.034162564175521311e+03
1.035877201025492013e+03
1.036742727315212505e+03
1.026612408303620441e+03
1.040066557599681573e+03
1.018484907830861630e+03
1.030884109480986808e+03
1.026680576554749450e+03
1.041902941003651904e+03
1.019411297188402614e+03
1.030835759638361878e+03
1.037143316397379067e+03
1.033794481866061687e+03
1.025523172501609224e+03
1.028865171825547350e+03
1.032488917853334215e+03
1.021515855949577144e+03
1.029950866415131713e+03
1.034910602172831204e+03
1.024159547088790077e+03
1.037238676094460970e+03
1.038149083927599122e+03
1.044629411296069065e+03
1.023380037747037704e+03
1.030041156430028877e+03
1.017316898732873142e+03
1.020548507289803183e+03
1.038682023519216727e+03
1.029945933026486955e+03
1.041308375212715873e+03
1.038742022023828213e+03
1.035481036232887845e+03
1.019637331067862533e+03
1.047063005274457282e+03
1.031429438985598608e+03
1.044916581967348975e+03
1.030819244449166035e+03
1.033138905195100278e+03
1.036999906057564431e+03
1.033187968582341227e+03
1.024824805380904763e+03
1.047263767154978268e+03
1.044881822844788985e+03
1.028051736525585966e+03
1.024890933207288981e+03
1.052679980563100344e+03
1.022281977953131900e+03
1.046707036584816024e+03
1.044511648945745719e+03
1.039689266461575471e+03
1.025699800147231599e+03
1.034658357403864557e+03
1.012114895913607597e+03
1.014270843589672950e+03
1.027927245703421704e+03
1.043600634823008932e+03
1.044687155873859183e+03
1.049056112233315162e+03
1.044003716225222433e+03
1.037400102089105758e+03
1.038251713005886813e+03
1.034097369926801548e+03
1.041106260384445477e+03
1.048996336933706061e+03
1.039321652619165889e+03
1.040314434025076025e+03
1.034739864747715501e+03
1.022503755900050123e+03
1.041142425556601665e+03
1.034058365009020918e+03
1.042253225736780223e+03
1.030831036846583629e+03
1.044644412264683069e+03
1.037063363779394422e+03
1.041343671050469993e+03
1.039649265882002283e+03
1.033177921321054782e+03
1.027370438535768699e+03
1.018866372374471098e+03
1.022592236570445266e+03
1.035515517694678238e+03
1.035650110146125826e+03
1.047698490794884947e+03
1.051743214683857559e+03
1.033340440609836605e+03
1.048564292473101887e+03
1.033457168609436849e+03
1.027661795204946657e+03
1.042251870389438409e+03
1.024156079397272151e+03
1.025884763877039859e+03
1.036760376496803019e+03
1.021766348473991911e+03
1.031679849689721323e+03
1.024923083958914276e+03
1.042796567353501587e+03
1.039142124416560819e+03
1.038675904885004229e+03
1.039220062321146543e+03
1.035828154528997857e+03
1.031662979162552347e+03
1.030580446238880313e+03
1.043266363703909292e+03
1.044368424234220356e+03
1.039532963216903681e+03
1.025761791815006518e+03
1.028382021917666179e+03
1.040709819776992390e+03
1.030709340600713404e+03
1.038978140853235573e+03
1.042399493344478060e+03
1.029472832193446493e+03
1.046946556397029099e+03
1.027398973333237791e+03
1.033921978886816078e+03
1.037319989709059882e+03
1.036639351721561752e+03
1.027906055088372796e+03
1.035716533322600753e+03
1.034978122499249821e+03
1.034684394695836772e+03
1.040887710332227471e+03
1.021800739051248570e+03
1.042965130965117851e+03
1.043847408983723653e+03
1.037638199606052694e+03
1.035044653825958676e+03
1.027092626027053029e+03
1.044314065171085076e+03
1.036560047036570268e+03
1.036066748620434282e+03
1.052883183343685232e+03
1.040343985461458260e+03
1.042724269607551150e+03
1.039437253773713564e+03
1.050550017547941025e+03
1.045177893716633662e+03
1.032752642016331947e+03
1.053141056422943620e+03
1.017305874472389860e+03
1.028649843684954021e+03
1.030577595244787972e+03
1.043996861699346027e+03
1.053028141074079485e+03
1.030761797355136878e+03
1.045926662885211044e+03
1.048199871817212852e+03
1.042435105738569519e+03
1.040807829421979022e+03
1.035977634191677680e+03
1.039761089564211488e+03
1.038245748029844435e+03
1.049306532653407203e+03
1.053268327004042703e+03
1.044054847497281571e+03
1.041218434783257862e+03
1.050670666299417917e+03
1.047186972549090797e+03
1.031102694790444957e+03
1.048897403771329209e+03
1.043458219968655612e+03
1.048329504063560762e+03
1.037690255378961183e+03
1.055390198926701487e+03
1.036722381578476188e+03
1.041977922554804536e+03
1.045474996389089483e+03
1.029261991708405276e+03
1.047555688493330763e+03
1.041176931414028786e+03
1.038837721181235338e+03
1.054371888001410980e+03
1.049573002548635486e+03
1.046666127962388373e+03
1.041956475938610083e+03
1.056370481723989997e+03
1.047786985226866818e+03
1.069198189190354697e+03
1.039478794716447737e+03
1.051021610421397781e+03
1.040616025518178503e+03
1.045018478690142729e+03
1.031040054599927771e+03
1.031021580666385034e+03
1.055320422492369744e+03
1.053807900609704575e+03
1.037703609437954356e+03
1.039441641158382936e+03
1.048128903370041371e+03
1.053978811922829209e+03
1.053768352858520757e+03
1.034846830636002778e+03
1.029840232696235262e+03
1.037663323206350469e+03
1.045277943197440663e+03
1.057942032442725576e+03
1.037350176354210362e+03
1.056962576589993660e+03
1.023905620545128386e+03
1.062451706926758106e+03
1.034844169560569526e+03
1.046822401469640681e+03
1.030558185704061316e+03
1.038180566808460753e+03
1.040995097918662395e+03
1.052183619745310580e+03
1.036764084688483763e+03
1.043478353241179320e+03
1.043472213969266932e+03
1.031735979752412504e+03
1.042851496368385824e+03
1.041096397291884159e+03
1.059464648864485298e+03
1.040280771169010904e+03
1.056854615709060909e+03
1.048061886316754681e+03
1.054134010680257006e+03
1.045154086482772527e+03
1.038279496628057132e+03
1.043688694200556938e+03
1.035842182455494594e+03
1.068484087965053732e+03
1.040957345534492561e+03
1.041239346773699481e+03
1.036966925890781795e+03
1.044864951214485473e+03
1.058763133272009782e+03
1.056706771419175539e+03
1.052702647658164551e+03
1.044454438008453280e+03
1.058075830876422515e+03
1.051648809861521613e+03
1.035899975910287594e+03
1.017312180030837908e+03
1.050892368202917623e+03
1.058726448183283992e+03
1.070037804284474987e+03
1.049286620421437192e+03
1.036375731212879373e+03
1.047470122321487452e+03
1.044057666395161505e+03
1.046011786117335532e+03
1.036768972145825046e+03
1.041899011862880343e+03
1.061690240175244980e+03
1.050228352915721416e+03
1.043478951725632669e+03
1.040710243464651285e+03
1.050944294738044391e+03
1.047033047363344167e+03
1.038291007862354490e+03
1.040812206137581597e+03
1.044875727137777176e+03
1.045942641756736066e+03
1.030947533096499910e+03
1.037919505064054647e+03
1.052629875861138771e+03
1.050245240285666114e+03
1.041314319148204731e+03
1.053428827430608408e+03
1.048350850712530701e+03
1.048494338044910137e+03
1.043623549270389049e+03
1.054793937376180338e+03
1.045416420310663398e+03
1.044336754331373868e+03
1.040334834116774346e+03
1.053312980827224692e+03
1.050394167108136116e+03
1.049306287600769338e+03
1.037721723413423206e+03
1.047799969477404375e+03
1.053890012606623031e+03
1.046905015671869023e+03
1.057018559385881190e+03
1.066344379633630979e+03
1.056263248082205791e+03
1.044880945863457555e+03
1.059540805192890730e+03
1.049912735092327011e+03
1.035318391557740597e+03
1.063356559924716294e+03
1.049922270003193489e+03
1.049295651124559527e+03
1.060185538439396169e+03
1.051287584974629226e+03
1.040565999665534036e+03
1.078078104463751288e+03
1.048791061385353260e+03
1.057419191222770223e+03
1.060446589941513366e+03
1.040741808261298502e+03
1.046806824646280347e+03
1.051184979869155768e+03
1.041198454445287098e+03
1.045193294152545377e+03
1.061085658272810406e+03
1.051385926623125215e+03
1.045435153255314162e+03
1.058809632462740637e+03
1.047825547284168806e+03
1.062740486090258628e+03
1.047393152010249196e+03
1.031139508761433490e+03
1.058427460127575159e+03
1.046862363075803387e+03
1.039672589996790293e+03
1.041708139725363480e+03
1.064593522453371861e+03
1.047256769822928163e+03
1.056777621725261724e+03
1.047277674367571763e+03
1.067671161525403022e+03
1.031720994565164347e+03
1.064492138613067482e+03
1.046562954823555629e+03
1.050678229533129752e+03
1.044075164955634818e+03
1.043955018538171998e+03
1.061584963714705736e+03
1.067053920167797514e+03
1.044964617661961711e+03
1.045705334246599250e+03
1.047682342889880829e+03
1.065803864017495926e+03
1.049960662856070030e+03
1.044574057245722770e+03
1.062375153142520958e+03
1.053704513729051541e+03
1.039529423733512431e+03
1.053637045612288375e+03
1.038987110144944836e+03
1.053346707149309623e+03
1.054092568341497781e+03
1.054645864956310788e+03
1.041512460435255434e+03
1.053011040409044199e+03
1.068916718432048356e+03
1.060235526007159251e+03
1.042343443290808864e+03
1.058098518554925249e+03
1.053781641190851587e+03
1.058969013936759893e+03
1.062768959775570920e+03
1.070680600022618819e+03
1.053936547719704322e+03
1.039548387940797966e+03
1.050936835334282705e+03
1.040342044024782808e+03
1.049680095258366237e+03
1.036230186587541084e+03
1.074075932725604844e+03
1.044118687541705640e+03
1.059229860675451164e+03
1.033539666310466828e+03
1.047084691307896037e+03
1.052960437731243928e+03
1.054618649986553464e+03
1.051454025555701492e+03
1.061450170530158630e+03
1.041222515500808413e+03
1.061544466408397511e+03
1.047566500527606649e+03
1.053274042745412316e+03
1.051944320006568887e+03
1.060612546901453015e+03
1.052324181744377483e+03
1.055881273969210724e+03
1.062684082112799388e+03
1.051938922716082061e+03
1.039227981094856659e+03
1.043679143341008967e+03
1.063850323572219622e+03
1.047300257539735185e+03
1.052070076121360898e+03
1.055384162566206214e+03
1.054676591865564433e+03
1.052578394497291583e+03
1.048389329326789721e+03
1.065615810430847887e+03
1.063992463691653711e+03
1.051922189023044893e+03
1.069918366214368234e+03
1.065712063629791828e+03
1.058354677207296163e+03
1.059046157202664745e+03
1.080529682696669852e+03
1.062221994263168881e+03
1.059014809488306582e+03
1.077470794721340553e+03
1.045149951226672329e+03
1.050060842886020964e+03
1.051980219230571493e+03
1.062236171070502678e+03
1.043584410786324725e+03
1.056571953027440941e+03
1.046181971287399847e+03
1.052276347979524871e+03
1.053231762766705742e+03
1.060322176782169663e+03
1.041731950004253122e+03
1.066899562304508208e+03
1.064570360350564897e+03
1.057312131198032603e+03
1.063264078347639042e+03
1.058057413803548343e+03
1.067411816232404362e+03
1.059270121817115523e+03
1.058798003012507252e+03
1.057604578294016846e+03
1.036413018953213850e+03
1.057816210714561748e+03
1.056056689635913244e+03
1.067476333427281133e+03
1.070179187465158066e+03
1.043522896525951865e+03
1.052491339847733116e+03
1.056309881796819127e+03
1.046310684426317493e+03
1.065698911865259333e+03
1.063984375611753421e+03
1.066516955933752342e+03
1.057559570922027206e+03
1.040818856837889143e+03
1.055165777907398933e+03
1.058127107600857244e+03
1.059841510150501108e+03
1.056199046823049230e+03
1.069945734312778768e+03
1.049422118544550585e+03
1.063476076532097977e+03
1.052723541314569047e+03
1.037964817604164864e+03
1.056943454811722859e+03
1.058139926325282886e+03
1.074312527118694106e+03
1.065840941658763768e+03
1.056454136954837850e+03
1.070240333871550774e+03
1.045746407918076102e+03
1.049812199244450085e+03
1.041364993912305408e+03
1.048541630086615896e+03
1.051244256663787382e+03
1.055530092356040313e+03
1.054237435661818381e+03
1.066824182960677717e+03
1.071205553963730836e+03
1.062820884475825551e+03
1.062345082301857474e+03
1.065803787700974226e+03
1.052172479996002266e+03
1.047994361362977315e+03
1.037247852220152026e+03
1.051695804398304290e+03
1.054072263285560666e+03
1.056339795523473640e+03
1.043375870570726420e+03
1.057655173180600286e+03
1.056339545531317299e+03
1.066600699810441711e+03
1.072371198850312794e+03
1.068787681939811137e+03
1.044741392937533874e+03
1.058445146790575564e+03
1.059559833847663640e+03
1.057906953569630787e+03
1.063354057772760825e+03
1.056202619423619353e+03
1.066282686338768144e+03
1.059725879841305868e+03
1.044064692160782670e+03
1.066503236043708284e+03
1.047911873652136364e+03
1.040261942448577429e+03
1.043613479554036076e+03
1.060765284063870695e+03
1.051663594214774776e+03
1.074389463303941284e+03
1.045931787845202507e+03
1.060254660387761760e+03
1.048409805467910019e+03
1.057700987538535855e+03
1.054720786912380618e+03
1.044217577515045150e+03
1.053349273784325760e+03
1.052408387969903970e+03
1.069053933092503939e+03
1.054319202828110974e+03
1.062036212248132870e+03
1.060218079671863961e+03
1.060149867414862001e+03
1.057543944734695742e+03
1.065606751933012674e+03
1.061473613965758659e+03
1.074629738606289266e+03
1.051010987567995016e+03
1.070292670748210185e+03
1.056912911702835117e+03
1.068849576704482843e+03
1.068793733629437611e+03
1.065329432122945263e+03
1.055121982583272029e+03
1.052262888330574924e+03
1.065300060279430454e+03
1.057569129612317283e+03
1.064922381976140286e+03
1.059233357717548415e+03
1.049503263092980660e+03
1.063264678296538932e+03
1.062410007911308185e+03
1.054191940802359113e+03
1.062485292627709441e+03
1.052199308222651780e+03
1.070476604849159685e+03
1.043083841062458532e+03
1.045944205044489081e+03
1.072011057198099934e+03
1.052184893258439615e+03
1.053762989432957511e+03
1.058085493474496616e+03
1.068483651934096088e+03
1.058812900191238441e+03
1.056715693016331215e+03
1.062802753606980787e+03
1.051918936003934959e+03
1.066359045414251113e+03
1.064894969071412561e+03
1.056636233470353091e+03
1.053091749276423798e+03
1.065835467949709937e+03
1.054120129800450968e+03
1.058490867516506796e+03
1.050847269952034139e+03
1.071167237620138849e+03
1.046605420467021304e+03
1.060387191488570352e+03
1.063065684925777532e+03
1.055990435906967377e+03
1.055324584349506949e+03
1.061715847414631753e+03
1.053703745515139417e+03
1.055979749654829220e+03
1.058245704136664017e+03
1.047605064132902044e+03
1.062443590630639392e+03
1.049905681182265425e+03
1.062810148005256451e+03
1.060219225375442875e+03
1.053321437644360230e+03
1.063816112606857132e+03
1.051229633493838946e+03
1.060290754016103847e+03
1.074594133973955877e+03
1.060110155732943895e+03
1.053755026020962305e+03
1.073875031180591577e+03
1.057594827523023014e+03
1.062356705063826212e+03
1.058863056082420371e+03
1.067737935529612059e+03
1.057707866710865119e+03
1.066032558227560003e+03
1.039944819159077952e+03
1.078633522058201152e+03
1.060448851716604167e+03
1.062880053924973254e+03
1.065112090306987056e+03
1.068058360202256836e+03
1.061701318317655478e+03
1.051310918357201444e+03
1.046099716038239194e+03
1.068631453980208789e+03
1.057872375263181311e+03
1.069791474634966789e+03
1.068862191018141402e+03
1.059927384276287285e+03
1.065622179476108613e+03
1.083392280320456166e+03
1.048195010642672514e+03
1.075051611996372458e+03
1.066949560490834756e+03
1.049676272329375024e+03
1.061178302149112596e+03
1.067302337577080834e+03
1.054501329049494643e+03
1.057184247317539302e+03
1.050832596770650525e+03
1.046064444008219425e+03
1.065608670359742064e+03
1.050644438600762442e+03
1.053787250967774980e+03
1.058862261859582077e+03
1.046764803866744387e+03
1.058967488823506983e+03
1.059700618929254688e+03
1.070933186509392272e+03
1.050166187570242528e+03
1.049885572677490927e+03
1.044866312922737507e+03
1.042144055688122307e+03
1.059688387223382961e+03
1.052423660829836535e+03
1.055672610843209895e+03
1.055539555094506341e+03
1.054770095368921602e+03
1.062602475495781164e+03
1.054539847282075471e+03
1.061466168469892182e+03
1.063265925087576306e+03
1.057248841139751448e+03
1.055139796737951656e+03
1.061068879286274296e+03
1.063710819558588128e+03
1.060773329249903327e+03
1.052572958512545256e+03
1.055057188229768826e+03
1.066669785900386614e+03
1.062073239341774752e+03
1.049529946198786092e+03
1.054332091221756173e+03
1.063656285913705233e+03
1.068893103599876440e+03
1.078514707038900951e+03
1.063319271456636216e+03
1.048999960071632813e+03
1.070271445004116003e+03
1.064714601320420343e+03
1.060542980688788930e+03
1.065279020187988181e+03
1.061715377121701295e+03
1.059869999130246924e+03
1.061497263108795323e+03
1.054477251701109481e+03
1.056300639303876324e+03
1.053237069855565323e+03
1.066900865404274782e+03
1.051826520164929434e+03
1.056800856193407071e+03
1.065993808708712322e+03
1.080073206712019783e+03
1.053775700409098590e+03
1.069248665934551354e+03
1.077357896935927101e+03
1.054452429308020783e+03
1.064049097527110234e+03
1.071872747443179378e+03
1.054544353232868616e+03
1.064261311036572579e+03
1.054689103662983371e+03
1.065099648649776555e+03
1.053523501835496063e+03
1.062121025137991865e+03
1.061683086137448299e+03
1.060104705480811845e+03
1.066286723732633618e+03
1.066132344628284045e+03
1.055186120280210162e+03
1.069817932873113705e+03
1.048182392406273948e+03
1.062385488149971479e+03
1.058265988781224223e+03
1.060797259735533089e+03
1.059357380485720341e+03
1.071928586723669468e+03
1.056368224110015490e+03
1.047811769624649287e+03
1.052548398157598513e+03
1.063283178330260398e+03
1.079679147760613205e+03
1.055772747761080609e+03
1.056932931955717322e+03
1.070315947014262747e+03
1.054489987015982479e+03
1.063580327928919814e+03
1.062351212391694617e+03
1.051374512932573907e+03
1.069844165439357766e+03
1.065695389261245509e+03
1.054825152888795628e+03
1.064829922987018335e+03
1.068008383399210288e+03
1.057308536292026020e+03
1.050072330832310854e+03
1.068604158304809516e+03
1.070837222944598125e+03
1.049096331091649517e+03
1.070001364080496614e+03
1.050903828976402565e+03
1.056637667688995407e+03
1.062423279963084497e+03
1.063606208920577274e+03
1.059910520382800087e+03
1.065490549914550229e+03
1.052902669828222997e+03
1.061582518555393563e+03
1.062089471503495588e+03
1.070890473679594834e+03
1.066056753211552859e+03
1.048577350679739084e+03
1.070596731547586842e+03
1.060334467776614929e+03
1.057952851127537997e+03
1.046498384164668551e+03
1.057747062733618804e+03
1.051350145548823548e+03
1.066589872973557021e+03
1.057838721606994568e+03
1.048117758814145191e+03
1.062375766979507262e+03
1.046657078762224728e+03
1.053566370372358506e+03
1.068706177342799265e+03
1.057840087580187173e+03
1.056147445626647368e+03
1.060248957444314101e+03
1.063091462828189833e+03
1.073382883814006846e+03
1.055983026503851306e+03
1.067650343171598934e+03
1.047353792424206176e+03
1.055934881389409384e+03
1.056232057442805171e+03
1.064084477580282510e+03
1.052936492631189822e+03
1.055035590100604622e+03
1.052575178534449606e+03
1.058921055550190431e+03
1.063110305502260417e+03
1.051032763032416369e+03
1.048048708580803577e+03
1.065812733039837894e+03
1.070158311439122826e+03
1.057580178427793271e+03
1.063529762701565687e+03
1.060304535636855235e+03
1.057271176652755912e+03
1.049073256276637494e+03
1.075233166593218812e+03
1.056477785826610443e+03
1.067975500574897069e+03
1.060700147453810587e+03
1.052311830879198851e+03
1.056854986653854667e+03
1.062464810883297559e+03
1.056623230770646160e+03
1.061693358625700967e+03
1.058514269932584739e+03
1.061920580708661646e+03
1.054480221538223304e+03
1.074994932882698777e+03
1.056834607571067863e+03
1.060319283649938143e+03
1.054447557412909418e+03
1.053222112572242168e+03
1.061928738457649388e+03
1.049755241294782536e+03
1.062431992500404476e+03
1.075850933441484813e+03
1.058812527411488645e+03
1.060526161129757611e+03
1.050406972631614281e+03
1.061533255223096148e+03
1.047534085845726167e+03
1.064046545893739903e+03
1.058194849727494557e+03
1.053560266099858154e+03
1.053073048858574339e+03
1.044279315253389541e+03
1.065440563841444146e+03
1.057448399899073593e+03
1.051588433594822618e+03
1.064836710037808416e+03
1.068085937431942057e+03
1.063201435370605850e+03
1.065836485193883163e+03
1.064957704155507599e+03
1.059952121289907154e+03
1.066303086381171852e+03
1.065933200795574294e+03
1.049577463879111292e+03
1.062390767772651316e+03
1.059491179689224282e+03
1.066383901880466965e+03
1.063330821930544744e+03
1.055664855946377884e+03
1.067422114623709149e+03
1.052550919758284408e+03
1.052681155113310751e+03
1.062359583560682040e+03
1.073432169604992168e+03
1.067482172893361394e+03
1.062019350572518761e+03
1.069996295929985536e+03
1.058412096742911899e+03
1.047134872876036525e+03
1.076180256051101196e+03
1.050615469094209629e+03
1.063539504087159230e+03
1.058891445384747840e+03
1.060297059267427358e+03
1.058111125868110321e+03
1.049360585954003682e+03
1.049955198916867630e+03
1.059087091514878466e+03
1.066293654432910898e+03
1.052307187819028968e+03
1.045458186285909733e+03
1.048891837583378219e+03
1.051853838020821968e+03
1.057732741072357385e+03
1.067652361023563572e+03
1.058283225325621515e+03
1.057757156536031744e+03
1.059772214401113388e+03
1.044652797651765013e+03
1.063836422639980356e+03
1.055044406944523416e+03
1.047965446867973696e+03
1.061145071398102345e+03
1.051470212744106220e+03
1.060328771626081789e+03
1.045634098803198185e+03
1.049009108200457604e+03
1.073808103420179577e+03
1.032628893614443314e+03
1.059072706859124310e+03
1.060703294669880506e+03
1.049641232184427281e+03
1.051688933117752640e+03
1.060391832315979173e+03
1.065959871257301756e+03
1.048499051839398817e+03
1.067302954549089463e+03
1.068355872294124083e+03
1.059220309617477142e+03
1.057212839285228938e+03
1.057919233651002287e+03
1.050729664361560936e+03
1.058967251847711395e+03
1.061028787742299983e+03
1.060388674087401796e+03
1.058534881203537452e+03
1.060406089466859157e+03
1.047555800640410325e+03
1.051525216671233011e+03
1.054840593132782487e+03
1.049241100599025231e+03
1.058337498556428727e+03
1.056663679124648297e+03
1.055035597034063812e+03
1.046267924520258930e+03
1.047549497294249704e+03
1.059292925468771955e+03
1.034805882179806304e+03
1.060193025956124075e+03
1.066873975915642404e+03
1.055769440299494136e+03
1.065248803901864221e+03
1.049862346587571665e+03
1.060883201914288520e+03
1.057730304225958662e+03
1.039528271824272906e+03
1.052601407649699695e+03
1.046490813994271548e+03
1.044894039457392637e+03
1.046316445056280145e+03
1.053593431857909081e+03
1.071617796429244663e+03
1.044833991901977242e+03
1.058613613290389139e+03
1.040021651398683616e+03
1.063542926139015663e+03
1.032642657315509041e+03
1.058076930195546538e+03
1.064551616916458215e+03
1.043915973562265208e+03
1.042929525369294879e+03
1.056903693340277187e+03
1.056989847038094240e+03
1.050529486613159406e+03
1.048569091910253974e+03
1.052511528076348895e+03
1.062604323480593393e+03
1.049926405782393658e+03
1.056584391556995797e+03
1.051125048263629651e+03
1.045185206027309960e+03
1.062243181958287096e+03
1.056540466823878660e+03
1.037251923740382836e+03
1.051432710921268381e+03
1.055597490668711544e+03
1.061018830634524875e+03
1.049675842289221919e+03
1.060600371900527080e+03
1.054797928195002214e+03
1.051425396371940224e+03
1.048631673875567003e+03
1.072828654611147840e+03
1.054306713452009717e+03
1.050088886871877548e+03
1.063032655967685969e+03
1.063441179832680064e+03
1.060261982652961251e+03
1.059581788365892862e+03
1.051808531108677698e+03
1.053696835411793018e+03
1.054391907788073240e+03
1.049799809151208592e+03
1.045792094067186099e+03
1.038779248556828634e+03
1.032666909279352467e+03
1.064455917271747012e+03
1.049330138975262116e+03
1.043954331334912240e+03
1.057697527418493337e+03
1.053100926971773561e+03
1.046707034123890708e+03
1.057772385161928923e+03
1.050373800219265604e+03
1.052926599209552933e+03
1.042015227158621201e+03
1.066352188115456556e+03
1.050409489613617097e+03
1.067439488537367424e+03
1.052129295581841461e+03
1.063463663916784753e+03
1.063048080693155725e+03
1.048986819772251238e+03
1.048955434273613264e+03
1.039585426802653956e+03
1.061174034201711720e+03
1.057100716661504521e+03
1.067991874869156845e+03
1.064604528191692225e+03
1.050852042086608435e+03
1.044355031824664820e+03
1.056599860101283184e+03
1.048377878028144551e+03
1.042951124573023208e+03
1.056921915421909944e+03
1.055384211077505370e+03
1.062313968611542805e+03
1.061611315549910159e+03
1.048857294806711252e+03
1.050350471385836499e+03
1.047657747756128856e+03
1.067160415566715528e+03
1.051837844444176199e+03
1.062745419385076957e+03
1.058725893966524154e+03
1.044493363195663960e+03
1.067835496261761591e+03
1.040072574950166654e+03
1.047731182194085250e+03
1.040191823872864006e+03
1.060511276917922714e+03
1.038797106447233318e+03
1.051513042088606426e+03
1.040992019033641554e+03
1.055154818080136238e+03
1.059223448720412534e+03
1.054324318803839788e+03
1.038125460211845621e+03
1.060570629750915487e+03
1.060827326801191703e+03
1.057190544301969112e+03
1.054870927408305306e+03
1.041359251933179621e+03
1.039242174982668075e+03
1.023878359492839536e+03
1.058752738278955349e+03
1.050152655194654471e+03
1.057812121185902015e+03
1.037709157427450236e+03
1.045188439914964192e+03
1.048248536634339871e+03
1.046049916015205326e+03
1.057587737233761800e+03
1.062560591587068529e+03
1.041199617646888328e+03
1.041515677473126061e+03
1.044060738729739114e+03
1.046416716145369719e+03
1.043056794009573196e+03
1.052896718815005443e+03
1.064135219331478993e+03
1.050156033676503739e+03
1.049167226721387578e+03
1.040474590614257295e+03
1.046353929217606265e+03
1.054338542271010056e+03
1.057081348103242817e+03
1.039535589082577644e+03
1.043953645741882610e+03
1.053830673045044023e+03
1.029739889775062920e+03
1.058185869622662040e+03
1.043658031166085721e+03
1.030278981064007439e+03
1.052539115778034102e+03
1.065175183913033834e+03
1.053210874841089435e+03
1.036503014498694029e+03
1.029873112674415324e+03
1.042376778779836968e+03
1.055532361226945341e+03
1.038186616950971256e+03
1.034731342353407626e+03
1.044518822469079623e+03
1.036750720099865248e+03
1.057400606379334477e+03
1.046092967321913420e+03
1.036421140492347376e+03
1.052275716926386394e+03
1.033063915587247720e+03
1.040646791223489799e+03
1.031016777988550302e+03
1.042772335414136251e+03
1.044513019570329107e+03
1.055802491444875159e+03
1.039014151316980133e+03
1.039094752457559025e+03
1.042367588086125579e+03
1.039295693715784182e+03
1.042905114927913019e+03
1.032833781722382355e+03
1.044305459188679833e+03
1.047171549563590588e+03
1.032669163104172412e+03
1.043227360971386588e+03
1.045503247971488463e+03
1.030728609595374792e+03
1.050095336809453102e+03
1.044684372745156907e+03
1.037376275922004879e+03
1.053419829849419330e+03
1.042446175263226678e+03
1.055927619565097302e+03
1.026841763486065702e+03
1.041201366436237095e+03
1.026083284353296222e+03
1.031641324905488091e+03
1.049909647906074952e+03
1.049614264004399047e+03
1.042523290591561135e+03
1.038136612463403708e+03
1.045392948825303847e+03
1.045793958355151062e+03
1.027527910645198062e+03
1.055628952112995194e+03
1.033983034535048091e+03
1.043225809402353434e+03
1.032121233593622947e+03
1.030188480178842156e+03
1.036886443671549614e+03
1.035009349009952530e+03
1.034811311623061101e+03
1.040954876831196088e+03
1.052757665956747815e+03
1.050452453748935113e+03
1.038807642198200256e+03
1.054277391412673751e+03
1.030756970207604581e+03
1.044712212837479910e+03
1.041729936783176527e+03
1.044968422728005862e+03
1.034757152177985745e+03
1.037780138702674321e+03
1.057770938999296959e+03
1.042720122464606447e+03
1.039829707635558634e+03
1.037863371539822310e+03
1.034222086633791605e+03
1.031103967920849527e+03
1.035922528884629173e+03
1.026222141504889805e+03
1.032441963120449373e+03
1.035590279626844222e+03
1.034858733699091772e+03
1.052512586980550623e+03
1.054746629451276931e+03
1.020931960404820416e+03
1.048787221675710043e+03
1.044426328315929595e+03
1.039934507200228836e+03
1.027599897897895744e+03
1.040669419977001553e+03
1.023221248478883354e+03
1.048009749500497719e+03
1.040960380664565946e+03
1.021672563707474637e+03
1.025041538361645280e+03
1.042113690406634532e+03
1.031457927999547792e+03
1.032596525592735588e+03
1.031275706855597264e+03
1.029560182897094364e+03
1.025828987117525230e+03
1.038964948363476424e+03
1.053394872911689163e+03
1.024129371930887373e+03
1.025328610877897518e+03
1.040629249657003129e+03
1.058079489202236346e+03
1.040004625614276620e+03
1.035497118703756314e+03
1.050510974139070868e+03
1.037106982307637509e+03
1.043088065130671794e+03
1.042427402141966922e+03
1.039068925248691812e+03
1.024721506716602789e+03
1.031271350777321686e+03
1.024838191996783962e+03
1.022376135105989306e+03
1.030262639029891261e+03
1.032392545788132338e+03
1.039410883567009932e+03
1.034035718053673463e+03
1.035506894777800426e+03
1.032540511252182341e+03
1.024815321475022074e+03
1.024019293126970297e+03
1.033442887707249383e+03
1.028111553169793297e+03
1.036998828536381097e+03
1.038042562022339780e+03
1.048294539151766003e+03
1.041096963863453766e+03
1.037732571513844732e+03
1.025075451677343608e+03
1.014148960724579410e+03
1.039005613419140445e+03
1.026339981566074584e+03
1.039128442097812240e+03
1.041501058127473925e+03
1.020371219288050725e+03
1.033788630099079683e+03
1.017581127997846352e+03
1.037852781004068220e+03
1.029107141656760405e+03
1.034086594650540292e+03
1.041757986176324493e+03
1.047524946295650807e+03
1.020599919746112732e+03
1.043360797206173174e+03
1.011908321134322023e+03
1.033299107919512153e+03
1.028175418612249359e+03
1.032233109102474828e+03
1.020663321092234924e+03
1.009421807720900233e+03
1.027678567761953218e+03
1.038119344358221497e+03
1.019748277267151252e+03
1.023856678452389360e+03
1.034003260877297180e+03
1.021719912979222272e+03
1.029343141677385574e+03
1.024470181597826695e+03
1.026397155578956244e+03
1.044293023373246115e+03
1.017527976893995401e+03
1.024217295483062571e+03
1.027621423001364747e+03
1.037501655819120970e+03
1.018414113066844720e+03
1.031322731636986646e+03
1.028126660173360051e+03
1.029061370191264814e+03
1.020971259414804990e+03
1.025663616272093805e+03
1.051105673643885439e+03
1.031013128301535744e+03
1.018461855903658943e+03
1.042011762598303903e+03
1.030477719601488388e+03
1.032819376199037833e+03
1.027581556619286175e+03
1.031027550005484954e+03
1.024575622572806651e+03
1.024066079304535606e+03
1.017967360537018294e+03
1.036038412164250985e+03
1.028732208032951121e+03
1.027473456969890321e+03
1.031039115022956821e+03
1.024221044633439988e+03
1.023389398237651903e+03
1.031341897000707377e+03
1.033674257176317042e+03
1.027052991079075355e+03
1.007813618102501096e+03
1.021849699388180625e+03
1.011143380450744871e+03
1.025652650267129502e+03
1.027310289960737464e+03
1.024514303650846841e+03
1.020752722071986227e+03
1.032372924671253713e+03
1.011045659845422506e+03
1.004358996688641128e+03
1.008011423377544475e+03
1.031569237921123431e+03
1.028342975011099497e+03
1.026384148657381047e+03
1.010799682417127315e+03
1.010924936064796043e+03
1.024603126039230574e+03
1.021411798846522743e+03
1.022627535252133612e+03
1.033981620978311639e+03
1.017852667702042254e+03
1.019690370612119068e+03
1.005966577113746098e+03
1.020374795551681927e+03
1.012168985950168008e+03
1.015429223210446025e+03
1.030210345026055165e+03
1.023239555592099350e+03
1.023531499909741115e+03
1.033351069518191707e+03
1.022892096977711276e+03
1.024546242407138152e+03
1.031693353238601048e+03
1.025427470750703378e+03
1.036324740447603290e+03
1.029816138675652837e+03
1.034781346708444744e+03
1.004202889335958957e+03
1.016028774060961723e+03
1.004307379103564472e+03
1.026001326840025285e+03
1.011881865613234027e+03
1.002826785151754507e+03
1.010964379932425572e+03
1.018224101080066475e+03
1.023151366227742187e+03
1.014762144074802563e+03
1.010814828048468598e+03
1.020282454159465033e+03
1.010483250988362784e+03
1.018124592680809201e+03
1.012542955960452900e+03
1.031726575219596270e+03
1.020123398001567466e+03
1.008113845270220736e+03
1.018076906618236421e+03
1.013167001437930594e+03
1.009081746847988370e+03
1.007210553778066696e+03
1.021737394888317567e+03
1.022090161838918220e+03
1.012635613605331059e+03
1.014040941404063460e+03
1.017261127673792316e+03
1.005479940198057989e+03
9.972674521372983918e+02
1.024997078575299383e+03
1.021539147590642415e+03
1.019862861760327974e+03
1.002070651761160207e+03
1.036738965486113102e+03
1.006956589741872563e+03
1.001304009834673252e+03
1.021751737467468502e+03
1.029530586575257303e+03
1.004254244687401069e+03
1.005561677956127596e+03
1.006260654918058435e+03
1.018038559209113259e+03
9.987175621043968476e+02
1.010842229640426012e+03
1.010753684461020612e+03
1.015422163097535986e+03
1.003843977888005384e+03
1.015908784074415507e+03
9.911254044522456752e+02
1.003430659993985728e+03
1.011950330904058546e+03
1.008738754823509112e+03
1.002595517822416241e+03
1.011834089567292153e+03
1.016360041275480853e+03
1.003712153851345192e+03
1.002100533414088204e+03
1.018374564904141153e+03
9.995626383900576002e+02
1.001317469303945245e+03
1.001278801026107658e+03
1.006131873886876292e+03
1.014194142326045039e+03
1.001456495634336989e+03
1.014829408618937009e+03
1.013686891370538547e+03
1.006585969702167404e+03
1.017062700439225750e+03
1.010929788320570651e+03
9.837828013885930432e+02
1.015524908429529205e+03
1.010835988055681923e+03
1.008677354315599700e+03
1.003120385829126008e+03
9.953138340596840408e+02
1.006190870371802703e+03
1.008819055626114960e+03
1.008461428131378625e+03
9.961520736124114137e+02
1.000361451457128283e+03
1.004777987485553581e+03
9.886754838208196361e+02
1.004156728509964523e+03
9.923656259055185274e+02
9.944735384512348446e+02
1.002940031750790695e+03
1.005669709157795182e+03
1.003965944257901583e+03
9.965544289679161238e+02
1.008969050792453118e+03
1.007075168705690430e+03
1.025705254655544195e+03
1.010508774592209193e+03
9.918587536566003564e+02
1.006244603197830884e+03
1.000262870770281097e+03
9.997926160277302188e+02
9.939341262816176368e+02
1.013361078019974684e+03
9.938369648957941536e+02
9.982665827618270669e+02
9.944916185528222741e+02
9.969067889472943307e+02
1.000006135849634802e+03
1.008438260453288422e+03
1.009779262019679663e+03
9.949562208214026668e+02
1.006967824152078038e+03
1.000795460123826615e+03
9.976373709917750148e+02
9.993068737370308554e+02
1.013051361867763717e+03
9.770329146116635002e+02
9.827706519508543579e+02
9.958473215267667911e+02
9.756106035101304315e+02
9.882027849263760118e+02
9.978505679646023054e+02
1.000783752070134710e+03
9.863908286031180523e+02
9.879901385078482008e+02
9.892223456327981239e+02
9.858611616076175324e+02
1.014434265705291864e+03
9.949892332553454253e+02
9.829503318095127042e+02
9.862662460866567926e+02
9.968327678040150204e+02
9.962571284905752691e+02
9.809489367417352241e+02
1.002029714386105979e+03
9.953448624319634064e+02
9.904228034185832712e+02
9.755567814776179603e+02
1.005982711548828775e+03
9.875257542451499830e+02
1.001544349182179644e+03
9.857676892120043703e+02
9.897554234353183347e+02
9.904205275938007844e+02
1.004500216301783439e+03
1.004542900115521547e+03
9.898110608694155417e+02
9.945388520817023164e+02
1.002394969348196582e+03
9.975431747306538455e+02
1.007629594444513145e+03
9.865840649015149211e+02
9.909526382421682911e+02
9.844923938483918846e+02
9.995476855146127946e+02
9.898480452060498465e+02
9.896523903192849048e+02
1.001034609569802001e+03
9.914598739100355260e+02
9.928914994624110477e+02
9.852002128621479642e+02
9.882666082966027261e+02
9.888310632579116373e+02
9.947810527673448178e+02
9.949826308164301736e+02
9.808347367128845917e+02
9.852661692973861136e+02
9.775688679059701371e+02
9.919468066908544870e+02
9.800826010602609131e+02
9.935877152053619739e+02
9.985719165667032939e+02
9.779058768189079274e+02
9.866522242071330311e+02
9.758334039530174095e+02
9.882941061008204997e+02
9.983469968718870859e+02
9.847152362146819087e+02
9.821884411931666818e+02
9.910659829193874657e+02
9.850620840644735381e+02
9.846206844116428556e+02
9.883427352802375481e+02
9.983257686945029263e+02
9.931652693880787410e+02
9.835823007251051422e+02
9.845570776248414404e+02
9.891086917643865490e+02
9.714837957704463633e+02
9.751668710526811310e+02
9.893649197464908411e+02
9.879265363942485010e+02
9.760617922175001695e+02
9.850286015527226482e+02
9.931491783672424845e+02
9.835969559901128605e+02
9.789714934523000238e+02
9.840271045891813628e+02
9.768084635591427514e+02
9.757055274008797596e+02
9.728909020489440991e+02
9.930067643287219425e+02
9.679897508004138444e+02
9.794707834779916311e+02
9.619951058725093844e+02
9.695731250134784887e+02
9.749977461000532912e+02
9.884153088710918382e+02
9.797177754373608423e+02
9.802542495693733144e+02
9.752855407492982067e+02
9.653577142322922100e+02
9.765292031889711097e+02
9.785357390345498061e+02
9.795656069347880930e+02
9.741898931249841098e+02
9.632684951125252155e+02
9.767584817197398479e+02
9.768374095778526680e+02
9.701329939946151626e+02
9.747972674816426206e+02
9.598402798166825960e+02
9.779345021662078352e+02
9.730494127282865975e+02
9.755419637327154305e+02
9.623382583433747186e+02
9.674674425802948008e+02
9.815562071612148429e+02
9.572596364039491164e+02
9.716619569004745927e+02
9.732408991291752045e+02
9.611621290174086880e+02
9.722245057270512234e+02
9.596812015635265425e+02
9.612034520481640811e+02
9.744051958254957526e+02
9.808223896336018015e+02
9.513554910195107368e+02
9.799590796104378114e+02
9.699406223068385771e+02
9.618462957261642714e+02
9.659989549536364848e+02
9.578057733112771075e+02
9.685224537920237253e+02
9.629964971352687826e+02
9.760662811906306615e+02
9.764292190029500489e+02
9.637751472292019344e+02
9.476214874813434790e+02
9.675490358662802919e+02
9.758459687957671349e+02
9.545300015263771911e+02
9.587599130029351500e+02
9.711843796191103593e+02
9.581887778758946297e+02
9.717896501916335410e+02
9.619661172457447265e+02
9.580177941156218822e+02
9.681111120658283653e+02
9.475904718734824428e+02
9.659861195979577815e+02
9.781968740145230186e+02
9.675260996248027823e+02
9.722184951380264692e+02
9.648644794807146354e+02
9.675240618632508358e+02
9.599350347673444048e+02
9.522424422658714320e+02
9.794638084774767322e+02
9.535050887970620579e+02
9.616283412217533169e+02
9.688067981856912638e+02
9.606880331023471626e+02
9.650884518303403183e+02
9.747071959073759899e+02
9.583286098061041685e+02
9.580714874036668789e+02
9.634310949857991773e+02
9.610157266926931925e+02
9.703933879136552605e+02
9.587445290162629590e+02
9.436320311187447487e+02
9.541511904272690572e+02
9.654062694513436327e+02
9.691202890260940421e+02
9.562054185735938745e+02
9.641460197096397451e+02
9.534468824123589457e+02
9.590515032777441320e+02
9.521101986657831731e+02
9.653857488909558242e+02
9.654894975802656063e+02
9.753038211540947486e+02
9.544837300452138606e+02
9.517186978306659739e+02
9.569246917219389843e+02
9.589108439240520738e+02
9.660047597541322375e+02
9.458518299810061762e+02
9.385760210735932105e+02
9.640636754939591810e+02
9.606840889482507464e+02
9.675691289348865212e+02
9.496854657498731740e+02
9.533511305829828189e+02
9.439450658535020011e+02
9.675147309403021154e+02
9.581623621884446038e+02
9.443357814746489112e+02
9.449176220280227199e+02
9.463219824584091384e+02
9.468620246195100663e+02
9.557530839156711409e+02
9.466984236587239820e+02
9.493629943132036715e+02
9.491295812448671541e+02
9.508636356903921296e+02
9.633531617615024061e+02
9.474215125597186216e+02
9.470296234926017860e+02
9.478656425520592848e+02
9.601028922365339895e+02
9.431737529495533181e+02
9.383288415336471644e+02
9.497248944839764135e+02
9.480285375554307166e+02
9.332472246503764381e+02
9.510275231090126908e+02
9.469937286792511486e+02
9.564635731487978774e+02
9.559995883751639667e+02
9.317832124493414767e+02
9.469385386293524789e+02
9.318604178718319417e+02
9.425978693955446488e+02
9.414899292046868595e+02
9.372560193725712452e+02
9.466039634347575884e+02
9.358578227911436898e+02
9.418933523443847662e+02
9.325787903071450273e+02
9.409294849045265892e+02
9.528877099367439314e+02
9.424885607266326133e+02
9.234568683774241435e+02
9.243071497183145766e+02
9.381111449700338198e+02
9.449169531072286645e+02
9.438506109028539868e+02
9.441569139978855674e+02
9.431312683053529327e+02
9.430051043796336216e+02
9.427013486084088072e+02
9.348725343748527621e+02
9.353355742705439297e+02
9.473041384523849047e+02
9.453238018080055554e+02
9.395563966672063998e+02
9.334504094013495887e+02
9.347934250635804574e+02
9.241358605001184969e+02
9.461516296343427257e+02
9.375116425976966639e+02
9.244008028420421397e+02
9.257933673242807799e+02
9.476305130985736014e+02
9.327278000107264688e+02
9.315006431363049160e+02
9.402996508300632286e+02
9.276250004996172720e+02
9.208684379888634339e+02
9.333588565486828657e+02
9.366969707195082719e+02
9.432210389641237498e+02
9.434872999876872655e+02
9.252199391075516814e+02
9.403944407581171845e+02
9.313557413193400407e+02
9.264163966319483734e+02
9.290981632448961136e+02
9.329214066175924245e+02
9.391173017765809163e+02
9.454592200511192459e+02
9.291802320466141509e+02
9.345031925581486121e+02
9.326129045442514780e+02
9.302131336631416616e+02
9.209213376327008973e+02
9.389824517676211144e+02
9.234816297374424039e+02
9.239786618558069904e+02
9.294524437123784537e+02
9.120061064766421168e+02
9.273748658347700484e+02
9.224231281025770386e+02
9.208637967715753803e+02
9.112286393409367520e+02
9.244830334299913375e+02
9.232238840271968456e+02
9.375835468695156578e+02
9.337290018650934371e+02
9.351951108560683679e+02
9.329973310369562114e+02
9.163046212039756711e+02
9.292111791449869997e+02
9.260960568766799952e+02
9.383719138189027262e+02
9.229433231966658013e+02
9.236365827818169691e+02
9.233096796420276178e+02
9.247018424513377113e+02
9.261886541924038738e+02
9.252729812282830153e+02
9.150894589122947309e+02
9.200331653270268362e+02
9.308190129682832321e+02
9.175884028766213305e+02
9.184715408381687212e+02
9.023711541679158472e+02
9.120490522024767870e+02
9.164639038549507859e+02
9.131590287121359779e+02
9.236841098470176803e+02
9.182604342394927244e+02
9.250513311222744051e+02
9.096008948520452577e+02
9.012475874284025394e+02
9.149042080801881411e+02
9.066306230805078030e+02
8.949869471431020429e+02
9.046060992595860171e+02
9.203442852975042570e+02
9.004524367404337681e+02
9.169265655702656659e+02
9.151348483272578278e+02
9.191479315771355232e+02
9.118237912835971883e+02
9.166452104997189281e+02
9.107416262162068961e+02
9.089437682928876256e+02
9.098869579020425817e+02
9.169867487670628634e+02
9.119755067274896874e+02
9.064376590339900304e+02
9.073981035945298572e+02
9.141899529530704740e+02
9.178736123867175820e+02
9.047965413921872369e+02
9.072932711459440043e+02
9.135870097053879135e+02
9.090798655551071761e+02
9.237369435136381526e+02
8.957567350328134808e+02
9.025306714165029689e+02
9.065560090707174368e+02
8.981191161005169761e+02
9.022567412294865790e+02
9.001187261275658784e+02
8.937943265094786511e+02
8.994946534957339281e+02
8.985124558908029258e+02
9.079847339726850350e+02
8.903797802138103634e+02
8.927245432164851309e+02
9.030428085838448169e+02
9.058396129785671747e+02
9.049833815169738500e+02
9.150205846544035921e+02
8.895908524520289120e+02
9.021115272030966707e+02
8.968818036610184663e+02
9.005277495839932271e+02
9.014130002308214671e+02
8.972302708433569478e+02
8.994796351081866987e+02
9.085777518221455011e+02
9.067498982688798606e+02
8.993515860585689552e+02
9.148495386095066806e+02
9.140739784495491449e+02
9.053832918760697339e+02
8.942264524190350130e+02
8.958894266328217100e+02
8.967563839748215742e+02
9.034344588242895497e+02
8.878606943326658438e+02
9.126947948972436961e+02
8.969963148006348774e+02
8.884556289863281791e+02
8.827641076290622095e+02
8.959018690441583885e+02
9.008126703510583866e+02
8.860995554823299472e+02
8.976223966000604833e+02
8.866990718497158923e+02
8.944439880507929956e+02
8.938439798860136989e+02
8.855387058869965813e+02
9.069445704682847236e+02
8.804085307251395989e+02
8.912592025909846143e+02
8.884118125283000609e+02
8.948268331054507598e+02
8.859933987677626419e+02
8.945487121253245277e+02
8.732962534163575583e+02
8.841634746579919693e+02
8.767987069102034638e+02
8.899060434324574089e+02
8.996415699285314531e+02
8.866820350070391896e+02
8.917114497346701683e+02
8.746178659566716078e+02
8.889135378909402334e+02
8.915362604650727008e+02
8.900989569482303523e+02
8.773368822827233089e+02
8.845487610237670424e+02
8.771094796017989665e+02
8.900477019170618860e+02
8.890715471457091326e+02
8.802366812125949309e+02
8.844781254949442655e+02
8.872250914834874038e+02
8.673969971641131451e+02
8.871659098559350696e+02
8.676436012481619855e+02
8.702470026637221281e+02
8.801297367753654726e+02
8.697594941300063738e+02
8.763171028310835027e+02
8.767379403956297210e+02
8.769952097309512737e+02
8.810201131716059990e+02
8.713102779639970095e+02
8.740167129817679097e+02
8.895706549790011195e+02
8.759188471419395228e+02
8.811733708211229441e+02
8.777580005432512280e+02
8.754538183440033663e+02
8.689952957531281754e+02
8.710468910301833603e+02
8.794381400609795492e+02
8.781730449287040301e+02
8.746833754182359826e+02
8.939782301640788091e+02
8.640237579445833944e+02
8.783799996535957462e+02
8.719215092331608048e+02
8.772416779029759937e+02
8.759419464818549841e+02
8.741940484259657751e+02
8.784093667728182027e+02
8.521837273562122164e+02
8.538870590497760986e+02
8.636612492003249599e+02
8.680455528216377843e+02
8.572012414490236552e+02
8.692162361201748126e+02
8.698552927212642771e+02
8.628212235948828948e+02
8.626410213514265024e+02
8.753758485425579465e+02
8.588260779300167087e+02
8.468352479134734949e+02
8.656327720914707697e+02
8.746149792917253762e+02
8.737633156611021832e+02
8.720632319819086433e+02
8.488897803617021509e+02
8.642900716229418094e+02
8.618084691991020918e+02
8.614148353171812005e+02
8.799473805096752130e+02
8.697370128270626992e+02
8.639721846759362052e+02
8.688062683054638455e+02
8.607733608365915643e+02
8.679509735157314481e+02
8.571295872718026203e+02
8.598899990752568101e+02
8.419302440280557676e+02
8.542696341568354228e+02
8.586040302852559307e+02
8.587875892961952786e+02
8.610364963985111899e+02
8.669438809960759045e+02
8.632893028616756510e+02
8.492421901536599762e+02
8.485103969613699064e+02
8.564091981755072993e+02
8.421583753639822589e+02
8.520151390529809987e+02
8.766210427977131303e+02
8.587171938326667942e+02
8.504324612172882780e+02
8.594889860946190083e+02
8.503417962817009084e+02
8.417286674807331792e+02
8.494129448794462860e+02
8.458368453543745318e+02
8.480999617475056311e+02
8.500984230988624404e+02
8.583190740168776074e+02
8.632361891619952985e+02
8.418443507467775362e+02
8.414962965674005773e+02
8.507694101944546219e+02
8.530418051965125414e+02
8.427714966164128327e+02
8.423501224889429295e+02
8.490474024162015212e+02
8.541463807760552527e+02
8.363473765314797674e+02
8.515766814793641970e+02
8.510478682194070643e+02
8.356614317655711375e+02
8.408730590715045992e+02
8.536113381066109014e+02
8.492900809572201979e+02
8.404902783449399521e+02
8.471873063263660697e+02
8.469208180430666744e+02
8.458131323934484271e+02
8.411414844138515718e+02
8.411839773723033886e+02
8.320288554037632593e+02
