8.430584401929405658e+02
8.484580126890066367e+02
8.445975994013722357e+02
8.335459723448257137e+02
8.289603200907656628e+02
8.294678667775912118e+02
8.557107611535948308e+02
8.300331333687190636e+02
8.454956625139519701e+02
8.289123433523863014e+02
8.369834335292914602e+02
8.224172995204877452e+02
8.292115146080318482e+02
8.442827323881292614e+02
8.430818518586653454e+02
8.513536746045456312e+02
8.378487794028868620e+02
8.354836984054112463e+02
8.291997052000893973e+02
8.559725094054574583e+02
8.372511144390915661e+02
8.406120400915023083e+02
8.569944480531149793e+02
8.579633697450500449e+02
8.289387863760985056e+02
8.338130780959937738e+02
8.416828745686467528e+02
8.572803155958087018e+02
8.486457230293693783e+02
8.468356228113193538e+02
8.457406642030234707e+02
8.455908861892263531e+02
8.533965221731101565e+02
8.514371115172884856e+02
8.485780078343303785e+02
8.621286551273110490e+02
8.396185894098257450e+02
8.404795704236164511e+02
8.523750975581475586e+02
8.455433918541159528e+02
8.321233663423408871e+02
8.411576046131432349e+02
8.575459665217406382e+02
8.431320437684421449e+02
8.429105640632989207e+02
8.244364035347213076e+02
8.539014159726851858e+02
8.320488188177919255e+02
8.623692436813726090e+02
8.539874295966055797e+02
8.546003586293635408e+02
8.227577605994832766e+02
8.387240565649314021e+02
8.417813845619092490e+02
8.427982822411117922e+02
8.473316059718335964e+02
8.425115315492760146e+02
8.555815171042021348e+02
8.271727916920290227e+02
8.447631610200130581e+02
8.435102697612466045e+02
8.408229047568653414e+02
8.447342156008888878e+02
8.338438384260776957e+02
8.553656976015167857e+02
8.642628726413523736e+02
8.541591686594172188e+02
8.435394909999735091e+02
8.421017771422002625e+02
8.501619813752387245e+02
8.529892436658440147e+02
8.483018731978369260e+02
8.455302985210209954e+02
8.470906364031098974e+02
8.550711423484741545e+02
8.649868075770775704e+02
8.605420333472092125e+02
8.389961733231554035e+02
8.391843180591069995e+02
8.504921778597980619e+02
8.461467671957102539e+02
8.424252284926526499e+02
8.482564079553741294e+02
8.332429012123742496e+02
8.693928437654168420e+02
8.432572492666356538e+02
8.414106069021881922e+02
8.516716076400338125e+02
8.391677078887690868e+02
8.421150452964280930e+02
8.487109233106644979e+02
8.666739122273522753e+02
8.461592786008785652e+02
8.507564313095367652e+02
8.432251476102754850e+02
8.463029355742423832e+02
8.690862061453728984e+02
8.532694875875431535e+02
8.480819559507668828e+02
8.460427071483053396e+02
8.511859120044114206e+02
8.580922137269761834e+02
8.669742045195027913e+02
8.531856219220420599e+02
8.540995666418234578e+02
8.489675276517073144e+02
8.571013159415589371e+02
8.407610831445825852e+02
8.585615813421193252e+02
8.524579838237082186e+02
8.645786056824792922e+02
8.551839208134834962e+02
8.513036403810004913e+02
8.570389466634431983e+02
8.412928249560952736e+02
8.489675521224796739e+02
8.632359385891041939e+02
8.449291748389123313e+02
8.528112781757495213e+02
8.582441799471519062e+02
8.469195569688581600e+02
8.445187619047170529e+02
8.630184342417953758e+02
8.486948058297518855e+02
8.559077448626024989e+02
8.562631583906845663e+02
8.489413072982661106e+02
8.492969494860038822e+02
8.394105421217617504e+02
8.465622089066607714e+02
8.367580051212469243e+02
8.531595575078683851e+02
8.566627098890314755e+02
8.543392308316845174e+02
8.522616294569006641e+02
8.516952906834197847e+02
8.519067998576686023e+02
8.535869119802894147e+02
8.580205594424369338e+02
8.574270078614307522e+02
8.434942739117128667e+02
8.786315286884730540e+02
8.378397049818058804e+02
8.603178121722289688e+02
8.470758516211674305e+02
8.385684110738280879e+02
8.462325020085431788e+02
8.640712934645212044e+02
8.587516117231677981e+02
8.554174953420679230e+02
8.650602870054152618e+02
8.479993643009166817e+02
8.589169846886943560e+02
8.647535858158879591e+02
8.642125316252830771e+02
8.619527359520867549e+02
8.604326570237793703e+02
8.733896332740013122e+02
8.542585133097782091e+02
8.581767221250729563e+02
8.613770105031720732e+02
8.596096843716185276e+02
8.681707577621976952e+02
8.560810964711670294e+02
8.568552150074182236e+02
8.469064885408072314e+02
8.598537687252488695e+02
8.637796845036808691e+02
8.620223389538152787e+02
8.554773703541130772e+02
8.527105072396456080e+02
8.620896295417020383e+02
8.735337105741914456e+02
8.688832779435575731e+02
8.684478698269624601e+02
8.699520992011721319e+02
8.518843408125549104e+02
8.650168796417635804e+02
8.537921949814498248e+02
8.506437586527094936e+02
8.598569143625010156e+02
8.705552903172674633e+02
8.455088075560477137e+02
8.589285430949296369e+02
8.671371126491785617e+02
8.443861712582672681e+02
8.480973735377386902e+02
8.699249608302811794e+02
8.700080394089496849e+02
8.609585680398554359e+02
8.640992084759459431e+02
8.556063906791721365e+02
8.728294157423281376e+02
8.561158055160562981e+02
8.729449155025653226e+02
8.552708491927418208e+02
8.435942580982309664e+02
8.762268147811985273e+02
8.611687467798230955e+02
8.686502064137371235e+02
8.726242204085446019e+02
8.676297282214427469e+02
8.748493219265170637e+02
8.532858295690027717e+02
8.705354105248126189e+02
8.577332407089013486e+02
8.627608987842630768e+02
8.790666419797244089e+02
8.709486875374739157e+02
8.672180835946114712e+02
8.588688605992156226e+02
8.572523017519633868e+02
8.632180271399518006e+02
8.760059216540971647e+02
8.641386149082521797e+02
8.489381983550483710e+02
8.691208062388853932e+02
8.689777314145443370e+02
8.828020783562020597e+02
8.577192066327510247e+02
8.561159340008455274e+02
8.705890121306360925e+02
8.704420411952689847e+02
8.438269924569451632e+02
8.719848225005081304e+02
8.661094393512161105e+02
8.649188376763954693e+02
8.650366424103374356e+02
8.664109337293998578e+02
8.428395830527199450e+02
8.785279818661257423e+02
8.662657561335423679e+02
8.559996530554184346e+02
8.696248534640469643e+02
8.632346198092858458e+02
8.623361679247532265e+02
8.669870360291507723e+02
8.655267752690739371e+02
8.687440020908635461e+02
8.570566438108786542e+02
8.735995689850341250e+02
8.766383089941696198e+02
8.528073831808925434e+02
8.694908129304909608e+02
8.589200281863910504e+02
8.533189413202437663e+02
8.682658727165852497e+02
8.698662391486175238e+02
8.858868525824158269e+02
8.806272340660212876e+02
8.662557851261822179e+02
8.663772726997109430e+02
8.693397271756231248e+02
8.752510713826351321e+02
8.750384635090396159e+02
8.824314682631810456e+02
8.852082199009445276e+02
8.613931670672737937e+02
8.662477872423169174e+02
8.490659870198187491e+02
8.910409809697669061e+02
8.834742878662507337e+02
8.823203247662030435e+02
8.673201960942187725e+02
8.730866076167725396e+02
8.728834395942907349e+02
8.626637568440172572e+02
8.681256489663902585e+02
8.555052679351509823e+02
8.697809602178060686e+02
8.748227622237537844e+02
8.596053247952768288e+02
8.640205010672417529e+02
8.565086454264368285e+02
8.643318382233250077e+02
8.711200096552242940e+02
8.732016771481308979e+02
8.773896886902568895e+02
8.917775778175446248e+02
8.752851762335840249e+02
8.716215947425522472e+02
8.555135217351610208e+02
8.819511414526393764e+02
8.779334858366634080e+02
8.577536368233133999e+02
8.846285359987610946e+02
8.897445119915910254e+02
8.663410076616740980e+02
8.819385774157386777e+02
8.764851959412076212e+02
8.634153538881195118e+02
8.741110778758928745e+02
8.883161060791538830e+02
8.811780131174059534e+02
8.780022088275266015e+02
8.612927108094556843e+02
8.551751991803316741e+02
8.789704698374353029e+02
8.761557952116589831e+02
8.797729118458389621e+02
8.699002252315551686e+02
8.802625467549523819e+02
8.799848067162232610e+02
8.706344385343094245e+02
8.567599206426195906e+02
8.781443213390211895e+02
8.656051905062495280e+02
8.771374246286962943e+02
8.833110264921062935e+02
8.669700893362096394e+02
8.666377331604807068e+02
8.708157616276472481e+02
8.827484109476013145e+02
8.667426167105114700e+02
8.720041823007891253e+02
8.606875498494672456e+02
8.818774685533985576e+02
8.841162753239101448e+02
8.806693586736450925e+02
8.850343608618253484e+02
8.611248887217390120e+02
8.777014461001023164e+02
8.814758919976027300e+02
8.672117205932514707e+02
8.808863019577008799e+02
8.740365476294105065e+02
8.689401552260778772e+02
8.969044489442568420e+02
8.816820301341972481e+02
8.874104978976739631e+02
8.877880139763720990e+02
8.804083448260747673e+02
8.709018957854792689e+02
8.939790209576794950e+02
9.041301875537170645e+02
8.755622221982075644e+02
8.808766752654871652e+02
8.865370601427796373e+02
8.784485405017970834e+02
8.706439064058444046e+02
8.720573556189496003e+02
8.709104231349062957e+02
8.810391764601589557e+02
8.802490129283646638e+02
8.746684179356429922e+02
8.802454279112467930e+02
8.900976241268143667e+02
8.625481362903193485e+02
8.869411983713830523e+02
8.816890053720942433e+02
8.708504175454255574e+02
8.686699119720758517e+02
8.565257597935725471e+02
8.766152940860206400e+02
8.817028545593376521e+02
8.824825793231944999e+02
8.787676778679000336e+02
8.764302008284162184e+02
8.891841205714046055e+02
8.846413670894315828e+02
8.906510216303977359e+02
8.720571057670559867e+02
8.753826383315561088e+02
8.690362403240239928e+02
8.833102812350983868e+02
8.848136764841493687e+02
8.695807161245268162e+02
8.759482133735713205e+02
8.951788891886260444e+02
8.798359625225692753e+02
8.874748902303369960e+02
8.772698107115182893e+02
8.884353207364566742e+02
8.797861604149437653e+02
8.837779850394167624e+02
8.738392702989549434e+02
8.869820978009299779e+02
9.102897527492739300e+02
8.785957084198929579e+02
8.940982970478130483e+02
8.836804120855517795e+02
8.867585833939012900e+02
8.711754287748979095e+02
8.969987257117982153e+02
8.691931722198354464e+02
8.812963481571125612e+02
8.802516308342268303e+02
8.855167591875067501e+02
8.849682660441269491e+02
8.918949541036400888e+02
8.851500268249358214e+02
8.941963827688325637e+02
8.824113295399893104e+02
8.962313692261903952e+02
8.817133936962575262e+02
8.961462317051885975e+02
8.896686755263635860e+02
8.886620878112777291e+02
8.842353479091394775e+02
8.817403897328625817e+02
8.959756715959090343e+02
9.008807334453229032e+02
8.927998925873457665e+02
8.942310427251419469e+02
9.020027119819150130e+02
8.751847591355103759e+02
8.856078954445852105e+02
9.044782309304634964e+02
8.893381474149523456e+02
8.867071626922786436e+02
8.829155881228891758e+02
8.728346821132081459e+02
8.900374312119311071e+02
8.846514144517744853e+02
8.879402350185218893e+02
8.976491358564975371e+02
8.881073348419547528e+02
8.991191523668298942e+02
8.741567269402652300e+02
8.968797620566330124e+02
8.983740933236646242e+02
8.802422202576522068e+02
8.833166862123748615e+02
8.891912754586016945e+02
8.716708254906236562e+02
9.052811777216452356e+02
8.760984874868661336e+02
8.855196716105959922e+02
8.941202858730757725e+02
8.843379371912720899e+02
9.010604698019581065e+02
8.855840353158141625e+02
8.958928674822360563e+02
8.914669663893171219e+02
8.988480502170328919e+02
8.976592164268869283e+02
8.907179064413447804e+02
8.786071490292068802e+02
9.020337463452099200e+02
8.912088657788467572e+02
8.838126822240627689e+02
8.940717128858208298e+02
8.802090794027631091e+02
8.821118277256373403e+02
8.781852720291668675e+02
8.856977781388089852e+02
8.864733004783672641e+02
8.833241242777313573e+02
8.884097230396981786e+02
8.784924709702039536e+02
8.961778222606657209e+02
8.864477440896288272e+02
8.935429664572451429e+02
8.723218638960123599e+02
8.876544672511010958e+02
8.993152139730729004e+02
8.891563619446465054e+02
8.918673134778101712e+02
8.852679953755992983e+02
8.924156356788414541e+02
8.977144940590113720e+02
9.001429869172561666e+02
8.931261902873640111e+02
8.835979937377684337e+02
8.972622344200949556e+02
9.041037493240544336e+02
9.061588510299933432e+02
8.882053479267066223e+02
8.973181661971967742e+02
8.780961974388897033e+02
8.944402955936242279e+02
8.728319365637922829e+02
9.077108951713848910e+02
9.017418770202829137e+02
8.928496828424540581e+02
8.801063903128824677e+02
8.918614575509952829e+02
9.064261043351141325e+02
8.894793445213900895e+02
8.965295847958149125e+02
8.827841398077338226e+02
8.807988650124610785e+02
8.775613749100484711e+02
8.926766700719198298e+02
9.016924108394321138e+02
8.912464430019889505e+02
8.915125246123386660e+02
8.968890598196734345e+02
8.936285302667944279e+02
9.014500093667178362e+02
8.925715900068240671e+02
8.788716871894215501e+02
8.929500549532090190e+02
9.034246331802015675e+02
9.002810063999972954e+02
8.968267848174722303e+02
9.080845800412179187e+02
8.955189188467815029e+02
9.101690069975868482e+02
8.856673240148628565e+02
9.102788371425675678e+02
9.034606531327863195e+02
8.930889107362391997e+02
8.874851668776001361e+02
8.988367530741375049e+02
9.061493698450103693e+02
8.930220030393173829e+02
9.012969439996744541e+02
8.995076209270379195e+02
8.970395225010204285e+02
9.092517632230593563e+02
8.871656718552867460e+02
9.003564313999478372e+02
8.896072379969079975e+02
9.040468363538501535e+02
8.923261875528778546e+02
8.976047842379999793e+02
9.081227166806585274e+02
9.067044178460312196e+02
9.052923199612185954e+02
8.924209694603207481e+02
8.902889826432449354e+02
8.931134294760400962e+02
9.078482153975839992e+02
8.939912333629190471e+02
8.832948732173192639e+02
9.075625233264211147e+02
8.854037736467715831e+02
9.073592057619518982e+02
8.910992686405303402e+02
9.049277895870204702e+02
8.814664818426875854e+02
9.000108339267569590e+02
9.057285196565039769e+02
9.157887390225283752e+02
9.002251673387262372e+02
9.077457000812934211e+02
9.032855636944583466e+02
8.943015753174697693e+02
9.079557663820911557e+02
9.115065760337538450e+02
9.082992573731633001e+02
9.147296597568868037e+02
8.903999802739604092e+02
8.864697508798490162e+02
9.044808987008119630e+02
8.989286559656728741e+02
9.089000493289792075e+02
9.135590042365610088e+02
8.813618587900255079e+02
9.115377715791398714e+02
9.149919244970524232e+02
8.984937244492596164e+02
9.086530333090050817e+02
9.119675059845986880e+02
8.944221855303686652e+02
8.869367729940470326e+02
8.884365022483416396e+02
9.222571949029780853e+02
9.042004178125566796e+02
9.066741867480810697e+02
9.131503833234907006e+02
9.044595464028282095e+02
8.988789666148428523e+02
8.876460802336387133e+02
9.115519492442218734e+02
9.003471203939584484e+02
8.930062527376129538e+02
9.022356178710982704e+02
9.111488575696279213e+02
9.214145268346072726e+02
9.206912442696008156e+02
8.984205683492867820e+02
9.245831001395361000e+02
9.054740671037595803e+02
9.157503139089486695e+02
9.029114961533078940e+02
9.065266587020635143e+02
9.019320849417223371e+02
9.005540048794861150e+02
9.099114629776317997e+02
8.927730453854895813e+02
8.942794450954155536e+02
9.179420010137190502e+02
9.037958557224783362e+02
9.050973730029780882e+02
9.190881169277093932e+02
9.079618214141479484e+02
8.920794755044522617e+02
9.150167966529974137e+02
9.203575459377516381e+02
9.133602639028097201e+02
9.036774779132958884e+02
8.998915530059766752e+02
9.110513129997405031e+02
9.283745815273116477e+02
9.174788946322632910e+02
9.116620964161845677e+02
9.159335956536009462e+02
9.028199084084551487e+02
9.110761093181835122e+02
9.108869893843523187e+02
9.068162647861100822e+02
8.968342264732126523e+02
9.146461554224501924e+02
8.982987188483559748e+02
9.066052041698832227e+02
9.157341852572359358e+02
8.991985739571148315e+02
9.057216656744631109e+02
9.219006169297118731e+02
9.154791065482315844e+02
9.181022567651746158e+02
9.189774304255743118e+02
9.161450171974697696e+02
9.009263797403064018e+02
9.049682131197670287e+02
9.033024280321002379e+02
9.119074240866996206e+02
9.134049042508289631e+02
9.216394680404966948e+02
9.164299085122351016e+02
9.228295504028857295e+02
9.265693385416989258e+02
9.032854982122632919e+02
9.065518189469260051e+02
8.969087387198082979e+02
9.137402850119813138e+02
9.115796757914697537e+02
9.074380488638928455e+02
9.120687853169015398e+02
9.087225191462533758e+02
9.079786145614538100e+02
9.067194297661053497e+02
8.858385811305870448e+02
9.205649729757827799e+02
9.144469536859005530e+02
9.238469231750855215e+02
9.186524272325189031e+02
9.058952700576509187e+02
9.071420922088199177e+02
9.067917966348636583e+02
9.255293193405829015e+02
9.114961879956858866e+02
9.254503824103720717e+02
9.365851215994981658e+02
9.043203844311574358e+02
9.210982507269236521e+02
9.288620919650743417e+02
9.077396787990408029e+02
9.151944279033029943e+02
9.248804916933895583e+02
9.115182938418107597e+02
9.130259654890447791e+02
9.193733839229075784e+02
9.199325516268237379e+02
9.435123163420314540e+02
9.193194540388461746e+02
9.260478927997734218e+02
9.265317725801976394e+02
9.169304273506558047e+02
9.242312812033026148e+02
9.155970171110586762e+02
9.234649288011765975e+02
9.057786801045597258e+02
9.136105556499737759e+02
9.430364973306033107e+02
9.159111805750596886e+02
9.101736962146776477e+02
9.085039605910207001e+02
9.186355927633011333e+02
9.245304396226587187e+02
9.176610142123494143e+02
9.013187190502293333e+02
9.222153502270125500e+02
9.226422850490836254e+02
9.275189685608903574e+02
9.195574599345333127e+02
9.023295138821255250e+02
9.188113224060841731e+02
9.196359567968161173e+02
9.036798415345581361e+02
9.286110022762542258e+02
9.238597102117656732e+02
9.118072358656346523e+02
9.099186698160790456e+02
9.033913168644633060e+02
9.244528123208176567e+02
9.304550982040479994e+02
9.102673534184303890e+02
8.996293468799697166e+02
9.185460684137964336e+02
9.304966411073755808e+02
9.248811759613404320e+02
9.063387038336630894e+02
9.170520939694824847e+02
9.423025648425998497e+02
9.280064864934856814e+02
9.176742467518286048e+02
9.138398634220795884e+02
9.328041511179932286e+02
9.264963377590252094e+02
9.137450090699256862e+02
9.139261739512344320e+02
9.142710458074335520e+02
9.188081341739158461e+02
9.206674434753838341e+02
9.294003208583307014e+02
9.239145127387756702e+02
9.156581256430237090e+02
9.138434887957778301e+02
9.136767311260862243e+02
9.166348210623152681e+02
9.247411122626342603e+02
9.286899044133812140e+02
9.231892665473139914e+02
9.199077618010386459e+02
9.255790120851739857e+02
9.216971097644593556e+02
9.114104759712985242e+02
9.307168675271709617e+02
9.189365259086184778e+02
9.224461290886698634e+02
9.292991125059812703e+02
9.239027536741007225e+02
9.379171926183064443e+02
9.190100483069988968e+02
9.273033089017812927e+02
9.271304720891145053e+02
9.370782688551645379e+02
9.416381452634595917e+02
9.316736903893222461e+02
9.285652058842409815e+02
9.332070333131898678e+02
9.328309264055022823e+02
9.314413852808663705e+02
9.250867817908357438e+02
9.285199790041649521e+02
9.253241501038096430e+02
9.184603560903075277e+02
9.280424165897153443e+02
9.415133684351975489e+02
9.303301367135170494e+02
9.303698799159335522e+02
9.255343226666474266e+02
9.236541266244082635e+02
9.262048348755459983e+02
9.268400686170498375e+02
9.322670288338073306e+02
9.198442087223687622e+02
9.332879505677744874e+02
9.220365740647456505e+02
9.168914399978633583e+02
9.285064868226979797e+02
9.283254643753449500e+02
9.239736928693148457e+02
9.340181702371943402e+02
9.140407397090123141e+02
9.203084262190239997e+02
9.295334052517010832e+02
9.319741038082466957e+02
9.358904717669553293e+02
9.342435879732827289e+02
9.366286862391123123e+02
9.236171479311010444e+02
9.284373060513452174e+02
9.289960431441451192e+02
9.141442394360091157e+02
9.245768877159182466e+02
9.178774857768421498e+02
9.229997280654997667e+02
9.229037580406501320e+02
9.284034717169629403e+02
9.284644338806812129e+02
9.422076285218576004e+02
9.288577549998753966e+02
9.255232252601789469e+02
9.299545482384301067e+02
9.277110036897055352e+02
9.321145002468604162e+02
9.312323480758745973e+02
9.260706188179021865e+02
9.246535682732666146e+02
9.313296220787134416e+02
9.344778170825876487e+02
9.260124054062929417e+02
9.398698800444684593e+02
9.290478502885005128e+02
9.144825600201960469e+02
9.326393104687965661e+02
9.248131543861348973e+02
9.366898446135078302e+02
9.273603712989249743e+02
9.340377170265616087e+02
9.325563421008903333e+02
9.325659781511029678e+02
9.302497476900275615e+02
9.289134163561622017e+02
9.371726573453356650e+02
9.310926177029617747e+02
9.278287786944817981e+02
9.242711808723262266e+02
9.428328182010569662e+02
9.403505015189031155e+02
9.240046085441573496e+02
9.405160523272249975e+02
9.258272555230947773e+02
9.452310185950223058e+02
9.097650244931272709e+02
9.352274511526072729e+02
9.243668310716230962e+02
9.477678693162755508e+02
9.299207804715950942e+02
9.419069994637977743e+02
9.273320447677282345e+02
9.285333738951962914e+02
9.368384830662341756e+02
9.225215441288800093e+02
9.188977150335933857e+02
9.322878042067575279e+02
9.420678049287487283e+02
9.408117316651955662e+02
9.368761011014630640e+02
9.312094222087772550e+02
9.215525819644998364e+02
9.440103042206658301e+02
9.261495568841359045e+02
9.251604196465309542e+02
9.231576599896701509e+02
9.265480830656258604e+02
9.339254219719866796e+02
9.396355443340281681e+02
9.298432202456001505e+02
9.400418485386652492e+02
9.367767734101469159e+02
9.457739775199614769e+02
9.476207691017355046e+02
9.407142978487074743e+02
9.239390545575929536e+02
9.282694025645696456e+02
9.431079325505396582e+02
9.486558998315998679e+02
9.246150412903060669e+02
9.326540003211067642e+02
9.293266049924200161e+02
9.395506188754964114e+02
9.370349796893153780e+02
9.358748329324308770e+02
9.478589967930064404e+02
9.370259294208569827e+02
9.310743973195984609e+02
9.283531614276425898e+02
9.326020837488922552e+02
9.330262637642047139e+02
9.381726707909487004e+02
9.261677648943878012e+02
9.515407040959738652e+02
9.459890904639222526e+02
9.466773474409783375e+02
9.508706911004089761e+02
9.531687399617205756e+02
9.392930481588514340e+02
9.363569168383565966e+02
9.353849758661605165e+02
9.570398127203133072e+02
9.481960588704869224e+02
9.325258920947973138e+02
9.530541765125881284e+02
9.295472440716076790e+02
9.437471125285721882e+02
9.574704223588406649e+02
9.441412189881315271e+02
9.156967915307636758e+02
9.472603207085585382e+02
9.373649042878192859e+02
9.387227572984945709e+02
9.412493155001819787e+02
9.539129105677079679e+02
9.196992951659051414e+02
9.281271170710680281e+02
9.415189292607553853e+02
9.374118960461983079e+02
9.373105977960989321e+02
9.472639074739910257e+02
9.452219482236696422e+02
9.355294366380016982e+02
9.505615313030798461e+02
9.268067427716222255e+02
9.393632090433792428e+02
9.432855297471903668e+02
9.298667828214203155e+02
9.506694811329132335e+02
9.327912707254200768e+02
9.528911688408553573e+02
9.367077167827791300e+02
9.340605228949075354e+02
9.350862807631712030e+02
9.565375317335167438e+02
9.444100192058850780e+02
9.303503606451963606e+02
9.486259746869409355e+02
9.431066089116923195e+02
9.503181788452509409e+02
9.433968003341840358e+02
9.436865247665283505e+02
9.372907463102807242e+02
9.351866021399339388e+02
9.426889300185525826e+02
9.601961173063482420e+02
9.431934840534690920e+02
9.464073656781324644e+02
9.343347196604196370e+02
9.372668442035462704e+02
9.344881510055731724e+02
9.400822625821344900e+02
9.525118487020712337e+02
9.390885098911319346e+02
9.582367776703226809e+02
9.392410302712073644e+02
9.304632474856800854e+02
9.430200439500216589e+02
9.568821435267141169e+02
9.511555189844089000e+02
9.268429854169734199e+02
9.426704581811820844e+02
9.529357769257444488e+02
9.518267013875251905e+02
9.428471806676701590e+02
9.480250481871546526e+02
9.434259923904007792e+02
9.441654506327645322e+02
9.456695026954995456e+02
9.440109635880515953e+02
9.473600231357671646e+02
9.414153903381652526e+02
9.434714709158934056e+02
9.514262814209337193e+02
9.430466062105341507e+02
9.513378048577460504e+02
9.275075084293674763e+02
9.526707635350694545e+02
9.478486757601605177e+02
9.334656954701775931e+02
9.506415390090829760e+02
9.462714987070941106e+02
9.263935579570222671e+02
9.349696439752935930e+02
9.510679254025716318e+02
9.527062099261028152e+02
9.538442084174645288e+02
9.424189817023117257e+02
9.519398776412350571e+02
9.346965491769644814e+02
9.363606035656551967e+02
9.589463304132167423e+02
9.490856593098774283e+02
9.406900333467751807e+02
9.592723159795293668e+02
9.514508056244723093e+02
9.482407117023731189e+02
9.473469823259277973e+02
9.423503887181582286e+02
9.723821635955441707e+02
9.625669388155271236e+02
9.538483699976827666e+02
9.601995208216145556e+02
9.536592432912543700e+02
9.526602185730424708e+02
9.443601434123443141e+02
9.352705879410052603e+02
9.389751326160194367e+02
9.578697661445587528e+02
9.754125754982575245e+02
9.532712872064959129e+02
9.668812661664899224e+02
9.462032776023610268e+02
9.510090273839473411e+02
9.640297651873504492e+02
9.460759580854057731e+02
9.376461166458010439e+02
9.353720205336663867e+02
9.534378932091968863e+02
9.604458679580046692e+02
9.587184346832951860e+02
9.588615101990759513e+02
9.519406883725554280e+02
9.589863176008129813e+02
9.548331185667356067e+02
9.640828375830753885e+02
9.577331083806454899e+02
9.374252549024329255e+02
9.551439445110030420e+02
9.660100558353424276e+02
9.454318536370265065e+02
9.699390636652231024e+02
9.489312518235609559e+02
9.643985602839761668e+02
9.569736749088248189e+02
9.634794997233187814e+02
9.542005710407563583e+02
9.534837282465138060e+02
9.528771189317554899e+02
9.602507028247541712e+02
9.664732233368447396e+02
9.582269896026822380e+02
9.532170688994378907e+02
9.564397137703446106e+02
9.437060572892737582e+02
9.537270318325804510e+02
9.524791428193395859e+02
9.499105485794117385e+02
9.563559637056918064e+02
9.699182149140787033e+02
9.668479484960146237e+02
9.505760378144086644e+02
9.594835354985312961e+02
9.756157799479694859e+02
9.598543465460363677e+02
9.664863736945141000e+02
9.549280483218860809e+02
9.566025092034836916e+02
9.414934336442846643e+02
9.529861167548566527e+02
9.550957870145093693e+02
9.602851764307192752e+02
9.503732019028569766e+02
9.605361846143789535e+02
9.550488909637263077e+02
9.556802428650091770e+02
9.514278957539667090e+02
9.737059118133278162e+02
9.585047996618366142e+02
9.567010640126443377e+02
9.692616478792833732e+02
9.574621525083475717e+02
9.601566885757740692e+02
9.735560138340604226e+02
9.545764292049068445e+02
9.558273775463879929e+02
9.690711977090486471e+02
9.565023637983805429e+02
9.689607079958861959e+02
9.550460097817343694e+02
9.614522042554178825e+02
9.657463146481239846e+02
9.600063098466916927e+02
9.528036625045824621e+02
9.552493472750261390e+02
9.595107162531572840e+02
9.551139041674352939e+02
9.527318957504512582e+02
9.538280391337427773e+02
9.530372207620596328e+02
9.564234156870118113e+02
9.654889023987311703e+02
9.630083419771566469e+02
9.517980119868053634e+02
9.661863371625680657e+02
9.545111073623133962e+02
9.619964284457496433e+02
9.523855837229276631e+02
9.439222641906795843e+02
9.608340787040001487e+02
9.705968814712409767e+02
9.636241623809522707e+02
9.677301987302574844e+02
9.819108906417899334e+02
9.724741940760758325e+02
9.671300819480803739e+02
9.476978388501265727e+02
9.576954093519757407e+02
9.742507440912604579e+02
9.545019521939586866e+02
9.577057412526282860e+02
9.610965780598720585e+02
9.653290695985967886e+02
9.696319587172802130e+02
9.445455073153425474e+02
9.405189639268600104e+02
9.868167110298865055e+02
9.624151953401930086e+02
9.597467213875153220e+02
9.561820612608030387e+02
9.585159652826403089e+02
9.635873099053520718e+02
9.657728645207080262e+02
9.569406041636234477e+02
9.521620358719997057e+02
9.788766417381842757e+02
9.524428974619488599e+02
9.710846928878147537e+02
9.559956906269251249e+02
9.577963670868375630e+02
9.552386248419470576e+02
9.676710972947884102e+02
9.718177062681485268e+02
9.574783115163486400e+02
9.691731142104495120e+02
9.661363524190679755e+02
9.780063342321889195e+02
9.828574362779449984e+02
9.571737671548614799e+02
9.502361395141842877e+02
9.531897480430500309e+02
9.704768029191204732e+02
9.642033748437262375e+02
9.692178756733819682e+02
9.645767863507563789e+02
9.800883570205485285e+02
9.895532093035216121e+02
9.657308489082151937e+02
9.624649914772900274e+02
9.697546458747248153e+02
9.582665267771161552e+02
9.727148818395593253e+02
9.648708050645175263e+02
9.688443024202706511e+02
9.567553299594716236e+02
9.725918046761943287e+02
9.662866528427440471e+02
9.789732282913601011e+02
9.740242340890677042e+02
9.765406399662490458e+02
9.819407171786027675e+02
9.653151500483423888e+02
9.628778607801751832e+02
9.800601829500282065e+02
9.551773236680652417e+02
9.698417628775972616e+02
9.734052419745653424e+02
9.700942710971644374e+02
9.554872489544967493e+02
9.725510996410189364e+02
9.741370542490785738e+02
9.722794158373523032e+02
9.692901893833331997e+02
9.748160834595478264e+02
9.700431170312610902e+02
9.658973336633637246e+02
9.798014380838037596e+02
9.724169842107149861e+02
9.689832690055077364e+02
9.717921331328783481e+02
9.850580325885706543e+02
9.788716476973800127e+02
9.674769642910401899e+02
9.637999464184590579e+02
9.671696382354529078e+02
9.712812041377613923e+02
9.654076566883110218e+02
9.684788108992515845e+02
9.686299490352022303e+02
9.769560246132614338e+02
9.758763163872597488e+02
9.766193008571426617e+02
9.572897686611161134e+02
9.775281665998122662e+02
9.689306512345867759e+02
9.604908800503094426e+02
9.797639597002230403e+02
9.642340244696298441e+02
9.585803236341801039e+02
9.610907787589931104e+02
9.675578910340939274e+02
9.755310127331331387e+02
9.646057581403777021e+02
9.876765978252390141e+02
9.760025332998919794e+02
9.821773478560627382e+02
9.731514120118251867e+02
9.694445347738272858e+02
9.755690555796109038e+02
9.750021089926838158e+02
9.698027652752568883e+02
9.718673364541440378e+02
9.851402565291720066e+02
9.733158951800700152e+02
9.544766534679813503e+02
9.691506344454013515e+02
9.944763969490934414e+02
9.757253854397609985e+02
9.732022914056395848e+02
9.786886812722125342e+02
9.682133303258898422e+02
9.815012489078993667e+02
9.784677676464494880e+02
9.790126234328099599e+02
9.774459892440910380e+02
9.840675708779302795e+02
9.802700040994145638e+02
9.699446804688063821e+02
9.832955606779863729e+02
9.672472075540274545e+02
9.788086916732997906e+02
9.773680673285290368e+02
9.761696202747906455e+02
9.911026180058007640e+02
9.813937596671881920e+02
9.930806203678830570e+02
9.699204840839338431e+02
9.671320780937282962e+02
9.889843925054842657e+02
9.835629284858703159e+02
9.788644425722212645e+02
9.545718265057906819e+02
9.653870518133426231e+02
9.699776865357581528e+02
9.811989440994032066e+02
9.774377973576754357e+02
9.720626446930641578e+02
9.740281604454808075e+02
9.934978068190968088e+02
9.755365288470679843e+02
9.742684663464373216e+02
9.834616973243749953e+02
9.861608670697007710e+02
9.852001080010491023e+02
9.868432822344283295e+02
9.989347787061763029e+02
9.821845044371839322e+02
9.805247534011732569e+02
9.776443183454384780e+02
9.685231256688210806e+02
9.839736339279276081e+02
9.698315386707206471e+02
9.661073179846015364e+02
9.971046056099897896e+02
9.934833674615661039e+02
9.705002659335601720e+02
9.774347838448595667e+02
9.826598196524681725e+02
9.829334032706533435e+02
9.849392797595858156e+02
9.858144386041369671e+02
9.913595737651845639e+02
9.979844836925088885e+02
1.000342911394116072e+03
9.864760998259208691e+02
9.774481921513443012e+02
9.828117603171170913e+02
9.969812857836576541e+02
9.830761299928359449e+02
9.671009400331440702e+02
9.770336991181485473e+02
9.885130557053608982e+02
9.864550018105030631e+02
9.766497382960374125e+02
9.764793105545512617e+02
9.722321972491191673e+02
9.788987827711675891e+02
9.814927254979759255e+02
9.833777504291014111e+02
9.777088315113460339e+02
9.920261698670844908e+02
9.775032847139750629e+02
9.803444000329692471e+02
9.797789910861232556e+02
9.872844617499100650e+02
9.847719122497908302e+02
9.866755969918018536e+02
9.891554118075572433e+02
9.903620225959706431e+02
9.939903684161907904e+02
9.910153483308279192e+02
9.753031804857001816e+02
9.758422142962103862e+02
9.969235863126373260e+02
9.708703890064341522e+02
9.810660101557804182e+02
9.981853761914453571e+02
9.883861743721390667e+02
9.982824760001461755e+02
9.734797219278037801e+02
9.764147949793861017e+02
9.779772376502280622e+02
9.906272483992279376e+02
1.000065453077046868e+03
9.900686992237845061e+02
9.933639496495493404e+02
9.931875449569275816e+02
9.823994077030947665e+02
9.740840214410892486e+02
9.823428009270768371e+02
9.833036103558903278e+02
9.910726307003536704e+02
9.830463098645830087e+02
9.762462607841372346e+02
9.880124838337495703e+02
1.000093715875886460e+03
9.925350932771475527e+02
9.735282494882126230e+02
9.868655539131731302e+02
9.883765371086255982e+02
9.753252602930227795e+02
9.827509534938401430e+02
9.883979476323977451e+02
9.785614002230237247e+02
9.823350344648406463e+02
9.876146315265290241e+02
9.696454304405137918e+02
9.890594709959005968e+02
9.874407282366370282e+02
9.800482492187819616e+02
9.935451933180920605e+02
9.939200040579995630e+02
9.823914112824003269e+02
9.722425486545432705e+02
9.906733551802894908e+02
9.978758912558450902e+02
9.894066641465079783e+02
9.794761441567920883e+02
9.799021179752076023e+02
9.789979795473377635e+02
9.970821338573682624e+02
9.608721308895908351e+02
9.888586352972224631e+02
9.838134316369175849e+02
9.830805697112667758e+02
9.829568017070859014e+02
9.812795623036511188e+02
9.716291083460857863e+02
9.861154903056171861e+02
9.912495831505436854e+02
9.898676779834736408e+02
9.905705643629762562e+02
9.924838711760432943e+02
9.817734838256560579e+02
9.831067319697515359e+02
9.901094314275942452e+02
9.822821993544363295e+02
9.917329522398437121e+02
9.882013698839753033e+02
9.831199820810991241e+02
9.896566207568600930e+02
9.893459159997813686e+02
9.954906088185454109e+02
9.840507939905888861e+02
1.008424388821654247e+03
1.003610985320430814e+03
9.835139485557465377e+02
9.918714947739051695e+02
9.871612478278356093e+02
9.921274840605677809e+02
9.909687595050188520e+02
1.005370442870375655e+03
1.003617152157096029e+03
9.953957807330466494e+02
1.006546651511365440e+03
9.968981876715444059e+02
1.001549222923136654e+03
9.993214102171664308e+02
9.798732274940348361e+02
9.908873020308866444e+02
9.878768016797325799e+02
9.968819495365140710e+02
9.894276713333606494e+02
1.012189005930783992e+03
1.007326180269069937e+03
1.001193460538638305e+03
1.003321965063073890e+03
9.959638346427948363e+02
1.000302284023661286e+03
1.000450956411104244e+03
9.954175826254149797e+02
1.002761117319828259e+03
9.889179383602286180e+02
1.004176391589991795e+03
9.912376143891461879e+02
9.897215508101943442e+02
1.012820375121365373e+03
1.005646526624930402e+03
1.002565185212746655e+03
9.973416238058318868e+02
9.911959478571820910e+02
9.918351501005644195e+02
9.982313702777663593e+02
9.759520775567614237e+02
9.918785857295109736e+02
1.000279795770990631e+03
9.910385297883267413e+02
1.014924702149098835e+03
1.005032936515474603e+03
1.002276919631912619e+03
9.788802747148930621e+02
9.931220311111613910e+02
9.991495448457080784e+02
1.002639719639084319e+03
1.006130886007991535e+03
9.710972658733548997e+02
9.768586794138499272e+02
9.873278634724154017e+02
9.890140972698036421e+02
9.943379656877081061e+02
1.010817564306142913e+03
9.923609652396172578e+02
9.902623454695412875e+02
9.892234016124219806e+02
1.009865052669830106e+03
1.005973980988025573e+03
9.987804950072647898e+02
9.985878578079704084e+02
1.008875244046399871e+03
9.917572428795308497e+02
1.009282430667537369e+03
9.871104686567490489e+02
1.011020692472313272e+03
1.003130404374191812e+03
9.933863696861833432e+02
9.891509548185359790e+02
9.913460752198315049e+02
1.003019831153604514e+03
1.000065705058372828e+03
1.007990110991472079e+03
1.011367407953864017e+03
9.998393810713655512e+02
9.996801732397709657e+02
9.877568023538599391e+02
9.998253765623030631e+02
1.017333792507266935e+03
1.005079999517367014e+03
9.917721447809996107e+02
1.002263449430620994e+03
1.011920060134469509e+03
9.919834280931509056e+02
9.808968266036387149e+02
1.005393434539291775e+03
1.002195634075037219e+03
1.007597467917490121e+03
1.016268552549860146e+03
9.921402607757057694e+02
9.949388934684003516e+02
1.003988500380078221e+03
1.006527049208923131e+03
1.009068908546007833e+03
9.953372527605619098e+02
9.932312398013652910e+02
9.920802442029835220e+02
9.837397097753172375e+02
1.013369568625991747e+03
9.978063231357649556e+02
9.896090861058872861e+02
9.910864021076771451e+02
9.949456308630800550e+02
9.890415678607748760e+02
1.008007166466966510e+03
1.001677083435467807e+03
9.881998819246524590e+02
1.003349240838786159e+03
1.011178939602392006e+03
9.994464453637317547e+02
1.007406905429560197e+03
1.007496001853883740e+03
9.967315601385266746e+02
1.004839804790594030e+03
1.002103505699635889e+03
1.022079962384298142e+03
1.021733291310695222e+03
9.877973120644059009e+02
1.003257188658405084e+03
9.999973685122624829e+02
9.955757205523605080e+02
1.018054189268694586e+03
9.907024867489435564e+02
1.012327886857521321e+03
9.991005824160102975e+02
1.001834371564866615e+03
9.956956048230516672e+02
1.021157818967605294e+03
9.950374101736014154e+02
1.018326028240336427e+03
1.002454942677190047e+03
1.020901388174257477e+03
1.004065459147764500e+03
9.948636890698146544e+02
1.003100387992229003e+03
1.017461643770996147e+03
1.008775969771654786e+03
1.010327307894609135e+03
9.998636698682728365e+02
1.010824097526225160e+03
1.011748680045297306e+03
1.010762423694471181e+03
1.009524498493147121e+03
9.995509790646088959e+02
1.010070511425268023e+03
1.008390695727115144e+03
1.000875571689850631e+03
1.018157939276733828e+03
1.017590528186595861e+03
1.006101654967726063e+03
1.004288173435329554e+03
9.931299474898634116e+02
1.015275300891555389e+03
9.937958043359158182e+02
9.934936149259235663e+02
1.010320694646496804e+03
1.014649374673521720e+03
1.001663686899254344e+03
1.007108795758414203e+03
9.883175427317861477e+02
9.997141717840730735e+02
1.008548491535871904e+03
1.005292405548290162e+03
1.000883512002071484e+03
1.011624835614583276e+03
1.015451135189974821e+03
1.015285075693625799e+03
1.001000775023222786e+03
9.904101819363063441e+02
1.015770971146915599e+03
1.014679336235827463e+03
1.012430024281587407e+03
9.987398561085932442e+02
1.002546620510620642e+03
9.976053922572698411e+02
1.004294205246353613e+03
1.006704462153629152e+03
1.024529290447567064e+03
1.029886865011129203e+03
1.009074080032891402e+03
9.910273150717600856e+02
1.003770927085718995e+03
1.017837661369950524e+03
1.002444001518263349e+03
1.017219121793169165e+03
1.005673391421996484e+03
1.011823165521932424e+03
1.015719891122930449e+03
1.007338041427685425e+03
1.020637875155531447e+03
1.010634398880562912e+03
1.015022635608328642e+03
1.025282882529199469e+03
1.003466446915779784e+03
9.984927085266019731e+02
1.007205350331844329e+03
1.005740402843900711e+03
1.005048635097012607e+03
1.017897740040520262e+03
1.014156919531280892e+03
1.006400399657876847e+03
1.019824533169585152e+03
9.982137134334750499e+02
1.002428204578082727e+03
1.007495129178278944e+03
1.007875523628886526e+03
1.011211651652439855e+03
1.015719084922319894e+03
1.020667877856947712e+03
1.016256969696310080e+03
1.019223854470936431e+03
1.010803711565873527e+03
1.013094245495064001e+03
1.015123254354870710e+03
1.014128956172085168e+03
1.013570296128145628e+03
1.004311912395039826e+03
1.030884235998550594e+03
1.009303909391132379e+03
1.006184060854099130e+03
1.011976548624459951e+03
1.001643145717191032e+03
1.004349447675278498e+03
1.015983671350689406e+03
1.012825202760335856e+03
1.008290480412565103e+03
1.024061422536064811e+03
1.014568094546831503e+03
1.007695072984319495e+03
1.020476293613705593e+03
1.020016236357564253e+03
1.023806802912752573e+03
1.016128741990997128e+03
1.010347758300529904e+03
1.011816762936248892e+03
1.019521447808543826e+03
1.017041728031065759e+03
1.018134630681054318e+03
1.004670615004232332e+03
1.021996648847240976e+03
1.010596467663969293e+03
1.007207522033862119e+03
1.021264477364369213e+03
1.002335648257479079e+03
1.015616473747824671e+03
1.017833659860542070e+03
1.015277722640626166e+03
1.016223035563299618e+03
1.012042150568431339e+03
1.022527809388188189e+03
1.036573176834207288e+03
1.023690202750558683e+03
1.017443288671791947e+03
1.010422792582263241e+03
1.034423270146166033e+03
1.027333762130143896e+03
1.004695699874856018e+03
1.007641092367721853e+03
1.019540363275065715e+03
1.007462508851808025e+03
1.030027230283409153e+03
9.994688600687553617e+02
1.019618548638595826e+03
1.021802345654373994e+03
1.015484087071925160e+03
1.030769506192724521e+03
1.027983477281493833e+03
1.013780220943467498e+03
1.017079403467357565e+03
1.020443072932139444e+03
1.032036758784695394e+03
1.040469538956919223e+03
1.028284521889118423e+03
1.019187369109802034e+03
1.015230150674913489e+03
1.022325733864443464e+03
1.032832652700433073e+03
1.029000257799918472e+03
1.021244082183273122e+03
1.010394910678256906e+03
1.023584690838720007e+03
1.019578927000653493e+03
1.005865329027963526e+03
1.004790165540459839e+03
1.011229228952328072e+03
1.020562093538807062e+03
1.015395549034814280e+03
1.028216389973857986e+03
1.025947964304455127e+03
1.026397442353502129e+03
1.034308948854247546e+03
1.017758840710429922e+03
1.035186600434302136e+03
1.013775018256563158e+03
1.001805752171479412e+03
1.023587376860738459e+03
1.014815294909063482e+03
1.006184768939029937e+03
1.029931716255502806e+03
1.018081548267221137e+03
1.020464842385326278e+03
1.020025315019133586e+03
1.021058974944591228e+03
1.036448672967117318e+03
1.019413191293184013e+03
1.030431847569973797e+03
1.025134805224335423e+03
1.022104130651885612e+03
1.025026765048077095e+03
1.034482635923747011e+03
1.016777220221208836e+03
1.009024366354644144e+03
1.025084795788536894e+03
1.036383791275839258e+03
1.016671850914676952e+03
1.008183697751644218e+03
1.008304497431273262e+03
1.014831253644442768e+03
1.026300262122024378e+03
1.022165977705740261e+03
1.028194367267733469e+03
1.020358455974812955e+03
1.025805662293821115e+03
1.026056189427047002e+03
1.027716278835813682e+03
1.012686421131494285e+03
1.025928937599110668e+03
1.033565148237790709e+03
1.021058951949468337e+03
1.012025260292039889e+03
1.025379079828459226e+03
1.019498392187813806e+03
1.026293848658505794e+03
1.009146144440362264e+03
1.019486354004321129e+03
1.025976763911552553e+03
1.014974808851450803e+03
1.017169873338891762e+03
1.021827471756389627e+03
1.010733300673707618e+03
1.020831136559732954e+03
1.021698292403951996e+03
1.033824699222426943e+03
1.022576516058798120e+03
1.029446303417911622e+03
1.030524709611501976e+03
1.010112917074638176e+03
1.027199220416759545e+03
1.025351652660091759e+03
1.032215945235973095e+03
1.031916424267857792e+03
1.041120144852706289e+03
1.022331055134619533e+03
1.018451974743345318e+03
1.031563717437400783e+03
1.021071345995756701e+03
1.008292564798880562e+03
1.036637372060861253e+03
1.032042353968967745e+03
1.023099636777266937e+03
1.024160948481964169e+03
1.024089908822363668e+03
1.035972906496935821e+03
1.017670256464983026e+03
1.023603537148874580e+03
1.024299350752775808e+03
1.023908665619798853e+03
1.035344820862196684e+03
1.044266166917443115e+03
1.042900260430793878e+03
1.026035682966470631e+03
1.028950196645515689e+03
1.019224391894845326e+03
1.023708744909343864e+03
1.032229345259475167e+03
1.032589811078089951e+03
1.034877111369073646e+03
1.019749310854061378e+03
1.023727990126446116e+03
1.024239725644354166e+03
1.028788088033312533e+03
1.028445683845514850e+03
1.024704004205829278e+03
1.033534901878676919e+03
1.022686984744196252e+03
1.030636436747694233e+03
1.025095685856085993e+03
1.031119664980681137e+03
1.014050275681720336e+03
1.044091173300894752e+03
1.032894358487671525e+03
1.035993552199078749e+03
1.030072070545265888e+03
1.038550028992060788e+03
1.036909723748120769e+03
1.022597646581998106e+03
1.045197600532654633e+03
1.038644067019971772e+03
1.044297113371052319e+03
1.032310021533714234e+03
1.023514469807108981e+03
1.021849129968112948e+03
1.033518415583114802e+03
1.031845409668884031e+03
1.025971022431397387e+03
1.028021535881900263e+03
1.043657368763146451e+03
1.029018257515519963e+03
1.036692618767525801e+03
1.027646101855430288e+03
1.034552649154947630e+03
1.022722793365095185e+03
1.026827991000560814e+03
1.034510968867771908e+03
1.028510631492258653e+03
1.029228769537908647e+03
1.028716677600214325e+03
1.020262887854907717e+03
1.033005839251879252e+03
1.023612441881830819e+03
1.035110607610714624e+03
1.017588492622376975e+03
1.039103839477241308e+03
1.041385349498404594e+03
1.039794462365988466e+03
1.054709957530371412e+03
1.019179551593077917e+03
1.019680639752271873e+03
1.037445433051802638e+03
1.045309990708442683e+03
1.036671202135872818e+03
1.041756771205855330e+03
1.019097239244159141e+03
1.036946546342166130e+03
1.017149415281132633e+03
1.032093305572134796e+03
1.039201951791091233e+03
1.041014361833653993e+03
1.028472323403645532e+03
1.031175956068184860e+03
1.041729602612387907e+03
1.044798407759429665e+03
1.029261625103772303e+03
1.041737528939470394e+03
1.035200617756517204e+03
1.033261024461237639e+03
1.034881415259359073e+03
1.031127121654004213e+03
1.048593964636656438e+03
1.052175372824139458e+03
1.027856257847260849e+03
1.016266451447217150e+03
1.035794261818436325e+03
1.028166252464358422e+03
1.034011150598236554e+03
1.039659862311473034e+03
1.031830159908358610e+03
1.036262891660183186e+03
1.043941700777594178e+03
1.034255778596109167e+03
1.054760950189434425e+03
1.041977983323813078e+03
1.043191166606926345e+03
1.034255531368241009e+03
1.041935858071975645e+03
1.043456892520058318e+03
1.039022746969731770e+03
1.037474700083054131e+03
1.043320995262877204e+03
1.046808636790739456e+03
1.039502770799911787e+03
1.037614220303719321e+03
1.032002679304518324e+03
1.036955618140301794e+03
1.046771268520842341e+03
1.030388091203662043e+03
1.041732099169510548e+03
1.032657284201964103e+03
1.041205263074111826e+03
1.043515996807962210e+03
1.041537535696949590e+03
1.031238887107044548e+03
1.028836255521994872e+03
1.045177693568966561e+03
1.044146931110494734e+03
1.042390552523046381e+03
1.055496935161645752e+03
1.041518384634719951e+03
1.033356955432139557e+03
1.032162554025711415e+03
1.046797196081663287e+03
1.054588245210161631e+03
1.030298898257928613e+03
1.050707320898108719e+03
1.019396420605320714e+03
1.043708342806196242e+03
1.041052180811179824e+03
1.032660635799596548e+03
1.039925034277726354e+03
1.027670337389259203e+03
1.032178187503274785e+03
1.034221524130915441e+03
1.043601220531018043e+03
1.032373466532415023e+03
1.032877432064512504e+03
1.028527459393467780e+03
1.028469770680439979e+03
1.040451088855793159e+03
1.026689242603039474e+03
1.050063506548528267e+03
1.034759295896310505e+03
1.040178070144691674e+03
1.039853524968848888e+03
1.038925865104964032e+03
1.046774115719594647e+03
1.053447210262685758e+03
1.022452406856561652e+03
1.031932283211199092e+03
1.031380676055436197e+03
1.048515499080061090e+03
1.044299888650544517e+03
1.042364609154187292e+03
1.034275491280546021e+03
1.040455742934510226e+03
1.055430699022901081e+03
1.045166272929888464e+03
1.048453173612210549e+03
1.034145908340118922e+03
1.043900527410979748e+03
1.048699412114951883e+03
1.045947870457827094e+03
1.028660040530108290e+03
1.042255711589537668e+03
1.019733788647449614e+03
1.046964669615738330e+03
1.040891725659323356e+03
1.044395974465059226e+03
1.044466730113769017e+03
1.030979878260822716e+03
1.043147281760322358e+03
1.034580836483754410e+03
1.039338547158993833e+03
1.032540466741495493e+03
1.037405676513806611e+03
1.046204883111605795e+03
1.031315614740314459e+03
1.043936486224735745e+03
1.041286214425752405e+03
1.044152039933328069e+03
1.040296689897699252e+03
1.047063386993284894e+03
1.037279787212263045e+03
1.050660675453355225e+03
1.034484197929356014e+03
1.039633203562181734e+03
1.033229919990957342e+03
1.052807469589211223e+03
1.039489808069942455e+03
1.056268373036377398e+03
1.053088199321516413e+03
1.045189550284745565e+03
1.041459411986971418e+03
1.044377900919233753e+03
1.044936586097463987e+03
1.037204399553315625e+03
1.035819801720570467e+03
1.045295842516785797e+03
1.052017162028062785e+03
1.035525547555215780e+03
1.052096770479848146e+03
1.040477482336109460e+03
1.034745931978090539e+03
1.042289884490409577e+03
1.048192270557459551e+03
1.033848868088013887e+03
1.044211776082530378e+03
1.059857717950889537e+03
1.034247584801209769e+03
1.045209764734932605e+03
1.042794327880773608e+03
1.031584790057160262e+03
1.056642905901183440e+03
1.043566081827179005e+03
1.033592986195529875e+03
1.046903021193304994e+03
1.048868982352452576e+03
1.040577683653495569e+03
1.040383358166279095e+03
1.040580949648140631e+03
1.043751682635855332e+03
1.052542172052332944e+03
1.058837963781554208e+03
1.047889443298704919e+03
1.045063306607278719e+03
1.038945928694455461e+03
1.031874671903006401e+03
1.051500439058371967e+03
1.045051749656278844e+03
1.036582672647795789e+03
1.043575750149045689e+03
1.046905673131667527e+03
1.053861757607908203e+03
1.062756465101565709e+03
1.057232138693733532e+03
1.042065298283091352e+03
1.042370656504774615e+03
1.036181421595414804e+03
1.034978770234086824e+03
1.038737520251572278e+03
1.051847069877359672e+03
1.042840880780388943e+03
1.053448165462425095e+03
1.054877832361319406e+03
1.055747416892023693e+03
1.044804343983451645e+03
1.035090783860903457e+03
1.047840096721686677e+03
1.034539957994989436e+03
1.046646868091399028e+03
1.062709020879489344e+03
1.034841181594497584e+03
1.045106264275309741e+03
1.035247075850057854e+03
1.051186694686980900e+03
1.053527365759158556e+03
1.034893889491475193e+03
1.033387174339062085e+03
1.052746969470808608e+03
1.043326227253012348e+03
1.034123542022268111e+03
1.043700363274389474e+03
1.049937571220300697e+03
1.053334053077585395e+03
1.042089135022450591e+03
1.038813762427821075e+03
1.058674012376008477e+03
1.063023809942419803e+03
1.044516191953179941e+03
1.043523009379076257e+03
1.046453880881055966e+03
1.061738575841434795e+03
1.052873533990774604e+03
1.047459059841503404e+03
1.049436170395623549e+03
1.053097354387839459e+03
1.045700821018168199e+03
1.038343672418163578e+03
1.047539344458582946e+03
1.035561834217859314e+03
1.044489814039805879e+03
1.036284796602775714e+03
1.043767169844845284e+03
1.035142350409203118e+03
1.046414326412518903e+03
1.044867738473893723e+03
1.050691424134848830e+03
1.028201669005843314e+03
1.055562535111830584e+03
1.054483265624281785e+03
1.053752915216562542e+03
1.032835887955317048e+03
1.049818682238302245e+03
1.063350045766150743e+03
1.044688482540722134e+03
1.050418760725369339e+03
1.055230475953405403e+03
1.041009286864433989e+03
1.049765864145943169e+03
1.065066381475795424e+03
1.066349129289799976e+03
1.056322224043020242e+03
1.040543944520051355e+03
1.045136995454364978e+03
1.053549591293958201e+03
1.056931196821302365e+03
1.052738692481984799e+03
1.041575768333050974e+03
1.049593229163854630e+03
1.040052793562611214e+03
1.047904117869924903e+03
1.055048546750807645e+03
1.051539927906424964e+03
1.046696142789138321e+03
1.064445074481201573e+03
1.050524065447842759e+03
1.048644806869199101e+03
1.061790543024067574e+03
1.049890053614880799e+03
1.030591729994711386e+03
1.056203047041228729e+03
1.044150106845521805e+03
1.044792042817100537e+03
1.048614470041199866e+03
1.040794205722202832e+03
1.079892106046186655e+03
1.055593026997040397e+03
1.054103423573511009e+03
1.050345428351273767e+03
1.045098588811255922e+03
1.066015900737713082e+03
1.048213838271694158e+03
1.056723086229143291e+03
1.034977710949327275e+03
1.062307986818215340e+03
1.064946052361706734e+03
1.069312137913810147e+03
1.041780944063210427e+03
1.044071217502848413e+03
1.053575830856148968e+03
1.057035638826514514e+03
1.062611411840678784e+03
1.044744849719859076e+03
1.044928179320936806e+03
1.058494299440007353e+03
1.049385291787896904e+03
1.051164106756017190e+03
1.045056706356152063e+03
1.048003779907744502e+03
1.057814120501499701e+03
1.048105503150542972e+03
1.065952085258519674e+03
1.049859530497708192e+03
1.048292825089257121e+03
1.049084071069370566e+03
1.059965344236706414e+03
1.051566204200048560e+03
1.052022377667620276e+03
1.040442995547186456e+03
1.045360743547326138e+03
1.060883699655517830e+03
1.071341401230639804e+03
1.057724779042092450e+03
1.065290623327931144e+03
1.051424508926367935e+03
1.062451837895543349e+03
1.066083052949774583e+03
1.062447850774305834e+03
1.051418517164771856e+03
1.053162333138285703e+03
1.055196067312188006e+03
1.062686687173702694e+03
1.051612121237379142e+03
1.057664378394901178e+03
1.054534080396335867e+03
1.050440613295451158e+03
1.037183381053340099e+03
1.063303235484248489e+03
1.041104373126571090e+03
1.040939087557527046e+03
1.050431050250253520e+03
1.034132365113666083e+03
1.062552022034805304e+03
1.041352804704212303e+03
1.040476343040799065e+03
1.058071309590873625e+03
1.060663776183452228e+03
1.061590479929859157e+03
1.049287705506305429e+03
1.049826574386888979e+03
1.045070881975530028e+03
1.052911968148916912e+03
1.051627941515263274e+03
1.053636984006586090e+03
1.051331329705698863e+03
1.059474131136538517e+03
1.045700767507576984e+03
1.045164101960369635e+03
1.062309802396768646e+03
1.054805632564810139e+03
1.056111947896125230e+03
1.047198865066920916e+03
1.072769284109672299e+03
1.048971411568218173e+03
1.063160956293440904e+03
1.058764512910847770e+03
1.054366655189293624e+03
1.053367525767319876e+03
1.052628273922256085e+03
1.048014765484862210e+03
1.066741308471572438e+03
1.046544359735360331e+03
1.049267203254123842e+03
1.047445879388525555e+03
1.040210959817382445e+03
1.056051240137966033e+03
1.051531656493847095e+03
1.062898015633416890e+03
1.051484927608457383e+03
1.057539783190570688e+03
1.034712677715785730e+03
1.058457630211363721e+03
1.061600949038850786e+03
1.055652381456698777e+03
1.045092693946249483e+03
1.063513781247560019e+03
1.059064405745594513e+03
1.060723967123095235e+03
1.067889530519993968e+03
1.055724178966257114e+03
1.056755371357465265e+03
1.065189372654074759e+03
1.061618930592340121e+03
1.050871210978460340e+03
1.046792327587515501e+03
1.070674781953060346e+03
1.048967633942777184e+03
1.061314562644389980e+03
1.051952724543215936e+03
1.066908685807364236e+03
1.042510544372536287e+03
1.064659842414386958e+03
1.063666052784581098e+03
1.063607919276585108e+03
1.062244737793562535e+03
1.067282670466880290e+03
1.062630678705510491e+03
1.052665232895973077e+03
1.041800544573924981e+03
1.044397025545127235e+03
1.046167079208528321e+03
1.047590711384015776e+03
1.065111048396042861e+03
1.065270506926216967e+03
1.049895551690464799e+03
1.054849864347997936e+03
1.074453776746789799e+03
1.041186540735256585e+03
1.062125556236583861e+03
1.058302497651877957e+03
1.049355003270549105e+03
1.053735979440279834e+03
1.043367357170040805e+03
1.059508388024026999e+03
1.042657917991806471e+03
1.053653222330131939e+03
1.061138580408930693e+03
1.050102249358207018e+03
1.048564951122901903e+03
1.066259514778206722e+03
1.053908982504762434e+03
1.052787960515908253e+03
1.056052296999354439e+03
1.057612139783752809e+03
1.070820443921383003e+03
1.052208213416324725e+03
1.059906992471313515e+03
1.055548197042011452e+03
1.056390243512985990e+03
1.055626979260724966e+03
1.059960363152753871e+03
1.060486044249415500e+03
1.049476931461935010e+03
1.046404253283101980e+03
1.062212494409826832e+03
1.057331462656188705e+03
1.065235237773386416e+03
1.061113227008273952e+03
1.043649616823439601e+03
1.054608940285246035e+03
1.062468192365916366e+03
1.057973614466211075e+03
1.067736172478425942e+03
1.063010316316606122e+03
1.060219244606174470e+03
1.045336087703063640e+03
1.040562505294495168e+03
1.059763389046317798e+03
1.062319084524971686e+03
1.061158947054595728e+03
1.055755275388040900e+03
1.053749869482032409e+03
1.051534027379315148e+03
1.048901106353713658e+03
1.061145689337693739e+03
1.044834926420733382e+03
1.057653684482241033e+03
1.060318432834216765e+03
1.060453752603200883e+03
1.058221174223935122e+03
1.055998760387472657e+03
1.061732835144106048e+03
1.072595589220215743e+03
1.063304178749393259e+03
1.046162638468443220e+03
1.067046460351403994e+03
1.055767515470665330e+03
1.055933178875281783e+03
1.048646650562865489e+03
1.065490856060962869e+03
1.047348958977564280e+03
1.057392566004528362e+03
1.062972798372621810e+03
1.055409616936251496e+03
1.062137984715930543e+03
1.044884409984995727e+03
1.053020065589165370e+03
1.067874518709041922e+03
1.064615775927810091e+03
1.068494228896054437e+03
1.062455053898513142e+03
1.050304258211043816e+03
1.040623918762991707e+03
1.056779846812912183e+03
1.066185262257186423e+03
1.061948900596345084e+03
1.061294694924386476e+03
1.052512982469245117e+03
1.063212729372066860e+03
1.051521354595838829e+03
1.058646233898170976e+03
1.075337802883596851e+03
1.078814526213601539e+03
1.056676677451921250e+03
1.043435321990308694e+03
1.060039479961126744e+03
1.047676980734502877e+03
1.053065381821524625e+03
1.072815977984937717e+03
1.054146226763094546e+03
1.049197118924492088e+03
1.071622437979812048e+03
1.063763594009810504e+03
1.084092118115112953e+03
1.051580101142715421e+03
1.050293651281921939e+03
1.058828342298298139e+03
1.049204144816860662e+03
1.069803040366225332e+03
1.059048672645513761e+03
1.066287804982835041e+03
1.059523887000797004e+03
1.053078509369034009e+03
1.054784752398911905e+03
1.053125888856968459e+03
1.063455511873905834e+03
1.051934609189421508e+03
1.069067748966424915e+03
1.042836056206114108e+03
1.056234762703784099e+03
1.066391976434685830e+03
1.059047893473902377e+03
1.068354421946210095e+03
1.054862971510329771e+03
1.059887351614557701e+03
1.061439490263991729e+03
1.066484643939262924e+03
1.049690969490794714e+03
1.060743560828268528e+03
1.066697489870061872e+03
1.060228230150675699e+03
1.063328449102600871e+03
1.059409360999163937e+03
1.048661398451151399e+03
1.064621944908956948e+03
1.061119956045921299e+03
1.062647097809496472e+03
1.062211538393139335e+03
1.072971559802382217e+03
1.060345213433996832e+03
1.050033794210745782e+03
1.059885594375576147e+03
1.053567252507693183e+03
1.041192623799189732e+03
1.048140277425662589e+03
1.050637129057596439e+03
1.056861314383100535e+03
1.053668570080091513e+03
1.058889625050686163e+03
1.073091600234998168e+03
1.064496620100982000e+03
1.070704356798050412e+03
1.071565953844429032e+03
1.073001571932217075e+03
1.051177402282753519e+03
1.061587773021300563e+03
1.066738660121653538e+03
1.065114332557108810e+03
1.068272643106661462e+03
1.071363783260839909e+03
1.067841751908562856e+03
1.060856672384656349e+03
1.061400424380320146e+03
1.073991611408895778e+03
1.060845454333280713e+03
1.058924720951363724e+03
1.068345939070562736e+03
1.055524624667990338e+03
1.066083636574616321e+03
1.057681782491334388e+03
1.059966912009433827e+03
1.048092977964276088e+03
1.049556132620932885e+03
1.051214226352389460e+03
1.058359928256337298e+03
1.079181562300453606e+03
1.060245304500675275e+03
1.054433404941992649e+03
1.049959399189845954e+03
1.050010764215632435e+03
1.068302229736040317e+03
1.054183229139338664e+03
1.071050351692286540e+03
1.068239732606346024e+03
1.058441413025729616e+03
1.069025573660482678e+03
1.066208741668795483e+03
1.061534919371422575e+03
1.062943396140709183e+03
1.056028892091233956e+03
1.064545510526713770e+03
1.059724291832729250e+03
1.050351730266477489e+03
1.065388596939275203e+03
1.050304995453230731e+03
1.061352474559703751e+03
1.061496326350689742e+03
1.051569033649870562e+03
1.048254783544992506e+03
1.053832942544584739e+03
1.042040880938782493e+03
1.066261098595344265e+03
1.059171618717946103e+03
1.055214148443430304e+03
1.043255103115460770e+03
1.055818375496777662e+03
1.065239989240406885e+03
1.060282369037581475e+03
1.059021830787186445e+03
1.045077061084636171e+03
1.055007165201805719e+03
1.059179522351051673e+03
1.059867412947515732e+03
1.056104217947882489e+03
1.064680147963116042e+03
1.046729958667233859e+03
1.047933374816570222e+03
1.071963202084727982e+03
1.044897379832743582e+03
1.065101617459874205e+03
1.062499947583919493e+03
1.056683360401385244e+03
1.056091888148891258e+03
1.050279605463558710e+03
1.063656211345848533e+03
1.074005570575584898e+03
1.065571586831819786e+03
1.067681186715693457e+03
1.056411708279238610e+03
1.042889676707279250e+03
1.068614227352561784e+03
1.068073130639556439e+03
1.063890177738037210e+03
1.059103088013070419e+03
1.052086737254746822e+03
1.040212127600623944e+03
1.054482369919936900e+03
1.058117369661253178e+03
1.070607988373320950e+03
1.058796885865970580e+03
1.069495413678008617e+03
1.062949055738801462e+03
1.056405246368703729e+03
1.051977748698287769e+03
1.066132455499203161e+03
1.059665767223899820e+03
1.067702824987725535e+03
1.064626748311997517e+03
1.063959610753178367e+03
1.052623433221887126e+03
1.061906364210509309e+03
1.059149931957010267e+03
1.059498329963041670e+03
1.078202274309115182e+03
1.046786206876529150e+03
1.043856644370452386e+03
1.060679949650878370e+03
1.067156803157721242e+03
1.069039700932691630e+03
1.050527794997801038e+03
1.059304234675595126e+03
1.050414165959052525e+03
1.060005034204134972e+03
1.054806869533241979e+03
1.058240892611286654e+03
1.064844397440570674e+03
1.066719654745625576e+03
1.073722710801593848e+03
1.056978732205833694e+03
1.078061064125109851e+03
1.071255678489758793e+03
1.070210330620599279e+03
1.063546216428571142e+03
1.070397092431205465e+03
1.047079524061924531e+03
1.063390894428874390e+03
1.044247448718480882e+03
1.075657564141902867e+03
1.065643942321907616e+03
1.083756903961265380e+03
1.068142801853967967e+03
1.053126766386645613e+03
1.051185947577812158e+03
1.049235964764099208e+03
1.054615751757743737e+03
1.052306629557680708e+03
1.063220082548441951e+03
1.071042163372618916e+03
1.049705130570092706e+03
1.057101940162372330e+03
1.052645207954624084e+03
1.067718850268535107e+03
1.055237136988168913e+03
1.053485087644318810e+03
1.068077111708601933e+03
1.062559058775089852e+03
1.054200081002133629e+03
1.046769660863114041e+03
1.048563149066165124e+03
1.066330222584606418e+03
1.058246754871629491e+03
1.062431356566005888e+03
1.065280026499020551e+03
1.062933067459192216e+03
1.063030207729308813e+03
1.070533206831691587e+03
1.060823088894566354e+03
1.061201922635685378e+03
1.045652689232977309e+03
1.062126154360492819e+03
1.059484107234045950e+03
1.061494097536718982e+03
1.053802988379644830e+03
1.056055723975930277e+03
1.055664908635572601e+03
1.064007448868351275e+03
1.067575580480037161e+03
1.070176945608585811e+03
1.061634066260822010e+03
1.049983576734166490e+03
1.058129454442329006e+03
1.047908745049081290e+03
1.053458165805961016e+03
1.050743325766467251e+03
1.057247736962585805e+03
1.067936794289127420e+03
1.075230170974977682e+03
1.063973364542689751e+03
1.042598507675851124e+03
1.070947845709764806e+03
1.056337850893831728e+03
1.056349306912178463e+03
1.060298389827406936e+03
1.058748008005472002e+03
1.058028602248588186e+03
1.062329861603248673e+03
1.062156835273452089e+03
1.057791575184978683e+03
1.074569978830237915e+03
1.050311667234205743e+03
1.054133959025907643e+03
1.071511852130766101e+03
1.072824647116440474e+03
1.059002804052114243e+03
1.056160234261282767e+03
1.053573054873432284e+03
1.062696847089049470e+03
1.051031826690507614e+03
1.069850880370836194e+03
1.051472542749219656e+03
1.051306391627205585e+03
1.051580349308692348e+03
1.057137004030467097e+03
1.066519239421650809e+03
1.056862109829399742e+03
1.066926574172566234e+03
1.053032348572561204e+03
1.066017970336370126e+03
1.051236506566925527e+03
1.063112400396535122e+03
1.046120491626147668e+03
1.055147481810676027e+03
1.061761355469395539e+03
1.045582907615149907e+03
1.057408149670340663e+03
1.059566808544606829e+03
1.057863825786085727e+03
1.072574167590448724e+03
1.045497808880855473e+03
1.066177747802183376e+03
1.066099208977298531e+03
1.069971711945913739e+03
1.067362014629423356e+03
1.058225301539417615e+03
1.046259732452053868e+03
1.055006181775665027e+03
1.054967185875500491e+03
1.065326402046638577e+03
1.071960402926741153e+03
1.074160431910386478e+03
1.056215776167344757e+03
1.052213234606566857e+03
1.059744303816713455e+03
1.053376311839491791e+03
1.051470386487483438e+03
1.068264006430807285e+03
1.058491293239642573e+03
1.047281593613668065e+03
1.063771843071875082e+03
1.056781772386766534e+03
1.055318505877791722e+03
1.064332461016363141e+03
1.058491673334185862e+03
1.055597346446664687e+03
1.050650849673922721e+03
1.075965544365794358e+03
1.052548457989636518e+03
1.050952846537933510e+03
1.050240558979383195e+03
1.066111806985938529e+03
1.055569721766158409e+03
1.040389485750055428e+03
1.060056366074245489e+03
1.058363106969964747e+03
1.054768881969971744e+03
1.060053165529021953e+03
1.060523658177000470e+03
1.057574508285378215e+03
1.075297535605306393e+03
1.051393716709011642e+03
1.076904355973498696e+03
1.059538435503180381e+03
1.047168921289509854e+03
1.058329921618021217e+03
1.051571511163955165e+03
1.051758732626002711e+03
1.062597754510570667e+03
1.058201792987499175e+03
1.062834776425700966e+03
1.063144399599440476e+03
1.067726806409061965e+03
1.057553509914851702e+03
1.071300940391522772e+03
1.056457709917334341e+03
1.040716457846535377e+03
1.063152289524668731e+03
1.044373767014000123e+03
1.060961662077599385e+03
1.064443417463780406e+03
1.046666560440804915e+03
1.054133122973732270e+03
1.067978820867893319e+03
1.049753364979317212e+03
1.069915427255656823e+03
1.066274720155980958e+03
1.060968160971547377e+03
1.062735503978274437e+03
1.055233741973196629e+03
1.055021183346989119e+03
1.058992195871287322e+03
1.053536874015835792e+03
1.051206219996725849e+03
1.055971630714218691e+03
1.043089880146112591e+03
1.062275883581151902e+03
1.061328634524627432e+03
1.045973966200416498e+03
1.060882226028831383e+03
1.066682254201375372e+03
1.050136520917966664e+03
1.043703269800621911e+03
1.047357113096838020e+03
1.056137742380112741e+03
1.047070905223107957e+03
1.049730643069479356e+03
1.067712061009701756e+03
1.052943420014894855e+03
1.047073114563737136e+03
1.063601229983790290e+03
1.056619212346678978e+03
1.064025041184709835e+03
1.045968525248812966e+03
1.052439572714290534e+03
1.052074921807826058e+03
1.039764446747715056e+03
1.050091370470010588e+03
1.035532509084840967e+03
1.058685736851760112e+03
1.080816524667872727e+03
1.053191182147872496e+03
1.049365187631090294e+03
1.037490906628433095e+03
1.048438306282219855e+03
1.056494027748241706e+03
1.043036878580684288e+03
1.065667434071342541e+03
1.069637760008665964e+03
1.059142337237508627e+03
1.063543593076828529e+03
1.041561704158654493e+03
1.059327295348233974e+03
1.055506770821249347e+03
1.063583439735179127e+03
1.046722276528445491e+03
1.048380491579284126e+03
1.053596503349629074e+03
1.047702087904597192e+03
1.050373600908594426e+03
1.055331137170407146e+03
1.056195850385046242e+03
1.048558227755745520e+03
1.062737365304471268e+03
1.055892948046461242e+03
1.041546320504664436e+03
1.053769411898346107e+03
1.057290267875406016e+03
1.056828879078885393e+03
1.050878582778426562e+03
1.035743286272200748e+03
1.052560202294043620e+03
1.047270712898021202e+03
1.057176163644992585e+03
1.056353888866651005e+03
1.041038779324580673e+03
1.036851009905844194e+03
1.047731621330342023e+03
1.055453484516659955e+03
1.064018043663143999e+03
1.054724404479993609e+03
1.058083028513661475e+03
1.064230616291754131e+03
1.056090994589394995e+03
1.051047729114871117e+03
1.047789339705736666e+03
1.059631395442271014e+03
1.053290362595570286e+03
1.032477922131010928e+03
1.057694534373858460e+03
1.048892223073438117e+03
1.050341040094439450e+03
1.038102076270524321e+03
1.060442520920353218e+03
1.054552853882331192e+03
1.026386496963111767e+03
1.053443177039666580e+03
1.046816496688475809e+03
1.055660458394579109e+03
1.045616023009654327e+03
1.064868844721510186e+03
1.041422288745932065e+03
1.038604365562889143e+03
1.047185313760221106e+03
1.064490148011188012e+03
1.058103865565603883e+03
1.045118150046173241e+03
1.052644080600560983e+03
1.039823759868392017e+03
1.051565183650664267e+03
1.052061473547773858e+03
1.060999441775622245e+03
1.060159941427468084e+03
1.055847360987957018e+03
1.047734362297368534e+03
1.067305688963157763e+03
1.048539165451577446e+03
1.054274301586025558e+03
1.062965951452658146e+03
1.052880166500776113e+03
1.047394928475337565e+03
1.040006902207703433e+03
1.052392352775699692e+03
1.042173448927995651e+03
1.046984279496918361e+03
1.030308022617629376e+03
1.040183685505635822e+03
1.059459936611226340e+03
1.058432064003835876e+03
1.044337406385689292e+03
1.065851817355892990e+03
1.054319123837954521e+03
1.043306707933385269e+03
1.044171191496456686e+03
1.065226238686281022e+03
1.049935280992814569e+03
1.055336085772195474e+03
1.051244840046023455e+03
1.046012906884747281e+03
1.036184018536964459e+03
1.046989824357768839e+03
1.053395810084472259e+03
1.053080081110077799e+03
1.042143975467871542e+03
1.053102739476937359e+03
1.030243156646560010e+03
1.049445229702745110e+03
1.055399516026003539e+03
1.048618865181123056e+03
1.048358671032826578e+03
1.048092155308646170e+03
1.050428579988926003e+03
1.042584890812088133e+03
1.044121252470353056e+03
1.050120816484875377e+03
1.054628050922267221e+03
1.035618256392205922e+03
1.041057318663639990e+03
1.052594295559791362e+03
1.049944056263844232e+03
1.049284592943683947e+03
1.037868550496201578e+03
1.051159149146461232e+03
1.056415137610206330e+03
1.049596838377090762e+03
1.034084298590600611e+03
1.042659914114102776e+03
1.040538058811121118e+03
1.054717504514943812e+03
1.044907226823556130e+03
1.062016587684715887e+03
1.050768369368570120e+03
1.047764319485337410e+03
1.044915905306157583e+03
1.036525654074960812e+03
1.042361067709452300e+03
1.048051280927770676e+03
1.024860258891606236e+03
1.062571693143432867e+03
1.033720538815365444e+03
1.045538296110601323e+03
1.039007621316132372e+03
1.043208627972959903e+03
1.037153384338076421e+03
1.043388284577311651e+03
1.043880471164813116e+03
1.042985016515429152e+03
1.042134407003140041e+03
1.043815065904570474e+03
1.041309779738719044e+03
1.048224650849132786e+03
1.038563809002362404e+03
1.042299704626914036e+03
1.042321466781922936e+03
1.040146912238770710e+03
1.049590979183945137e+03
1.049849398842090068e+03
1.041308691558707096e+03
1.041409910134907250e+03
1.051001736468202807e+03
1.038434670261357041e+03
1.053728073595282694e+03
1.028840187456062040e+03
1.046593586382027524e+03
1.049687737177529471e+03
1.051381253567516296e+03
1.031392272130969332e+03
1.040476347640777703e+03
1.052025297960056378e+03
1.029769320757992091e+03
1.050286563580998518e+03
1.051816566046625439e+03
1.042256595670665547e+03
1.049299065071337282e+03
1.043104510341262994e+03
1.042325315185669751e+03
1.045663794673598431e+03
1.048226003219918539e+03
1.035656096852067094e+03
1.042685073682163193e+03
1.034214033330784559e+03
1.043018763686491184e+03
1.047087398270765561e+03
1.041445320971969295e+03
1.039237656246068354e+03
1.056573808803964994e+03
1.030609787952147599e+03
1.031847279382077431e+03
1.045978750750112567e+03
1.037774053814476019e+03
1.039293422288105148e+03
1.039667804731722526e+03
1.040241553374647765e+03
1.036737249563580463e+03
1.049142898858585340e+03
1.042582610987464705e+03
1.038825579370009791e+03
1.025382390378551463e+03
1.040541680001696477e+03
1.035480427554030030e+03
1.048969358235698792e+03
1.047897633179678223e+03
1.040444878917577853e+03
1.039603249122422312e+03
1.035183197081042636e+03
1.036409018807455823e+03
1.042625281085376173e+03
1.028061324703244054e+03
1.031196191497803056e+03
1.036923713929666746e+03
1.043659843599624764e+03
1.040218324690961026e+03
1.040972170424409569e+03
1.046279450793190563e+03
1.039656758158739649e+03
1.042430092464968311e+03
1.023941018893673686e+03
1.036722868658303469e+03
1.023319420132041500e+03
1.031179786402436548e+03
1.030257193329904112e+03
1.027485163111532529e+03
1.043451520993751046e+03
1.031279242933046362e+03
1.038025432068261580e+03
1.024725445945307229e+03
1.044180311598146773e+03
1.027748214181390722e+03
1.031143847221800115e+03
1.033121587855054713e+03
1.036956287274549368e+03
1.032260308516913710e+03
1.050022070984404763e+03
1.036569632942485896e+03
1.036067763781379881e+03
1.039833921755236588e+03
1.024922323386683047e+03
1.028764333710046685e+03
1.019030040705328133e+03
1.036162710727298418e+03
1.026857367790670651e+03
1.036286169652432818e+03
1.050368151849084143e+03
1.033242614368929480e+03
1.024356443106107236e+03
1.035187305741608043e+03
1.033656452113189289e+03
1.024898310088175549e+03
1.034828944566150540e+03
1.022215378960572025e+03
1.031384117849033373e+03
1.031653842120427271e+03
1.047184540105991118e+03
1.031531575014226291e+03
1.024736083049662284e+03
1.035628897769241803e+03
1.040675296646101515e+03
1.028744007176090918e+03
1.012659784271046192e+03
1.025690816989066434e+03
1.025499138393355224e+03
1.029317218034027064e+03
1.045634433132225695e+03
1.031953264405280152e+03
1.042671993394772471e+03
1.015638755780322413e+03
1.031976088305771100e+03
1.046633455034774215e+03
1.026764942155500648e+03
1.020999260899468482e+03
1.020115914637037918e+03
1.019929979546540267e+03
1.035778438357872574e+03
1.043325412610550302e+03
1.027636408880958015e+03
1.027381630746307565e+03
1.017094214960560066e+03
1.030637504182576095e+03
1.021433566276402303e+03
1.025470663912811006e+03
1.032293693145816633e+03
1.015159983205899607e+03
1.023735847182647717e+03
1.032241728316714216e+03
1.031121877811735658e+03
1.036231396560903249e+03
1.028659155734612114e+03
1.013200485592517794e+03
1.026654757149615762e+03
1.046551004423428367e+03
1.022381434245575520e+03
1.017103687078456687e+03
1.022444861237732198e+03
1.027196912745863528e+03
1.018593994976165277e+03
1.027472208403903551e+03
1.029416809901115585e+03
1.020823620849607209e+03
1.049043263479722555e+03
1.035436684047716199e+03
1.027378065557337322e+03
1.035273692724485954e+03
1.023253416081541900e+03
1.017772480458135647e+03
1.028882223545870829e+03
1.029612848434713669e+03
1.018646816726580823e+03
1.026865996355638572e+03
1.010348860858004741e+03
1.025496330126497014e+03
1.026648959008125303e+03
1.025061195542713449e+03
1.013703978504467727e+03
1.024923629601540824e+03
1.013386782059548409e+03
1.021350642712242347e+03
1.014309823166260685e+03
1.013437553648873518e+03
1.026264823865935796e+03
1.022848509031773233e+03
1.015661073086638567e+03
1.024626359089859534e+03
1.021635709405129091e+03
1.007729710784991198e+03
1.032215534591961614e+03
1.018225778376942344e+03
1.021339745639474586e+03
1.014851358529663003e+03
1.015148626984926409e+03
1.022836726960159581e+03
1.025996607288820087e+03
1.023737371723339379e+03
1.004567882399559721e+03
1.029113158257716350e+03
1.016199964007056565e+03
1.026906391188494581e+03
1.008232191438450400e+03
1.026324078989901864e+03
1.016396225189065035e+03
1.020308714002997249e+03
1.008630638437783546e+03
1.022054742551989307e+03
1.025874960475259513e+03
1.016270785692662571e+03
1.020935934929221162e+03
1.023654242953563426e+03
1.024716128600167622e+03
1.020034748547617369e+03
1.032103477445506542e+03
1.014391277395648217e+03
1.028763069405170654e+03
1.011059496497646251e+03
1.023997417397735944e+03
1.017034383569640454e+03
1.027351325112762879e+03
1.003697752659964976e+03
1.010969022461363352e+03
1.002083137386622639e+03
1.022131414940322884e+03
9.999866965742351113e+02
1.011429124348455957e+03
1.025418667391010331e+03
1.006543887127518701e+03
1.013954296285678197e+03
1.001690204311037746e+03
1.024588657635605159e+03
1.012584404970805053e+03
1.011015097399103297e+03
1.014396657480790850e+03
1.027979248373815153e+03
1.009766110885509647e+03
1.011951629539220221e+03
1.012712394580251612e+03
1.024016839109416651e+03
1.011086898862781140e+03
9.995805127974678044e+02
1.020329494836476101e+03
1.028295324772146387e+03
1.007657613927971852e+03
1.005133465435751532e+03
1.018239196334545341e+03
1.015763950093748576e+03
1.009694698387270705e+03
1.016858605265298479e+03
9.966171127762171409e+02
1.007743979612126736e+03
1.030458660087974522e+03
1.016647098574861502e+03
1.009729192507753055e+03
1.016379188474244302e+03
1.016709450053805199e+03
1.015472992535609933e+03
1.000387667962134060e+03
9.938522647650589761e+02
1.017205411900078843e+03
1.007885343900303837e+03
1.012340919180207834e+03
1.024538996185610131e+03
1.014432120292151126e+03
1.016439082186482096e+03
1.009424640843275711e+03
9.928431210076653315e+02
1.012382216240407502e+03
1.016015156767551048e+03
1.010564202902605871e+03
1.006441539379374603e+03
9.944983945410173192e+02
1.004340567368477423e+03
1.011467098153000734e+03
1.025479020031011942e+03
1.000306951763098368e+03
1.007845913248051716e+03
9.966726542844744472e+02
1.013150642570103400e+03
1.003304819453986511e+03
1.012330052315451553e+03
9.877958452255579687e+02
1.004774865999460872e+03
1.020064263541918649e+03
1.003099224762502445e+03
1.006638454785164299e+03
1.007926462833900246e+03
9.923725576801816715e+02
9.990885507620803310e+02
9.951195692184381869e+02
1.007205178947516856e+03
1.000281373147627050e+03
1.003004021680545407e+03
9.991553149752851368e+02
9.985265095606428076e+02
9.949304520233002904e+02
1.006862549525908435e+03
1.015548538406617240e+03
1.012120380743965484e+03
1.008766770447122894e+03
1.020266233417756212e+03
9.942069106940049323e+02
1.009764366678801480e+03
1.018614733219135701e+03
1.014148777500727761e+03
9.976814871260112341e+02
1.009515707293521359e+03
9.947719491551895317e+02
1.014154307573748156e+03
1.000390997980850898e+03
9.988166635996007017e+02
9.956431965686705325e+02
1.000851553498741168e+03
9.902398012677040242e+02
9.976234689957170758e+02
1.000539710196673354e+03
9.862560408831210452e+02
9.998441060081795513e+02
1.002656908765005596e+03
9.849303751029979139e+02
1.008348713271098632e+03
9.892912797351119707e+02
1.013836891392104917e+03
9.971819312202712808e+02
1.002771671221725228e+03
9.906357715029030260e+02
9.854845782207305547e+02
9.906755286944886620e+02
1.008034388651176073e+03
9.910551607236034215e+02
1.000697912272079748e+03
9.962983380672532121e+02
9.894999411983617392e+02
1.016132365328890842e+03
1.002436764165256250e+03
9.991466351679077889e+02
9.918010702650656185e+02
9.873112388046337173e+02
9.888779132172857089e+02
9.847596137827365510e+02
9.967674591908031516e+02
1.000284879080732026e+03
9.956723697625139948e+02
9.906569487584714579e+02
1.002286839715646465e+03
9.795992098286359351e+02
9.812009428939909412e+02
9.784983986936713336e+02
9.841376516397000387e+02
9.797154247831706471e+02
9.968911423623635528e+02
9.962264998292679365e+02
9.897776350636088409e+02
9.940396396954405418e+02
9.882741608174222847e+02
1.003469537115401067e+03
9.901541229769534311e+02
9.936125668603303893e+02
9.888753806770209849e+02
9.894996561027010102e+02
9.879239017024053737e+02
9.983265272933346068e+02
9.994687402260939280e+02
9.918154937716483346e+02
9.719092167612216144e+02
9.826483904715331619e+02
9.782273116744269146e+02
9.936244062541786661e+02
9.801746929809697804e+02
9.763153706405138337e+02
9.928432466622379025e+02
9.776890699673352856e+02
9.967618815971748063e+02
9.700044276673711465e+02
9.872523565001334873e+02
9.922614383113627810e+02
9.932864870072841086e+02
9.971553217636361524e+02
9.904175572573192312e+02
9.876020571722638124e+02
9.778916973692940928e+02
9.753766229607875857e+02
9.758425198292169398e+02
9.976743271562008886e+02
9.838499975637918169e+02
9.816998379792637479e+02
9.807530501522373925e+02
9.821862573031879720e+02
9.857267646744296599e+02
9.855716725435294165e+02
9.827391362630419280e+02
9.923789321136856643e+02
9.659652137700107914e+02
9.839335645317381704e+02
9.789825658286728185e+02
9.667171578240662484e+02
9.793560236991696684e+02
9.664933070131106660e+02
9.640006129509603170e+02
9.843112382737721191e+02
9.797710551128491261e+02
9.600633397963157449e+02
9.802028724847576768e+02
9.842523484922166972e+02
9.800799970977246858e+02
9.768323252197512829e+02
9.898747795223872572e+02
9.807356198206834961e+02
9.771220073255576608e+02
9.773964406682212029e+02
9.845450606078765077e+02
9.636337214320309386e+02
9.796534908275838234e+02
9.737157444362990191e+02
9.818937953177818372e+02
9.984176478814343909e+02
9.794528472885984911e+02
9.747522995688013907e+02
9.835303320747143516e+02
9.851302074954046475e+02
9.787078784994105263e+02
9.818903194431072734e+02
9.807339359550577456e+02
9.861021892408626854e+02
9.663603522949115359e+02
9.827118024237526015e+02
9.718104650625597287e+02
9.718992259998199188e+02
9.706198150152943072e+02
9.738605856911029832e+02
9.742990873964556613e+02
9.754041866400920071e+02
9.842180071450001151e+02
9.625456025649064031e+02
9.827779553980531091e+02
9.745132746131829435e+02
9.732756209600643160e+02
9.666885234563275162e+02
9.664026562941027123e+02
9.691603045462343289e+02
9.824774880792022032e+02
9.709489175062719823e+02
9.665608341947023519e+02
9.752113425234779243e+02
9.606758854022915557e+02
9.709996179172995880e+02
9.801079274028620603e+02
9.767601186050218303e+02
9.839064001456861206e+02
9.504458850886443315e+02
9.654967814005226501e+02
9.881358950225127273e+02
9.827970055459245486e+02
9.538776447886795040e+02
9.693969965906860580e+02
9.636623854207363138e+02
9.601802202138087523e+02
9.702811182854458139e+02
9.680448192145596522e+02
9.661199732702268648e+02
9.639270244847297135e+02
9.631941369636880381e+02
9.650118819868500850e+02
9.730223531655057059e+02
9.723245357103495508e+02
9.549093981168967957e+02
9.665009893573002273e+02
9.674419261143855238e+02
9.804672720742936463e+02
9.526185255527329900e+02
9.564798702568128874e+02
9.628184301847277311e+02
9.559447131631960701e+02
9.545173620630832829e+02
9.663673383372849912e+02
9.854884451026738361e+02
9.678456097554468442e+02
9.696607047938914548e+02
9.764708800102316673e+02
9.643783466233678610e+02
9.541297971434826195e+02
9.564686483438341611e+02
9.453213411960822441e+02
9.518117311003219356e+02
9.567807034031170588e+02
9.664733649047574318e+02
9.644875407135051546e+02
9.751251830130173630e+02
9.554108047665507684e+02
9.495910836245182054e+02
9.755882672162586005e+02
9.501464618198040171e+02
9.563157322978734101e+02
9.621666371705813390e+02
9.520750060103167698e+02
9.564754035662766682e+02
9.589121365421410701e+02
9.648394929238770601e+02
9.627604440962312538e+02
9.691968653903097675e+02
9.601546619476572459e+02
9.586273756020935934e+02
9.596901058467760777e+02
9.513825613216829424e+02
9.466736920756909512e+02
9.464656939505381388e+02
9.597189850964086872e+02
9.327630678697380517e+02
9.661273101275460249e+02
9.479278594024324320e+02
9.583080664723726159e+02
9.432007725624682735e+02
9.441292831068801661e+02
9.355707842966168073e+02
9.409131640166036732e+02
9.606012089305608015e+02
9.486176049673462103e+02
9.556322963377359656e+02
9.467122558495757403e+02
9.443256688942504979e+02
9.390361739438245650e+02
9.420406357443147272e+02
9.539298750157781797e+02
9.592824087343942665e+02
9.493459564213513886e+02
9.482065872604459855e+02
9.498194476851489298e+02
9.424861800612515026e+02
9.332112882700179171e+02
9.474210008845606126e+02
9.539934657906534312e+02
9.457097562250935425e+02
9.571394236176632830e+02
9.460192815211451034e+02
9.368687375545271152e+02
9.667266144168311257e+02
9.381860615657807330e+02
9.455512554180206735e+02
9.538944994480021933e+02
9.469061834495408903e+02
9.554442347671160860e+02
9.485744281489484138e+02
9.523959991220298207e+02
9.559584181491612753e+02
9.509294559155028992e+02
9.455392714979385573e+02
9.405156144937047884e+02
9.398290505861419888e+02
9.467665985760281728e+02
9.559765554017870954e+02
9.481379124742364866e+02
9.254066210079278108e+02
9.461303736787350545e+02
9.484994433365067152e+02
9.331448499730938693e+02
9.473133234379083660e+02
9.523879381649911693e+02
9.426523747745641231e+02
9.362501815242792418e+02
9.417001246003875394e+02
9.529846112239158629e+02
9.307048875243621069e+02
9.383182930693418484e+02
9.400927121601430372e+02
9.261725719072067022e+02
9.394201901270622557e+02
9.401895034955363144e+02
9.316962023253813641e+02
9.326281360905718429e+02
9.399005021663198249e+02
9.392031623485133878e+02
9.474439076578657932e+02
9.329442546971761203e+02
9.425734840530611791e+02
9.367322358430345730e+02
9.331846022738170632e+02
9.160217295976482319e+02
9.287226345153850389e+02
9.441564342868805397e+02
9.382856526252204503e+02
9.480066643546128944e+02
9.463868555022911551e+02
9.401154846647242493e+02
9.179915201493201948e+02
9.280538711790952675e+02
9.333311760366335648e+02
9.445139222938537387e+02
9.271196374970593297e+02
9.295770778401538337e+02
9.188692133202788455e+02
9.295165727815684704e+02
9.273424892496042276e+02
9.462054945721941976e+02
9.444050196148832583e+02
9.385574760702279491e+02
9.261857716094268653e+02
9.393515880029023037e+02
9.387636079308227863e+02
9.302481564898134820e+02
9.065190207437370873e+02
9.293781089806968794e+02
9.349679553888298642e+02
9.326927886334441382e+02
9.351113407505941950e+02
9.309058335627879615e+02
9.295640304088474295e+02
9.172431483686758611e+02
9.223773674217100051e+02
9.213270954620282964e+02
9.473760417528318385e+02
9.175344548505091780e+02
9.155972018334905442e+02
9.236010459306654639e+02
9.242294666744471670e+02
9.175698163716800764e+02
9.341340949951311359e+02
9.296911862414459620e+02
9.222210645999931558e+02
9.194326588415960941e+02
9.185778436512350709e+02
9.202464449254687224e+02
9.173708134657382516e+02
9.171520224141055451e+02
9.240827819556916438e+02
9.282466488460428309e+02
9.223129615610849896e+02
8.995593429532796108e+02
9.123312652092561166e+02
9.131774902891010015e+02
9.031321356915830165e+02
9.311849639935768437e+02
9.210429513530441454e+02
9.203266254044951893e+02
9.180446084930910047e+02
9.114534573821081267e+02
9.265642033717263075e+02
9.339858124943316398e+02
9.133004609812435319e+02
9.236663966443674099e+02
9.111636630185516879e+02
9.123107364456602681e+02
9.028954850629712610e+02
9.211281514639155148e+02
9.157103727678311316e+02
9.188529861664981127e+02
9.390872646377227966e+02
9.127489242117455888e+02
9.160291585325065853e+02
9.113648544494637918e+02
9.277313380285461335e+02
9.117851186989804546e+02
9.171072245146091291e+02
9.162847408044052600e+02
9.083478854879139135e+02
9.131339044978188895e+02
9.125720778215055589e+02
9.123740168157158905e+02
9.205428574530553760e+02
9.106473577542841440e+02
9.144660270209305963e+02
9.029600315774076762e+02
9.075451635343520138e+02
9.169855530054250039e+02
9.104460798580878418e+02
9.100782004619271675e+02
9.186408422280087507e+02
9.024920915792456526e+02
8.941352414716093335e+02
9.020279422096841699e+02
9.011749225925232167e+02
8.937901945328410420e+02
8.951386979187575434e+02
9.030742699563903670e+02
9.091454929389650488e+02
8.960490808205929625e+02
9.194768572371182245e+02
9.009430570175488810e+02
9.066249230787038869e+02
9.019508365556798708e+02
8.824118161681350330e+02
9.037023486652062729e+02
8.950637186228372002e+02
9.188376251235166592e+02
9.035822166156464164e+02
8.983219851655449020e+02
9.019021093458361520e+02
8.960435982589585819e+02
9.045905395126685562e+02
8.888573172990400053e+02
8.947235329860002366e+02
8.969495042990488400e+02
8.849579391468242875e+02
9.020714251480925441e+02
9.050671868564675151e+02
9.059344002322346796e+02
8.953833202398731146e+02
8.891811279764974643e+02
8.907059355828631624e+02
8.965459661285517541e+02
9.049083258630919318e+02
8.804921134356444554e+02
8.929154350261071613e+02
9.029373733489852611e+02
8.858272497331553268e+02
8.864044529668385621e+02
8.899245038664311096e+02
8.947289823050051609e+02
8.818429227311145269e+02
8.855246275865604275e+02
8.987096842657342677e+02
8.869671260304498901e+02
8.833209371285234965e+02
8.903895809392760157e+02
8.848411101440477751e+02
9.039448538876087014e+02
8.839985871256378687e+02
8.973120369650282555e+02
8.965163683429066168e+02
8.899482073632121910e+02
8.798070961996173764e+02
8.780917009713169818e+02
8.899134533343665225e+02
8.851884379865762185e+02
8.735948086947781803e+02
8.843778329685477502e+02
8.764666155958811942e+02
8.907587625901145429e+02
8.826099004942551574e+02
8.749683604597898920e+02
8.750602022042271528e+02
8.733375061460116058e+02
8.656450868661975164e+02
8.872096757416213677e+02
8.734074921293366742e+02
8.718732240142377350e+02
8.827560066377367320e+02
8.887075177585005576e+02
8.906059328244809876e+02
8.955325984775336110e+02
8.790436869467959013e+02
8.836854861912119077e+02
8.752292311431788221e+02
8.706861693463096117e+02
8.735235490288822575e+02
8.765374914773102546e+02
8.746955552120172115e+02
8.828825445167010457e+02
8.711374734979372079e+02
8.746920681089329719e+02
8.804521429966846426e+02
8.715792729391735065e+02
8.852451239631774342e+02
8.739256108368476816e+02
8.862741819654786468e+02
8.779377917307929238e+02
8.608100152768050748e+02
8.817297510318535387e+02
8.865435959681998384e+02
8.519298207276686981e+02
8.719357643656057917e+02
8.748193161512939469e+02
8.825304288684303629e+02
8.783710050196021939e+02
8.811254512466970255e+02
8.845368673205538244e+02
8.701474979885203993e+02
8.760338484174452560e+02
8.651622800759141683e+02
8.863815812241435879e+02
8.676867003594329617e+02
8.621524637299085043e+02
8.627570855223010540e+02
8.700127704364008423e+02
8.730248778772579499e+02
8.584401324872685564e+02
8.704821806268257660e+02
8.585411641456609004e+02
8.612456520421184223e+02
8.646487051942943936e+02
8.714796757132946823e+02
8.616096315051472629e+02
8.753458452193679022e+02
8.747150443529581025e+02
8.580987362123767070e+02
8.535652172953131185e+02
8.603931759218206707e+02
8.606927846883980919e+02
8.476580893685883211e+02
8.650676212276470096e+02
8.688502761647982879e+02
8.571846801900512673e+02
8.595133679641479603e+02
8.686433983031699881e+02
8.537056330935279220e+02
8.710871461954745882e+02
8.653624439481828858e+02
8.617447642691721512e+02
8.550323930007924673e+02
8.524863398659621225e+02
8.435721291732038480e+02
8.484844670315809481e+02
8.639171965264242772e+02
8.520924248605409730e+02
8.540975190650494824e+02
8.504310746798415721e+02
8.556671410837579970e+02
8.564937585095908616e+02
8.623839176028394604e+02
8.578319816154123600e+02
8.489308362641911572e+02
8.614431085359078679e+02
8.407551473225330483e+02
8.546249066471767719e+02
8.468204080144176942e+02
8.470886495111517434e+02
8.486431524857295017e+02
8.465094926779875095e+02
8.466122265946600010e+02
8.423266634845663248e+02
8.449557404663459010e+02
8.503987916671535459e+02
8.387873079348819374e+02
8.493567407864026109e+02
8.452441840021198232e+02
8.356773827935010104e+02
8.439838492249385808e+02
8.474420503972563665e+02
8.380923165366500598e+02
8.624559777893171031e+02
8.485281140127817707e+02
8.311893802684624006e+02
8.420451216708180482e+02
8.368955939748719857e+02
8.379155846217431645e+02
8.350776959868578615e+02
8.385900352386223631e+02
8.412112726509908498e+02
8.428771304078932189e+02
