8.517650074318609086e+02
8.421736142280075228e+02
8.438885886365885654e+02
8.437451061586396008e+02
8.275422827193474404e+02
8.478164715899677049e+02
8.494170693281354261e+02
8.458786447973027407e+02
8.370202174505271842e+02
8.460165184709654795e+02
8.349365043838358815e+02
8.267691233882102324e+02
8.350881489070452517e+02
8.412664426059893685e+02
8.363955087149439578e+02
8.435070152582668470e+02
8.240422997992574210e+02
8.575959864067152694e+02
8.445607181139605473e+02
8.356795607931258019e+02
8.348346358594694721e+02
8.421724135947605419e+02
8.295239589882799010e+02
8.322327826407009752e+02
8.509732236443003330e+02
8.389391966852065252e+02
8.391826053864759842e+02
8.340591375139503043e+02
8.552735117734313235e+02
8.575720440625732408e+02
8.290658316988002525e+02
8.204485358157086239e+02
8.406112721471662326e+02
8.395335290415159761e+02
8.262137842626540305e+02
8.452618288702628888e+02
8.400955130866348100e+02
8.504187903910468549e+02
8.516181504247557541e+02
8.553240904025224154e+02
8.468050041812662130e+02
8.328050514009503331e+02
8.400823372374517248e+02
8.370255223083005376e+02
8.484445181229484660e+02
8.259904826522102894e+02
8.560723849972398511e+02
8.563309749603283763e+02
8.400012862355997640e+02
8.435425642703586391e+02
8.474583245691214870e+02
8.569117384602885750e+02
8.486012630125285341e+02
8.480122278652175964e+02
8.502098998351405044e+02
8.663168711358464407e+02
8.610786864302635877e+02
8.286933571557700589e+02
8.456401245636586737e+02
8.586194532630267986e+02
8.347584629600685275e+02
8.464050733824141162e+02
8.481088694290799594e+02
8.544882771897042630e+02
8.533437076009172415e+02
8.539504938875746802e+02
8.452079277685211309e+02
8.506224970195668220e+02
8.430294164133632648e+02
8.609237247184743183e+02
8.306067200347121116e+02
8.484002218000977109e+02
8.479597927092866030e+02
8.369868007618109687e+02
8.344754307207068678e+02
8.412299116814864419e+02
8.639352331660809341e+02
8.490110149180781036e+02
8.503014164620062729e+02
8.462912153925968823e+02
8.577894028930635386e+02
8.607615004969944721e+02
8.596855418184920836e+02
8.568991203359955762e+02
8.568212669352834610e+02
8.640739528177823559e+02
8.439648743713246404e+02
8.517930524786686419e+02
8.551132395585219683e+02
8.454823609738675714e+02
8.488577541701628206e+02
8.535894196966431764e+02
8.506267817598412648e+02
8.506271430048952880e+02
8.607143516913962458e+02
8.521571077358628372e+02
8.423635388270173507e+02
8.600394955344711434e+02
8.438308928496165890e+02
8.448948562137164799e+02
8.418767174422371227e+02
8.465465039709779376e+02
8.474444661393310980e+02
8.412761651550077886e+02
8.591662986361886851e+02
8.586539010325124082e+02
8.543161064950247692e+02
8.469225567954160852e+02
8.473097116850074144e+02
8.637221752830573678e+02
8.458402173456665878e+02
8.560289872604669199e+02
8.441595581058084008e+02
8.516708905212113905e+02
8.494345249106053188e+02
8.581439112879764934e+02
8.556454787934945898e+02
8.545964923669906739e+02
8.575702979818565836e+02
8.523961369899709553e+02
8.608099826387455096e+02
8.414066507338993688e+02
8.449732888500774379e+02
8.462084793736322581e+02
8.519736717390310332e+02
8.495539289268409675e+02
8.568774641454734819e+02
8.670075584413420984e+02
8.518466314523510619e+02
8.478207951103432833e+02
8.642474920419076625e+02
8.573083953394880155e+02
8.616647267611343750e+02
8.578293257311917159e+02
8.531923945595891610e+02
8.608804600938897238e+02
8.636987032004466300e+02
8.489585977089909647e+02
8.393516831731541288e+02
8.675136124678372198e+02
8.591255264295272127e+02
8.528100058603648677e+02
8.627818334280384533e+02
8.448925087899002619e+02
8.588771412696202106e+02
8.488739554029855299e+02
8.548734576210306386e+02
8.646575426331703511e+02
8.552893956300324589e+02
8.501687325865520961e+02
8.653999968336236179e+02
8.617406985409966182e+02
8.634896489899011840e+02
8.774794001611409158e+02
8.661957835062954700e+02
8.489503569839306465e+02
8.391918680255128038e+02
8.617996094486107950e+02
8.429635217584827842e+02
8.673588282013870412e+02
8.507889642487724586e+02
8.502922925888731243e+02
8.659379213334398173e+02
8.624881717714159777e+02
8.504520168535068478e+02
8.695946488793022127e+02
8.515455216938735248e+02
8.529425606289440793e+02
8.602878006158330209e+02
8.556710259224537367e+02
8.631543068528882259e+02
8.524976644938353729e+02
8.622162851535788377e+02
8.533444973661160020e+02
8.508524467106016118e+02
8.496731482607929138e+02
8.607270889911801532e+02
8.630351999620586412e+02
8.485932624624144864e+02
8.699320852532010804e+02
8.606177107489467062e+02
8.533738211120007691e+02
8.659194905034601106e+02
8.739603429069904905e+02
8.727386106415839322e+02
8.575968226963186680e+02
8.605719952807214668e+02
8.673421517812007551e+02
8.610302764868280292e+02
8.546550953455209765e+02
8.655634963390485836e+02
8.518003960917028508e+02
8.724525824517569390e+02
8.551991000683739230e+02
8.569043096371077581e+02
8.611652443379655324e+02
8.513229341345756893e+02
8.510750894197644811e+02
8.613570180742013918e+02
8.702377495866285244e+02
8.557712340338947570e+02
8.548462357796686319e+02
8.650928902246007510e+02
8.673500727463790554e+02
8.607825225489604009e+02
8.543623013766963368e+02
8.544980920826437796e+02
8.695054302969937225e+02
8.575282967064065360e+02
8.661892588064380334e+02
8.613144990924790818e+02
8.544992189292013336e+02
8.505059912987373991e+02
8.645319264937603521e+02
8.692601250998959586e+02
8.595570632744193063e+02
8.733390796594547965e+02
8.698094316169334661e+02
8.708941314110675194e+02
8.726041546434274778e+02
8.665013744865309491e+02
8.697309326630460191e+02
8.533613658423304287e+02
8.668919141077991526e+02
8.668281489942795588e+02
8.510750751774187393e+02
8.567046439961361557e+02
8.657918753515714343e+02
8.601394896194669855e+02
8.772159371913396626e+02
8.697798644537090240e+02
8.744842305030060743e+02
8.747090198365015112e+02
8.642020849329393286e+02
8.592033079442459211e+02
8.780006833561305939e+02
8.869619294858015337e+02
8.792673558717625610e+02
8.746658039270201925e+02
8.614917970721977554e+02
8.717090967392520042e+02
8.625616144278787942e+02
8.707495475254326038e+02
8.774610571041208686e+02
8.713356789916763319e+02
8.633497971262174815e+02
8.705490966009858766e+02
8.737869009854176738e+02
8.803623206729678259e+02
8.765883028657099203e+02
8.618307794931679382e+02
8.694093442577039923e+02
8.800996008438943363e+02
8.686851704787065955e+02
8.704535510384411054e+02
8.719574324394573068e+02
8.837836973459400269e+02
8.610373113509705263e+02
8.848595661833224995e+02
8.815267210654827750e+02
8.703298716785080842e+02
8.662165454376091702e+02
8.594979593489532590e+02
8.752894769373330064e+02
8.512304335313197043e+02
8.582193311846012875e+02
8.561871424540040607e+02
8.695770612530311610e+02
8.770293334954642432e+02
8.672673938230475414e+02
8.668336909264280621e+02
8.731818334690541406e+02
8.869461135753957706e+02
8.833087771653878235e+02
8.793530904163310424e+02
8.633019240215910486e+02
8.638872659046991203e+02
8.782004310889598173e+02
8.774107828757043990e+02
8.792170917615504777e+02
8.605662630972634588e+02
8.767274100679281901e+02
8.708455386997096639e+02
8.501194828897995421e+02
8.758275132141106951e+02
8.665411660334038970e+02
8.797648879112306304e+02
8.658525752976602234e+02
8.720390129069006662e+02
8.707162472778740039e+02
8.658333569621618153e+02
8.760601760179330313e+02
8.641105417934215893e+02
8.559431916523221844e+02
8.792507750395044468e+02
8.614206227663086111e+02
8.713740534974788261e+02
8.764642802185031769e+02
8.823649281425515483e+02
8.742849696493777856e+02
8.838041491912397305e+02
8.656207076126780748e+02
8.635346431827744027e+02
8.665063873939602672e+02
8.738248855452856105e+02
8.795069010815087722e+02
8.845018962585589861e+02
8.620749987152921676e+02
8.705264950172256704e+02
8.787407850372276243e+02
8.799766937308703518e+02
8.782492458312011649e+02
8.720327188135122469e+02
8.821848826516923054e+02
8.747962073960269436e+02
8.794683944887395910e+02
8.901725876128915615e+02
8.782351436342281659e+02
8.679309522833300434e+02
8.855703488898500382e+02
8.917222981465826024e+02
8.648849074686304448e+02
8.697862222509962749e+02
8.798641089711943550e+02
8.691512710087488358e+02
8.782642309280972768e+02
8.820405675940801302e+02
8.650928442302393933e+02
8.836279922187820830e+02
8.713126463118699121e+02
8.740064191913278364e+02
8.825740352858331335e+02
8.885419468236727880e+02
8.696141337348697107e+02
8.838978339977259111e+02
8.707191354476393599e+02
8.798237194650507718e+02
8.762342984124431950e+02
8.849976907176522900e+02
8.845480539359886052e+02
8.692121734879159476e+02
8.837725926898867783e+02
8.814464592795336557e+02
8.876410506351194272e+02
8.786869016301051261e+02
8.742847200089286162e+02
8.751120602999225184e+02
8.783009889530188730e+02
8.827917030302169223e+02
8.764791963420286720e+02
8.859486780970028121e+02
8.831086829265457254e+02
8.753205352424296279e+02
8.803789080153177338e+02
8.759974482391781976e+02
8.805453744902495146e+02
8.860406097211651968e+02
8.831496686118998696e+02
8.775842456519957295e+02
8.812887324611366466e+02
8.739158733346301915e+02
8.923170914029230971e+02
8.738447929985803739e+02
8.977998524043937323e+02
8.744749518261330650e+02
8.975604643081796894e+02
8.845049681199118368e+02
8.838658092834393756e+02
8.769272091272025591e+02
8.907008468451239196e+02
8.866067256126525535e+02
8.863705444731713214e+02
8.731567096956791829e+02
8.811310252622248527e+02
8.892254620063143875e+02
8.784566457956270824e+02
8.964483151225396114e+02
8.843989005327883888e+02
8.847656286702535908e+02
8.882862417328174161e+02
8.892835769321795851e+02
8.613919286664030324e+02
8.915699527551068968e+02
8.936071754307844230e+02
8.832517006619376616e+02
8.825588026897653435e+02
8.793158568418119785e+02
8.894242895852917172e+02
8.897372290925007974e+02
8.752772303990819864e+02
8.978990095299415088e+02
8.959108228001209682e+02
8.937706899546783461e+02
8.844301450217543561e+02
9.048305438162681185e+02
8.919866177510258467e+02
8.800077487911494245e+02
9.037523402040164910e+02
8.784506411443765046e+02
9.001451766560198848e+02
8.886585117258808850e+02
8.729421465022614939e+02
8.842877493854925888e+02
8.654199418701851982e+02
8.772876867996918691e+02
8.740944798534250140e+02
8.915667392793023964e+02
8.754214310202206661e+02
9.067148819051328701e+02
8.851452064198255130e+02
8.680947837202322717e+02
8.778889765703696639e+02
8.731040227135989653e+02
8.843378199698707931e+02
8.930621213847562103e+02
8.832703441194233847e+02
9.039520190506477775e+02
8.804488865303184184e+02
8.798261678296107675e+02
8.963919048369373286e+02
8.962264622084884422e+02
8.862831601004066897e+02
8.880014036899872281e+02
8.953589736185793981e+02
9.011168763413709257e+02
8.772731480355281519e+02
8.913307521485381812e+02
8.784300487721394575e+02
8.802242621705938745e+02
8.924790650538302543e+02
8.887484558485765547e+02
9.035985420057345436e+02
8.883358787294102967e+02
8.893553798799914603e+02
8.896557008032202702e+02
8.818746564829116323e+02
9.010298377714344724e+02
8.849774046055326835e+02
8.753306007206323329e+02
8.854748057441375977e+02
8.869007982878251823e+02
8.941785196519377905e+02
8.992753707577959403e+02
8.848254479072267031e+02
9.014808091227914701e+02
8.775341642919878495e+02
8.990455925895543032e+02
8.834305837125688186e+02
9.078152920291412329e+02
8.833131943061769107e+02
8.708650207056803083e+02
8.992432188413007452e+02
8.924529517672410748e+02
8.911675584087573725e+02
8.920710401173533910e+02
8.941388400293923269e+02
8.881613855267959252e+02
8.894938425853648596e+02
8.991255253210656520e+02
8.999307179510263950e+02
9.058717212440627691e+02
8.896871438867418647e+02
8.992071585945598144e+02
8.962328618493172598e+02
8.878986088308022318e+02
8.893595437621983137e+02
8.817472597130814620e+02
8.992570573031957792e+02
9.016786566062010024e+02
8.900743309047226148e+02
8.771427825068775519e+02
8.898508059539468604e+02
8.841915152818095294e+02
8.948839394338616557e+02
8.910658050414947411e+02
8.909617110706697076e+02
8.912608800051664275e+02
8.839906387987535936e+02
8.808012603828998408e+02
8.980171532384937336e+02
8.907511798102150351e+02
8.906795295884784309e+02
9.080606126631111010e+02
8.921601698267611482e+02
9.063980252657768233e+02
9.028955139275062720e+02
9.034239444888511343e+02
9.085308273252107938e+02
9.005389716735020329e+02
8.909791067582980304e+02
8.938921344958120017e+02
8.918512883090597825e+02
9.211473960837463437e+02
8.823020606986722214e+02
8.962521479953868493e+02
8.973372366104073308e+02
8.914243179160421278e+02
8.917313745746861287e+02
9.055792404976466514e+02
8.866671127490036497e+02
9.044083193507037777e+02
9.037174790448988233e+02
8.986321582659226124e+02
8.970358846464191629e+02
9.178803326355474610e+02
8.806146667905655931e+02
9.125045884482091196e+02
8.834901565451056058e+02
8.938253876226426655e+02
8.908282069752659709e+02
8.793477395968390056e+02
9.081956449357331849e+02
8.942595192974454221e+02
9.137575176016841851e+02
9.031800101605051623e+02
9.003043890281800259e+02
8.929695185560304935e+02
9.100260821412641690e+02
9.045222353050651236e+02
8.909630490313857081e+02
8.919795597961345948e+02
8.962785271337909307e+02
9.006919370127963020e+02
9.004521356772439731e+02
9.013876932504764454e+02
8.802871582232052106e+02
9.065327090702398891e+02
8.882150144007235895e+02
8.873962209965433203e+02
9.054143816577389998e+02
9.059038039381279077e+02
8.973129037122064346e+02
9.007233307642804903e+02
8.921881903654191319e+02
8.994627177035108616e+02
9.049756182385444845e+02
9.028842082799347963e+02
9.079414718669403328e+02
9.085340343607986142e+02
9.018331363937006699e+02
8.984494134511735410e+02
9.087642070460751711e+02
9.015878044876794775e+02
8.831491729196879987e+02
8.904796070470913492e+02
9.116294870064582483e+02
9.073977440785089357e+02
9.063325407667334730e+02
9.003160905481460077e+02
9.050855243474387635e+02
9.070948399469452852e+02
9.149468274350617776e+02
9.093529156387041894e+02
9.086989111964132917e+02
9.168729344182913792e+02
9.062896092655452094e+02
8.987980290826171768e+02
9.042451128279903969e+02
8.953530687153061081e+02
8.935524104736045956e+02
9.204263947682615026e+02
8.999806447669807312e+02
9.155223560216696796e+02
9.067318057559994031e+02
9.052146705956353117e+02
8.940638572385513498e+02
8.900986969062417984e+02
8.966116480868580538e+02
9.021371137539957772e+02
9.218972168584868996e+02
8.947119366543223578e+02
9.069722392700456339e+02
9.118963017474696926e+02
9.071258618500240800e+02
9.109168653170796688e+02
9.015753932262863373e+02
9.133854591113935157e+02
9.003737062867062377e+02
9.236121206296755872e+02
9.052432101719588218e+02
9.035478545498589256e+02
8.967921649215041953e+02
9.007852065645463426e+02
9.085603399612241446e+02
9.138787141684545077e+02
9.174268795317774448e+02
9.135911418680086626e+02
9.026412610126840264e+02
9.098841257231262034e+02
8.981626104428621602e+02
9.175691455203227633e+02
9.066585588256739356e+02
9.047553970363559301e+02
9.125156286233811898e+02
9.143839103290570165e+02
9.048431179549227181e+02
9.110214225533432000e+02
9.080341545346747125e+02
9.044040804332745438e+02
9.004377991542296513e+02
9.052568473063239480e+02
8.993118461847459457e+02
9.029563491803561419e+02
9.031714796077994833e+02
9.140839904841922134e+02
9.015320121359943641e+02
9.124429435943512772e+02
9.015067680361752309e+02
8.926786259674623807e+02
8.904596471530514918e+02
9.184133061133180718e+02
9.125944264200431917e+02
9.185234557249343652e+02
9.076810775663603863e+02
9.055491086821411955e+02
9.115670605094086341e+02
9.098930704121745521e+02
9.100624111518338850e+02
9.057727506112064475e+02
8.994558555085981197e+02
9.180909386385254720e+02
9.062122285609182200e+02
9.114045978948387301e+02
9.065340627255643540e+02
9.133355546647270558e+02
9.059770604988013929e+02
9.045054274334003139e+02
9.080056909776296834e+02
9.072897865863301377e+02
9.099056494786547091e+02
9.195490573070266009e+02
9.277008989620142074e+02
9.128523705835682449e+02
9.107253066269721558e+02
9.110202398993933457e+02
9.062524603410849977e+02
9.050162698688849332e+02
9.080315292885420604e+02
9.027767100609020190e+02
9.055763561746748564e+02
8.984489726831991447e+02
9.124742265646610804e+02
9.109483917824820765e+02
9.186238392107729851e+02
9.196078139570334997e+02
9.276100910648929130e+02
9.028959851559795879e+02
9.036683538844333725e+02
9.075989471718646655e+02
9.043032205115639499e+02
9.167592051198056424e+02
9.209207628182315375e+02
9.076832874638142812e+02
9.001296825152821839e+02
9.023125815398744862e+02
9.140604834501933738e+02
9.072392215029503859e+02
9.060503301790192836e+02
9.070377526052963049e+02
9.171067035433082992e+02
8.984850889007781234e+02
9.122087546540286667e+02
9.143856900913676782e+02
9.122487312489503211e+02
9.099239688324475992e+02
9.186655173181412692e+02
9.232220806548422161e+02
9.068399582244870771e+02
9.147377945700375221e+02
9.101871060534176650e+02
9.101263166421043707e+02
9.260779991671528251e+02
9.105892612390616705e+02
9.191286457510070704e+02
9.132176040426223835e+02
9.126140409648660352e+02
9.123352314357002797e+02
9.054197779540230613e+02
9.150854257544485790e+02
9.207619814137381127e+02
9.124001576116124852e+02
9.320869450835477892e+02
9.175151260707132224e+02
9.135326844803342965e+02
9.153217170889653289e+02
9.197437938474361090e+02
9.194855102033864114e+02
9.282948808796513731e+02
9.142248087735246145e+02
9.088839638021214569e+02
9.103860514150202334e+02
9.118447673120551826e+02
9.055683467497774473e+02
9.247063653333636921e+02
9.143097496974573914e+02
9.260677680499647977e+02
9.297496020074235048e+02
9.049731898156086345e+02
9.071543215514286658e+02
9.179394106004327796e+02
9.259509424394807411e+02
9.073175664306053250e+02
9.205482799988992610e+02
9.126545182072346734e+02
9.372854566473150726e+02
9.373974852931562509e+02
9.311896841541962431e+02
9.194193370292581449e+02
9.275704177208547208e+02
9.309945615061640183e+02
9.285067905011951552e+02
9.173917362763268102e+02
9.183096325040442025e+02
9.256548595435795050e+02
9.199671633513260076e+02
9.078018687544881686e+02
9.234113690825081449e+02
9.161222251811092292e+02
9.241987827693429836e+02
9.161105450427455708e+02
9.201279732027716136e+02
9.127693573418856658e+02
9.177277126467023436e+02
9.213472749610338042e+02
9.391212552267788851e+02
9.155818568046493056e+02
9.256518903105991285e+02
9.129339685358476117e+02
9.266491152055596103e+02
9.215171011048666969e+02
9.346726793199386520e+02
9.156476071833069454e+02
9.376580837898669643e+02
9.121481230777856126e+02
9.137425444072871414e+02
9.155478577971820187e+02
9.110151842140595591e+02
9.037365512958144791e+02
9.161167927792448609e+02
9.243032250249204935e+02
9.329355099290182807e+02
9.386337748937362448e+02
9.108241202944690258e+02
9.195602314568239990e+02
9.321257156554440826e+02
9.282727960774639087e+02
9.229640960950499675e+02
9.335500302815780742e+02
9.223906627995181680e+02
9.448460821630974351e+02
9.274303048064588211e+02
9.184258664808937738e+02
9.463415319646308035e+02
9.154914369670378846e+02
9.320485398761180704e+02
9.128130656630544308e+02
9.193867733708665355e+02
9.339698372897416903e+02
9.174839246439180442e+02
9.189788861768491870e+02
9.343272795742586823e+02
9.106648772953130901e+02
9.283550401885119072e+02
9.205689426373434117e+02
9.203638263702973745e+02
9.290885565507895762e+02
9.277914142393412931e+02
9.196205565184917532e+02
9.220741396767908782e+02
9.285928130648956085e+02
9.281934624155179563e+02
9.211347325678004836e+02
9.227520565898860241e+02
9.301958427751227418e+02
9.261597224448499901e+02
9.279961279591713037e+02
9.312564396765553738e+02
9.256987131752929372e+02
9.285465583196214538e+02
9.262487949608819235e+02
9.259883231184753640e+02
9.270320270247897270e+02
9.332043625821125943e+02
9.305121969022508210e+02
9.320605081401332654e+02
9.208927178391707002e+02
9.297966971518409309e+02
9.154782087941582631e+02
9.379571994540309561e+02
9.364539980687989100e+02
9.462960962390451414e+02
9.425468458057084717e+02
9.249620510422791995e+02
9.189375739702985584e+02
9.121796510560593561e+02
9.173746069917851855e+02
9.455809974546109515e+02
9.410671554181844840e+02
9.260741884454749879e+02
9.319211330568637095e+02
9.309031080652596302e+02
9.250403959962693534e+02
9.312369287954694528e+02
9.331454901352250317e+02
9.406682865617262905e+02
9.227417794139776106e+02
9.417523784975539911e+02
9.360201096185421648e+02
9.545595639679331725e+02
9.391357368713805727e+02
9.208998099164789437e+02
9.244703040198189683e+02
9.381276730816967984e+02
9.396005722697227611e+02
9.311639582367773755e+02
9.412996387748642064e+02
9.303503672197681453e+02
9.320533769600066307e+02
9.445360398907268973e+02
9.344862658547615410e+02
9.251294736366063489e+02
9.283063389522312718e+02
9.341205490319875935e+02
9.324683136688699960e+02
9.358428278578467143e+02
9.384230458006102253e+02
9.215693446565903741e+02
9.408987783391953599e+02
9.347399212593418270e+02
9.250708249759112505e+02
9.354349608162400500e+02
9.372039971005681309e+02
9.150193954540499135e+02
9.447641014793514387e+02
9.471897844560345447e+02
9.367444311432169570e+02
9.339952672494057424e+02
9.352640025884898023e+02
9.256138159843122821e+02
9.446880630313054326e+02
9.377168081056557867e+02
9.416138997257933170e+02
9.480773713979405102e+02
9.338906737757102974e+02
9.400557890210072856e+02
9.545688580406375650e+02
9.422736450441529996e+02
9.290050243744885847e+02
9.302025229257377532e+02
9.259602860700699694e+02
9.510356543329563692e+02
9.239671835402588158e+02
9.274487794280939852e+02
9.400786958690513302e+02
9.386754164964331721e+02
9.431387527319379842e+02
9.390531630097311790e+02
9.302531311643618892e+02
9.416550524458438076e+02
9.218711012397959621e+02
9.267618633050299195e+02
9.472387064661443219e+02
9.329976047300417576e+02
9.428154631613850825e+02
9.292524856203890522e+02
9.297080665650167930e+02
9.393785465319152763e+02
9.478524744702508542e+02
9.304505342068611071e+02
9.328508582180272697e+02
9.317959691350212097e+02
9.375057852609218116e+02
9.543092600315436584e+02
9.509008245697691564e+02
9.516709308620883121e+02
9.519931783494387219e+02
9.407273267847318721e+02
9.282992217690143661e+02
9.234736264122446983e+02
9.366783541817817422e+02
9.216771939585188420e+02
9.421343969638734279e+02
9.436467408218165929e+02
9.505968428640094317e+02
9.409952681112389428e+02
9.407593969956096771e+02
9.454826211259676256e+02
9.476181539096762663e+02
9.527442330363016936e+02
9.300639908921249344e+02
9.368543288557175401e+02
9.410998465453305926e+02
9.309093775107274951e+02
9.455573565171018799e+02
9.537133945232607175e+02
9.242169254142490900e+02
9.390814885819206665e+02
9.377516766111889410e+02
9.374314191192398766e+02
9.367102977124459358e+02
9.470463087770880293e+02
9.487330957430567651e+02
9.582635954215879792e+02
9.316008861660629918e+02
9.409560020654807886e+02
9.294068488785907221e+02
9.487679345957136547e+02
9.375159652880359999e+02
9.405671890981564047e+02
9.410611834615693851e+02
9.505777139124083988e+02
9.411749428899272516e+02
9.482447901151873566e+02
9.348683590754653778e+02
9.537226390933424227e+02
9.507573322876125985e+02
9.337113995800485782e+02
9.356215253722378975e+02
9.442342285279029284e+02
9.474333688149084765e+02
9.437848284030673085e+02
9.440518478151000181e+02
9.340754731496622298e+02
9.553056699565727286e+02
9.482438632110336130e+02
9.410626672561736541e+02
9.583977493883750185e+02
9.383300811520656453e+02
9.474829919240908112e+02
9.417254551419457584e+02
9.430460338565787879e+02
9.563389678926957913e+02
9.592564653249826279e+02
9.519302350267167867e+02
9.390850452665149533e+02
9.376800694761575414e+02
9.346995309656765585e+02
9.351382894497706957e+02
9.470061723252478032e+02
9.610681644293622412e+02
9.563113338483339021e+02
9.450059698070037939e+02
9.425262731280433854e+02
9.370367603486499775e+02
9.475489057518165055e+02
9.476612932422034419e+02
9.455705991629098435e+02
9.654431168221251482e+02
9.395508393861255172e+02
9.436195660779789023e+02
9.267887560794731598e+02
9.315432439059168246e+02
9.535083379587360923e+02
9.366686806655501414e+02
9.492335649775502588e+02
9.480658982400916557e+02
9.399348118252030417e+02
9.448902882837135166e+02
9.526829105350419695e+02
9.555050263391754015e+02
9.581284932567053829e+02
9.455252426979654956e+02
9.611452175782749237e+02
9.640097291134620718e+02
9.555095889961758076e+02
9.623696545299045511e+02
9.530228204871523303e+02
9.422905104753951946e+02
9.444720574291230832e+02
9.459013117277431775e+02
9.399938680756566782e+02
9.551906896848888664e+02
9.474670548838464583e+02
9.497852823385264855e+02
9.589072593399058633e+02
9.539599278778139251e+02
9.463152104274898875e+02
9.486253137622645681e+02
9.494627197636149276e+02
9.319588462230545929e+02
9.569176820096688516e+02
9.461347735292039260e+02
9.503158944039006428e+02
9.603326091719410442e+02
9.504984898552385175e+02
9.491638698415712270e+02
9.449886784237131678e+02
9.430284621393830093e+02
9.571061069120470393e+02
9.552866559532878910e+02
9.525416063731061058e+02
9.647852010464639534e+02
9.526669460132993663e+02
9.497295713171758962e+02
9.613381405230491055e+02
9.583718305885784048e+02
9.644408147416613701e+02
9.573904367234573556e+02
9.506471733323330682e+02
9.693009479022493906e+02
9.618788742535072060e+02
9.504310519843029397e+02
9.533262585614876343e+02
9.427454965697733087e+02
9.637539807792633155e+02
9.502101951720067063e+02
9.471006829304435541e+02
9.661183292911001672e+02
9.545812008928478463e+02
9.542174971088128359e+02
9.471350736278349132e+02
9.529069932029896108e+02
9.627369092108804125e+02
9.470640912317136326e+02
9.501548770089623304e+02
9.512872157729259470e+02
9.706833554105018038e+02
9.604097707872597312e+02
9.623358669545228850e+02
9.677368344591900495e+02
9.515323920435755554e+02
9.473790405865569255e+02
9.544871690606548782e+02
9.533370705682192465e+02
9.634406942487082688e+02
9.400169908007239883e+02
9.477509775572663102e+02
9.563064188605143272e+02
9.443485511535175192e+02
9.555442970172958894e+02
9.589464835283883986e+02
9.667976098969182885e+02
9.624482835134369907e+02
9.536212742733119967e+02
9.789486773961378958e+02
9.564746727276874481e+02
9.494884211624571435e+02
9.637293874184924789e+02
9.579625410219974810e+02
9.413882959896275224e+02
9.761044947225198030e+02
9.616717479344550839e+02
9.624131538037437394e+02
9.526728273799727731e+02
9.509837565559886343e+02
9.529740762374507312e+02
9.507400247814738350e+02
9.693437009557968622e+02
9.646815897530773327e+02
9.546155090523989202e+02
9.672278995057322390e+02
9.560721599794895837e+02
9.560600785516161295e+02
9.627286072915900377e+02
9.642981525362085904e+02
9.572373475450382330e+02
9.560266202399121767e+02
9.749900238834571837e+02
9.573923615777819123e+02
9.746848549272426681e+02
9.614860328771693503e+02
9.600724900334103040e+02
9.718790071042942600e+02
9.642626695958455230e+02
9.739455804953298639e+02
9.553902123190658813e+02
9.561365986333989895e+02
9.498760735829945361e+02
9.573778120913749490e+02
9.691435399958933203e+02
9.714055463561453507e+02
9.637250672057442671e+02
9.690416797706669740e+02
9.588662187000998074e+02
9.710756946915678327e+02
9.538221684050565727e+02
9.766858717400649539e+02
9.734448239888935177e+02
9.786817425621802613e+02
9.592513777323407567e+02
9.603598546328195198e+02
9.675689825129028350e+02
9.664926936718022716e+02
9.827976857429339361e+02
9.604128604204846624e+02
9.687558945039813807e+02
9.640496619601477732e+02
9.743114050113243820e+02
9.694485032328534544e+02
9.568043240573249477e+02
9.757905428265149794e+02
9.533373588152973070e+02
9.667908092147096113e+02
9.720269567690994563e+02
9.587074472777989058e+02
9.742115385061050574e+02
9.645374440587314666e+02
9.709203919306017951e+02
9.627192944931366583e+02
9.587928782411346447e+02
9.717452078275288159e+02
9.639706618037337194e+02
9.695883129254114010e+02
9.595771918809986119e+02
9.687761900540274382e+02
9.631434231759247950e+02
9.621440854420352480e+02
9.791232844636214168e+02
9.582528547003473705e+02
9.591338114251042271e+02
9.809146819004425879e+02
9.561744841001692521e+02
9.822599876294868864e+02
9.675493201807083778e+02
9.551354584230342653e+02
9.607251941430941997e+02
9.656748233704963695e+02
9.698422950455452565e+02
9.608689861664789760e+02
9.597159431318063980e+02
9.779392055808384612e+02
9.798632730035411669e+02
9.827232149597593889e+02
9.728852571904758406e+02
9.635383932618273093e+02
9.827571617902161734e+02
9.653865513047172726e+02
9.716869468003152406e+02
9.833587417958833612e+02
9.613401510261322755e+02
9.638740107483602060e+02
9.603429762006752526e+02
9.641940238608675600e+02
9.712768426712314067e+02
9.599043238687165740e+02
9.718316835909296287e+02
9.737673459771714306e+02
9.752250834118037801e+02
9.742933558004291399e+02
9.739476809811361591e+02
9.611696792002782104e+02
9.690903848177863438e+02
9.740853074549899020e+02
9.733456715840313791e+02
9.700764503356842852e+02
9.630267021337380129e+02
9.659458650147020080e+02
9.773154263071841115e+02
9.592714700948607742e+02
9.703496950662428162e+02
9.576616040048264722e+02
9.783323027630893876e+02
9.532559427924084048e+02
9.738516737455773864e+02
9.594509771951501307e+02
9.638060458472498340e+02
9.717594285564970278e+02
9.628336806071209821e+02
9.583728310170963596e+02
9.600027773490270420e+02
9.680202486268409530e+02
9.766177068960961378e+02
9.736201079409465819e+02
9.659009217241226679e+02
9.622686728731232506e+02
9.809940421278847680e+02
9.650103457171460377e+02
9.733732004726887226e+02
9.768369998938875369e+02
9.622058526458766892e+02
9.660177238331029912e+02
9.763079648758108533e+02
9.869794154490286928e+02
9.763882148578635451e+02
9.631059146916895770e+02
9.780469892684285469e+02
9.854488712884411825e+02
9.689201470039632795e+02
9.567121121299336437e+02
9.927129378447502859e+02
9.735062284076244623e+02
9.719201860073894750e+02
9.697045929866612823e+02
9.762426958957310035e+02
9.840620981535780629e+02
9.673913486687376917e+02
9.865790189409865434e+02
9.828100752541423617e+02
9.752016550388514133e+02
9.824518893528704666e+02
9.736454114276182281e+02
9.775399419327561645e+02
9.715417249292540873e+02
9.844708484518243949e+02
9.790347300551088665e+02
9.745105398407964685e+02
9.590159174274913312e+02
9.684715707955375592e+02
9.721408837782331602e+02
9.647886778635166820e+02
9.753645505646487663e+02
9.694991062883601671e+02
9.752812584700964180e+02
9.928182286775437433e+02
9.754336977289060542e+02
9.907293509759315384e+02
9.711978866205728309e+02
9.738308334641012607e+02
9.697780541032178689e+02
9.873375922804922311e+02
9.751489041390635748e+02
9.745378471780858263e+02
9.869516439300304000e+02
9.816576203382434187e+02
9.863007812024928853e+02
9.716995582357849344e+02
9.784505532336937677e+02
9.826392865507067427e+02
9.908394360733254871e+02
9.813132738326141862e+02
9.878258168803403123e+02
9.882607340312547421e+02
9.816541558238567404e+02
9.723824529540286221e+02
9.965072195040861516e+02
9.690191589424139238e+02
9.670606110510625513e+02
9.811987589839428665e+02
9.828274528151873710e+02
9.680248936201476226e+02
9.880265895025797818e+02
9.972412108929643182e+02
9.707922904791779501e+02
9.800212384469429026e+02
9.710324949340675857e+02
9.714910420111523308e+02
9.862206624269120994e+02
9.834291789414421601e+02
9.828794981050037904e+02
9.578303114436057513e+02
9.793116010022265527e+02
9.886955701673824706e+02
9.868629466249524285e+02
9.706082437651100463e+02
9.837127074809668557e+02
9.832209954554194837e+02
9.786104259639953398e+02
9.842486113931739737e+02
9.844736209028038729e+02
9.750360035474388951e+02
9.702191610366919576e+02
9.766977400264254356e+02
1.006626467292828124e+03
9.807450712704742273e+02
9.726826752189199397e+02
9.906580010822780196e+02
9.861217574422837515e+02
9.770291064528328207e+02
9.719194795780186951e+02
9.883595811623740701e+02
1.001523710590708674e+03
9.928493750370141697e+02
9.775828105240819923e+02
9.920632325341335900e+02
9.943049723404067208e+02
9.935230966081015822e+02
9.855517498623621577e+02
9.767893598034872866e+02
9.806019473078441706e+02
9.924624570589926407e+02
9.687726100337085882e+02
9.830173038556712299e+02
9.899211681483301390e+02
9.802370872222054459e+02
9.673740551277091981e+02
9.898562552150881402e+02
1.000052420353501361e+03
9.810014518410397386e+02
9.811901502122711918e+02
9.914815493444788217e+02
9.755516850807941864e+02
9.745479658674752272e+02
9.830422338434625544e+02
9.830028564184692641e+02
9.719538289930187602e+02
9.805131080007083710e+02
9.784585835541605547e+02
1.010844663536710641e+03
9.838827668786839240e+02
9.891292067914727113e+02
9.812542657841327127e+02
9.823441665992847902e+02
9.855482261156367940e+02
9.991855276525851650e+02
9.823181995143894483e+02
9.912321626573651656e+02
9.813900493212993297e+02
9.824810370777331627e+02
9.913904310181136452e+02
9.868998216983087559e+02
9.893410707052966018e+02
9.799929438593193254e+02
9.758119121483038043e+02
9.877754119944836475e+02
9.955604507668944052e+02
9.861789565969672822e+02
9.833491985513477402e+02
9.810366709517545587e+02
9.873530414001025974e+02
9.724581432722427508e+02
9.944821127073616935e+02
9.982813770293654443e+02
9.830747811458836622e+02
1.000582993715730254e+03
9.912057709347146783e+02
9.972297331944979533e+02
9.888362771761493377e+02
9.977710568214799878e+02
9.824728101870400678e+02
9.903963714003339192e+02
9.934238172821952730e+02
1.004182890842725783e+03
9.995101288016199987e+02
9.845560099411945885e+02
9.997799406319327318e+02
1.003625659786773895e+03
1.000147251482006936e+03
1.000673441062064740e+03
9.925259803425868768e+02
9.778930624264339713e+02
9.960041289837222394e+02
9.724310958171537322e+02
9.889491806403511873e+02
1.000066887717895497e+03
9.947147496260055277e+02
9.881305922319912725e+02
9.977899600295190794e+02
9.988505697131462284e+02
9.961745558019320015e+02
9.918333361602918785e+02
1.000229176613850541e+03
9.861106316381135457e+02
9.922287360069373108e+02
9.946331368161910405e+02
9.930898216249477173e+02
9.948016278308698475e+02
1.002234960922139408e+03
9.969217883827346895e+02
9.911623221470654244e+02
9.996063001167102584e+02
9.725245094572836706e+02
9.868766705759044271e+02
1.008241399719166225e+03
9.804824295322191574e+02
9.814252214198822912e+02
9.850621307491709331e+02
9.870204177834110624e+02
9.812716925250927034e+02
1.007050447624515300e+03
1.001917817004478252e+03
1.010501141365679246e+03
9.919688002888547089e+02
9.924224813948417250e+02
1.009762892714570057e+03
9.776067957996375526e+02
1.010125197563526058e+03
1.002784415498860085e+03
9.924933080938526473e+02
9.824594425152840813e+02
9.911045528300778642e+02
9.968275647803657193e+02
9.943019499135319847e+02
9.973972948635707780e+02
9.872684707025164244e+02
9.945019503563506760e+02
9.961861654165071513e+02
1.006913157437135055e+03
1.011216234582040329e+03
9.995896340931698205e+02
9.900089427965735922e+02
9.848857196720100546e+02
9.915709791620661235e+02
9.834552234746913655e+02
9.888539055131384430e+02
1.010861859776506549e+03
9.892084777710447270e+02
1.011110919583561099e+03
1.000579552926551059e+03
9.942298396124008377e+02
9.942403879300835570e+02
9.920764579314352432e+02
9.923519585622458408e+02
9.918083018797819932e+02
1.001115809990873345e+03
1.008748309406153339e+03
1.000335296200322659e+03
1.004225624507186922e+03
1.002383712879692894e+03
9.836237475428689550e+02
1.000578944490893605e+03
9.903860766202216155e+02
9.861383679319617386e+02
1.013861999552206839e+03
9.944325109681046797e+02
1.001470693999134710e+03
9.928042563331850943e+02
1.002003465758409675e+03
1.000606317062864264e+03
1.007705703836723046e+03
9.992949855003753328e+02
9.917933927223464252e+02
9.976487531544979674e+02
9.979277971253012538e+02
9.960943647500268980e+02
1.002018791794744971e+03
1.003861676298972952e+03
9.929844716051279647e+02
9.997860287237324428e+02
1.009504134079978371e+03
9.953051296590016364e+02
1.004031363492767014e+03
1.003798200923133436e+03
9.946170593359432814e+02
9.926226229997180326e+02
9.880845122464922952e+02
9.942099704297065728e+02
1.004038927410955125e+03
1.004261019117683645e+03
9.856116816981068496e+02
9.854988848779498767e+02
9.963707141579660629e+02
9.954989100967918603e+02
9.963213932319224568e+02
9.943414247851652590e+02
1.015436360386093043e+03
1.004109714833446674e+03
1.003436344596248659e+03
1.007087174274502786e+03
9.965719274995867636e+02
1.002434819527186846e+03
1.011653144359017915e+03
9.938577715456478927e+02
1.017413040362289735e+03
9.928038039432435653e+02
1.019699168570183701e+03
1.008166483754928095e+03
9.986616316168664298e+02
1.008770353315316811e+03
9.920484546401335137e+02
1.004420708094346878e+03
1.000605516329964644e+03
1.005631117430795712e+03
1.018211902922165905e+03
1.004142294671204240e+03
1.003441091152778199e+03
9.983862396022560688e+02
1.007931142247564708e+03
9.978912343215289411e+02
9.902826740598568449e+02
1.008008202017374629e+03
1.000462273113597576e+03
9.802945115747232876e+02
1.004360961673196471e+03
1.019845861131596166e+03
9.997057548129617999e+02
1.003076283153071927e+03
9.971022555869060398e+02
1.005841171574183477e+03
9.907783710581570631e+02
1.000842547723165808e+03
1.003856051341820148e+03
1.019320349153543020e+03
1.012983556984148208e+03
9.950150321484973119e+02
1.002723867083271671e+03
9.945128785462568430e+02
1.003239242085347314e+03
1.022854023222821979e+03
1.008709241002749536e+03
1.012266976620023797e+03
1.009198096360335285e+03
9.880639935887500087e+02
1.007345950582594355e+03
1.021293038520306823e+03
1.008698895043632092e+03
1.011711484150788124e+03
1.011188848344919165e+03
1.010177472732954470e+03
1.013838365772803286e+03
1.008297965440119697e+03
1.002548158533439391e+03
1.019323447331848911e+03
1.003841587516783420e+03
1.008895891558244557e+03
9.876490381419622508e+02
1.020293342285035465e+03
1.002504390126791122e+03
1.006568815563919543e+03
9.868212776726943503e+02
1.000667988373784965e+03
1.006208006861517561e+03
1.015637480055979836e+03
1.002855718566069413e+03
9.902951717060979036e+02
1.020065118093726824e+03
1.011812491227545024e+03
1.026633581637520365e+03
1.005096832780671321e+03
1.016360041241350132e+03
1.008200817405572138e+03
1.024549584350542318e+03
1.006561901409286065e+03
1.007336924909259551e+03
1.027774899933117695e+03
1.012513478699755296e+03
1.022655694283684852e+03
1.001759940932963332e+03
1.001256982251561908e+03
1.017428545868937590e+03
9.987770398934738978e+02
9.981910469120048219e+02
1.005881464564646762e+03
1.021423194248463460e+03
9.999661208822150229e+02
1.023127390905881725e+03
1.020872852247158448e+03
1.017634638170977951e+03
1.008631325212352976e+03
1.004370041675659195e+03
1.010744393785641478e+03
9.990451496742945210e+02
1.012169381808669186e+03
1.025621919042991294e+03
1.014226014650179422e+03
9.989352444191675886e+02
1.019770982472297874e+03
1.017213070560375627e+03
1.010685381590679299e+03
9.963827991108992137e+02
1.013904825168502839e+03
1.013467371938232645e+03
1.003249665258078721e+03
1.034958529449760135e+03
1.013054772097297814e+03
1.008495864453682771e+03
1.011336107286052652e+03
1.025120808168569056e+03
1.006797603750537633e+03
1.001460776747091586e+03
1.027309359428683365e+03
1.015887422397068235e+03
1.026766264337376015e+03
1.012943304090613765e+03
1.022026340511097260e+03
1.009887348914602057e+03
1.017478268446340621e+03
9.963243093633449234e+02
1.004458401047274492e+03
9.990011419460086017e+02
1.028815688835479250e+03
9.922786524370853840e+02
1.011628352406151862e+03
1.020263835515398114e+03
1.021734999171313689e+03
1.004738559006447872e+03
1.032643560479179996e+03
1.013649881255822720e+03
1.019538627737486308e+03
9.991896177974316515e+02
9.940447457846007637e+02
1.011167773702525551e+03
9.974886167559640171e+02
1.018750987953558251e+03
1.017907189734171538e+03
1.012387534895002545e+03
1.009862548306201006e+03
1.003451690826435083e+03
9.966303846065183052e+02
1.023541149673961513e+03
1.004059901937551786e+03
1.019924861171781231e+03
1.010704268005754557e+03
1.009062281559417897e+03
1.010190084261130096e+03
1.030067476016666888e+03
1.020153928805103533e+03
1.014638215863305049e+03
1.030841720079132301e+03
1.025452581089643445e+03
1.011712623073055170e+03
1.024832003283870336e+03
1.010293779019024669e+03
1.015691468211664528e+03
1.013133634915865059e+03
1.011864153309143717e+03
1.014213009211448707e+03
1.025705581509037074e+03
1.004607466850309947e+03
1.010829590556595349e+03
1.031004974683258752e+03
1.016252398389677865e+03
1.037080616846913244e+03
1.017031066318594640e+03
1.004414875606654846e+03
1.019692231567403610e+03
1.010038282230849063e+03
1.014588358688200401e+03
1.011033046435603069e+03
1.024921175665602050e+03
1.016005349190194806e+03
1.016394275634888345e+03
1.023611455098125248e+03
1.012445239580847328e+03
9.976880514554400179e+02
1.013997665395238755e+03
1.025922516156809706e+03
1.016687981686951730e+03
1.012753730546211045e+03
1.025960804267523599e+03
1.000383353995344578e+03
1.022167407372346361e+03
1.032401678899441549e+03
1.034064407302167183e+03
1.029856204957298587e+03
1.028106760009917480e+03
1.028137816796723200e+03
1.023476875155377911e+03
1.028098860318522156e+03
1.008888777244710127e+03
1.020397046302945569e+03
1.017017391096322172e+03
1.016467487665969657e+03
1.024791119753410158e+03
1.016566303288509971e+03
1.022686797380225016e+03
1.021996133770831648e+03
1.014309989589743509e+03
1.023266485693317009e+03
1.035252429482251273e+03
1.029783384017676553e+03
1.016640390650257018e+03
1.013666933136848456e+03
1.032493668307977714e+03
1.022988972762473850e+03
1.032605668307605811e+03
1.025001537179735806e+03
1.027512210482494766e+03
1.024378012089910271e+03
1.024963639219974993e+03
1.036128605617080439e+03
1.032810317126149585e+03
1.020655698732171800e+03
1.026959250638489266e+03
1.031174742568781767e+03
1.031865746882778694e+03
1.027941381856829366e+03
1.024437511842781078e+03
1.026203927833410717e+03
1.017570771497133705e+03
1.002579432842026222e+03
1.011451372579546614e+03
1.035597855182311150e+03
1.018361481800323531e+03
1.014972519259817318e+03
1.028571447018671279e+03
1.033214854514233593e+03
1.012282795234605715e+03
1.015470258249502535e+03
1.024198967714658920e+03
1.031369832208273237e+03
1.027331358099541148e+03
1.024682143700440065e+03
1.023179376260039930e+03
1.034429759590728054e+03
1.035039226512979440e+03
1.021350049084481839e+03
1.028278768455639920e+03
1.034798904259257370e+03
1.029187550410239055e+03
1.031836516187665211e+03
1.034578722909467388e+03
1.020420482717345067e+03
1.042867322670189196e+03
1.015844070592935736e+03
1.025169694437071712e+03
1.029827854131336835e+03
1.012246559952849452e+03
1.019458410298533181e+03
1.029311246231114637e+03
1.027080425342957597e+03
1.019556413201159103e+03
1.000717404111442193e+03
1.023859336724513355e+03
1.022862523304327169e+03
1.034904208110546278e+03
1.021915098731297576e+03
1.043738006451697856e+03
1.025127415021223896e+03
1.019582832170689471e+03
1.014112812405263867e+03
1.031030693898641402e+03
1.035562700381547302e+03
1.009695566824128150e+03
1.036233214281830442e+03
1.029385076454944965e+03
1.028917635213137828e+03
1.024898161115686207e+03
1.024855434969082808e+03
1.023579903848876825e+03
1.011188364820422521e+03
1.032921121231442157e+03
1.010954536832894405e+03
1.024728405463682520e+03
1.037235326771512518e+03
1.022557265962840120e+03
1.008841283189516844e+03
1.019420416305564345e+03
1.032273879923283630e+03
1.048298713093193101e+03
1.013943866719582843e+03
1.016416213189761834e+03
1.017755343485550497e+03
1.024571699129707213e+03
1.031822529703128112e+03
1.043436396611678219e+03
1.017389351917002273e+03
1.021999853086071539e+03
1.037758336485267819e+03
1.026809143306867782e+03
1.037162392261041077e+03
1.037857478380034991e+03
1.031575924029520138e+03
1.034225373192017742e+03
1.034043118843369939e+03
1.032256864038391086e+03
1.020655989979912761e+03
1.031876784556646044e+03
1.027907312115900822e+03
1.022632693030085420e+03
1.031451300595844259e+03
1.048546658788844525e+03
1.027442122815300309e+03
1.021063865688006445e+03
1.031970098108211232e+03
1.041481489787878445e+03
1.032911356219142590e+03
1.037401490678376149e+03
1.036650717840887182e+03
1.029160511761049065e+03
1.025609076799027889e+03
1.035927855459001648e+03
1.032947448554024731e+03
1.015604510978445433e+03
1.014515171769266090e+03
1.035110115229592338e+03
1.032296226952934603e+03
1.043269945141063090e+03
1.019697004068831461e+03
1.038268103673711039e+03
1.017932154165366796e+03
1.025390261990228964e+03
1.026357203839851763e+03
1.040176235939583876e+03
1.030670422690515124e+03
1.017047443862119280e+03
1.037237964179498249e+03
1.039784362020345952e+03
1.033139872412218892e+03
1.046216565468778072e+03
1.024721813894352408e+03
1.023632348831439685e+03
1.040118195663354982e+03
1.025462364771887906e+03
1.033066702896177731e+03
1.024138371503011058e+03
1.029943016525545090e+03
1.027324026237815360e+03
1.022462532483972836e+03
1.011737389627563516e+03
1.023559855032003838e+03
1.013831523543105845e+03
1.035804372636414655e+03
1.038114075209621660e+03
1.037229019938621377e+03
1.028301402251944864e+03
1.048596210898938352e+03
1.040065244446256884e+03
1.028588207722757943e+03
1.035148313752351896e+03
1.037122552511077629e+03
1.043318474250628242e+03
1.033174424089072090e+03
1.035586813868716945e+03
1.031728751473615603e+03
1.044453315622501350e+03
1.035570734057956315e+03
1.023123588306869351e+03
1.032282858086311990e+03
1.029444291729602128e+03
1.031204739340397055e+03
1.042718633668304619e+03
1.050238460994714387e+03
1.038711742574232403e+03
1.039394181048342944e+03
1.007883637104537684e+03
1.030140232750726227e+03
1.033290147600700948e+03
1.024675570656942227e+03
1.044675545994685763e+03
1.025463950499128487e+03
1.040331588677084937e+03
1.034990330650072565e+03
1.037633177164342214e+03
1.046429253318428209e+03
1.035453512500226452e+03
1.018835521309270462e+03
1.022145998610110496e+03
1.041457220095744788e+03
1.031834978235898006e+03
1.033705133023860071e+03
1.044671419713802607e+03
1.036754249599590366e+03
1.031046469093286987e+03
1.034518030278821016e+03
1.044824245192002763e+03
1.044924488348634895e+03
1.042670336054998415e+03
1.037472688899527157e+03
1.043152443357663969e+03
1.033002304946476215e+03
1.022250555314736062e+03
1.038373214962767179e+03
1.025498319494894531e+03
1.044403998544824162e+03
1.025467372363074674e+03
1.047728303756735158e+03
1.040992378466156651e+03
1.049173689315877709e+03
1.033066469946201778e+03
1.040481841326428366e+03
1.032249878674305137e+03
1.031524071773684454e+03
1.041076374269418920e+03
1.031993433066930720e+03
1.039812433002794023e+03
1.041497577261749484e+03
1.020714786187175832e+03
1.052173487015161299e+03
1.050323011811254673e+03
1.042736122987474118e+03
1.055293107160876389e+03
1.041005129123235974e+03
1.036795513375175688e+03
1.035580013520229613e+03
1.024787886462557708e+03
1.026904781456453975e+03
1.043688991764000320e+03
1.032288398904549013e+03
1.022654929915296293e+03
1.036125549114000023e+03
1.050204105386035735e+03
1.033554916016724974e+03
1.035839531567125277e+03
1.035900838580518212e+03
1.045630525304267849e+03
1.047537913780916824e+03
1.033606991002034647e+03
1.040222234912924705e+03
1.035034356403419679e+03
1.042352822182663203e+03
1.046963993421186160e+03
1.041830633613196824e+03
1.037129278643029011e+03
1.033006767180652105e+03
1.023644461875534489e+03
1.033787661896398049e+03
1.039081736567888356e+03
1.049700313499246022e+03
1.052376499265086068e+03
1.042861654477958155e+03
1.029600721262536126e+03
1.044601892202919316e+03
1.034674589746092352e+03
1.047647926919986503e+03
1.030599102737147177e+03
1.039217411123440797e+03
1.030164573793946829e+03
1.044478898975280572e+03
1.046701357099788311e+03
1.047239071594202642e+03
1.033900292436381960e+03
1.040931513247194289e+03
1.042991432585341045e+03
1.042576788187003558e+03
1.043893600346495077e+03
1.044933913313235735e+03
1.055708349914260907e+03
1.048786604691691309e+03
1.040068424844192577e+03
1.035333075189322017e+03
1.029328209002738731e+03
1.031501326776230826e+03
1.054698874596126871e+03
1.048471500739931344e+03
1.033512486350691688e+03
1.036465033205726058e+03
1.043500628172063216e+03
1.035242606463100401e+03
1.035154227721470079e+03
1.039727625751386540e+03
1.044116388689069254e+03
1.039563334704506815e+03
1.036938529862240330e+03
1.035599650481143044e+03
1.053636473841634142e+03
1.038909356139617557e+03
1.033849956524166146e+03
1.060107349215950080e+03
1.043723696482385776e+03
1.024923715041315745e+03
1.039470520489867567e+03
1.046179217873633206e+03
1.037708605501700958e+03
1.038500253313215808e+03
1.049616947343369930e+03
1.046725393435278647e+03
1.060674530438261627e+03
1.058760350367841284e+03
1.028660991949791878e+03
1.057891590024418974e+03
1.051374010858884503e+03
1.054223151669545359e+03
1.033168602124483186e+03
1.056769779604224141e+03
1.045047410463095503e+03
1.058338446938275183e+03
1.038526268574173400e+03
1.046648447741193650e+03
1.054497735474052433e+03
1.044889259782892395e+03
1.045299275167593350e+03
1.029175791885959597e+03
1.045423628343936571e+03
1.055787170455199202e+03
1.045179570899670807e+03
1.064544605702136096e+03
1.050367639378253898e+03
1.057168495739571199e+03
1.051227718837065822e+03
1.055637944123774332e+03
1.049528565086616027e+03
1.051084278004340831e+03
1.033334335294824541e+03
1.065497150871701024e+03
1.039594347016989786e+03
1.046805745901948058e+03
1.034122055425600138e+03
1.047123159958195629e+03
1.049568015365436622e+03
1.050784797932339416e+03
1.038282094603572205e+03
1.040481926676189232e+03
1.037240366974833023e+03
1.045957979472450688e+03
1.044524441119262974e+03
1.046305244074731263e+03
1.049892449541045835e+03
1.040839254699525100e+03
1.046796562760499228e+03
1.041194023102625351e+03
1.048255124298442070e+03
1.050765989821429685e+03
1.045610117820356891e+03
1.054886884848145201e+03
1.032188831426600245e+03
1.046926959254692520e+03
1.042536587170726534e+03
1.042322628827284007e+03
1.051868360530953169e+03
1.050744742021642651e+03
1.047357620231948204e+03
1.060108270099769925e+03
1.046574791915430524e+03
1.045372198285024751e+03
1.053812021441259503e+03
1.047570360235300086e+03
1.047770385702790463e+03
1.053141667340207277e+03
1.046486485795885528e+03
1.051347311552969813e+03
1.053296003349129251e+03
1.049499633436235399e+03
1.061859131220267955e+03
1.049678852044794894e+03
1.043460015764379932e+03
1.054662392619816274e+03
1.059244306590366477e+03
1.031475769912069609e+03
1.047854382820241426e+03
1.044418286433869753e+03
1.052890186605426379e+03
1.042696716163949759e+03
1.047120255295213383e+03
1.052059480655088237e+03
1.035852661759035527e+03
1.044209623327656573e+03
1.045560030624318870e+03
1.069319351035642967e+03
1.033622176866634163e+03
1.046173089665119505e+03
1.034053641938688543e+03
1.071042272294663917e+03
1.043880300367194650e+03
1.048890990116302646e+03
1.049165201035449400e+03
1.054733282588143084e+03
1.044129747462007799e+03
1.044273437441100668e+03
1.048765690861354415e+03
1.060905392357238725e+03
1.054537464918436626e+03
1.052771646470416499e+03
1.056293639007921911e+03
1.045163573747192231e+03
1.044711801275174821e+03
1.031467185831925690e+03
1.047970313991138937e+03
1.038365106277291488e+03
1.053393845765048582e+03
1.056901954763414096e+03
1.065870429032250968e+03
1.045535892380884661e+03
1.049344967886014274e+03
1.057746954051753164e+03
1.046643362480173892e+03
1.042995716686511059e+03
1.036381265747727412e+03
1.040731386766304468e+03
1.047495371256949284e+03
1.049826588399454977e+03
1.051291169019662448e+03
1.047714945465859500e+03
1.062954550362946520e+03
1.053010942909010510e+03
1.064465945921444018e+03
1.047717721563145005e+03
1.058557160012956729e+03
1.047283853346580145e+03
1.045649736177835848e+03
1.048696664678286879e+03
1.043570856542243973e+03
1.056067466768471604e+03
1.049256213380569307e+03
1.068773256920523181e+03
1.044046627171299860e+03
1.051953446136779348e+03
1.066798799455000108e+03
1.047103305408307733e+03
1.058122752307945120e+03
1.049888424891426666e+03
1.038428193113878478e+03
1.044649420056236067e+03
1.057490202759809108e+03
1.062356691764247216e+03
1.057820372544118982e+03
1.056038015316550627e+03
1.056783271423123779e+03
1.041233284763151005e+03
1.052918458898657946e+03
1.061673178155080677e+03
1.042040339261688814e+03
1.060847379409352698e+03
1.058060855872879756e+03
1.062027341600573891e+03
1.049139443227089259e+03
1.061208205544881594e+03
1.073213537564440685e+03
1.060628995993974968e+03
1.064144198776373287e+03
1.047810365416275317e+03
1.055894696003550735e+03
1.049336780864557795e+03
1.043802116451761549e+03
1.047255543993700712e+03
1.068608253715650790e+03
1.057410963112966328e+03
1.056293388129117375e+03
1.049706441443553331e+03
1.057959243408812654e+03
1.054281657461377108e+03
1.038813255221746658e+03
1.056573748777682340e+03
1.044345053597455717e+03
1.053691137003671884e+03
1.053688576395932841e+03
1.054745031911880005e+03
1.064103194357290704e+03
1.060722348422013511e+03
1.045215192642092688e+03
1.061956381171599105e+03
1.057903443333727637e+03
1.038031138195870199e+03
1.052012699066922778e+03
1.045303835682496128e+03
1.048895215946702592e+03
1.043892685058906409e+03
1.059470439763880449e+03
1.059010105332312378e+03
1.047277381003421397e+03
1.050477696092839551e+03
1.053555277274001810e+03
1.057748126019073197e+03
1.050845722185367094e+03
1.061430614976032757e+03
1.069346455947883896e+03
1.052606569686879993e+03
1.036402390975775688e+03
1.081579723712707391e+03
1.032740330164604075e+03
1.057706904324113566e+03
1.060263629109674184e+03
1.069112613880460003e+03
1.058347703802568731e+03
1.046327480156627189e+03
1.052974350280333965e+03
1.056112585579170172e+03
1.058452968465008098e+03
1.070630489246892239e+03
1.047321980393571494e+03
1.062334453470968811e+03
1.050437621504566550e+03
1.058305436014284169e+03
1.056960353457561951e+03
1.055849006847922510e+03
1.051072752060468019e+03
1.059040321342364678e+03
1.049708868128315316e+03
1.053439437250515311e+03
1.060084890322614910e+03
1.055955978327114508e+03
1.054357424771252226e+03
1.054236064069211807e+03
1.053813782743338606e+03
1.048625891226392923e+03
1.050073229391177392e+03
1.052645213961521449e+03
1.068026075990418349e+03
1.071871529558631664e+03
1.074136697055343802e+03
1.057351428163104174e+03
1.054518833975102325e+03
1.052233850943435073e+03
1.057641345088195976e+03
1.057732027320277211e+03
1.065169374417754170e+03
1.044203863875152138e+03
1.042253260502695184e+03
1.051227629700352509e+03
1.049991615454444172e+03
1.052697676108498172e+03
1.047638736378464046e+03
1.057488607817363118e+03
1.062197305133166083e+03
1.048996331326375412e+03
1.051758554398953265e+03
1.051260598178085274e+03
1.054401022888558600e+03
1.069451023487474686e+03
1.048422234529484967e+03
1.042690609881599585e+03
1.056557270565404906e+03
1.051586223230751784e+03
1.069140102881872053e+03
1.044488468526209545e+03
1.051704341435011884e+03
1.063212123755448147e+03
1.069145208084238675e+03
1.073612168332367673e+03
1.068559189581748115e+03
1.057050786061918188e+03
1.055984417186429937e+03
1.036441223307692326e+03
1.049470548010843231e+03
1.062268377783359483e+03
1.056152763062399117e+03
1.065188654994582294e+03
1.063093602719822002e+03
1.059577046059023814e+03
1.051881704313270802e+03
1.063345287843390224e+03
1.045888787118042274e+03
1.062049820820345758e+03
1.064268642306655693e+03
1.046020780556358659e+03
1.063714567418538991e+03
1.057711037481903986e+03
1.054435161764757595e+03
1.053464826780145131e+03
1.052069786711703955e+03
1.075123904549007193e+03
1.047116809594481992e+03
1.054713311221836875e+03
1.067780058798761729e+03
1.069312604973735233e+03
1.064656592767363236e+03
1.067788102727343812e+03
1.055228806853709102e+03
1.060326055003780539e+03
1.044325563307222865e+03
1.068049729887359263e+03
1.071883708597907571e+03
1.044937272730965560e+03
1.062046236925456014e+03
1.052244249729067633e+03
1.057053416557646415e+03
1.063915459120326432e+03
1.054624459995295865e+03
1.063702819378172308e+03
1.058974431942899855e+03
1.055183807963304162e+03
1.061447112871550871e+03
1.072833332026790004e+03
1.070308272248576486e+03
1.052000468178737492e+03
1.048570226684878207e+03
1.053372953506382601e+03
1.069062180612918155e+03
1.053347391448400685e+03
1.076264567705427908e+03
1.052058839983967573e+03
1.052666407714313209e+03
1.055700408325765238e+03
1.069743800284499230e+03
1.050114679550186793e+03
1.054713859756640431e+03
1.058500058029757611e+03
1.049992130570667769e+03
1.056440472636783397e+03
1.066910407285036172e+03
1.067173861076283629e+03
1.051932586699128706e+03
1.044231527585625827e+03
1.059121979532223349e+03
1.043167977540612128e+03
1.066697331765384206e+03
1.049180971472167357e+03
1.062806919721987924e+03
1.056784465936652850e+03
1.044792996672607615e+03
1.066814030810005306e+03
1.046831380610860606e+03
1.056803869462186867e+03
1.051142111522534833e+03
1.060591612104130718e+03
1.060868187474244223e+03
1.057650037445756425e+03
1.057999094561073434e+03
1.046253489302737762e+03
1.052940386617760396e+03
1.064746130520889437e+03
1.060464058896425513e+03
1.042340915264190244e+03
1.066434347034921984e+03
1.049727068786769451e+03
1.058712716216755780e+03
1.050313915607717490e+03
1.060426583849851568e+03
1.059844493736005234e+03
1.069543514342125036e+03
1.061205868879269019e+03
1.065892701953816641e+03
1.061572351509279770e+03
1.050707516571176257e+03
1.067166085216780857e+03
1.039169351219558848e+03
1.049566241404634866e+03
1.052892333096346420e+03
1.062053514711497201e+03
1.055902358692898360e+03
1.054237924986560984e+03
1.046225483690288911e+03
1.048553733203752699e+03
1.061702681648133421e+03
1.057718589582708319e+03
1.064588748886950270e+03
1.050802694258864221e+03
1.069023618124894028e+03
1.070314636372665291e+03
1.049560502651337401e+03
1.071599281442606298e+03
1.047347429127856458e+03
1.059346636058661943e+03
1.069795859046189662e+03
1.062984877452046248e+03
1.045724275079641529e+03
1.056493529527968121e+03
1.072460106968777836e+03
1.062297561268444952e+03
1.059592002641287536e+03
1.066631564119534460e+03
1.059732850228388770e+03
1.055809459028043648e+03
1.044948592168721916e+03
1.060010639463031794e+03
1.063397937551639416e+03
1.067171028057878175e+03
1.057089656239823853e+03
1.050754476241925886e+03
1.057698097432815985e+03
1.069150029730646793e+03
1.060447245032987439e+03
1.062897883475200842e+03
1.066697158670536510e+03
1.067587899474568076e+03
1.071083326681520248e+03
1.061781221709260535e+03
1.056925608006171160e+03
1.065748150230311012e+03
1.059304640565922909e+03
1.065046490516707536e+03
1.064693231496831004e+03
1.068661201292210080e+03
1.066284249918030810e+03
1.063222542794720539e+03
1.081029169669612656e+03
1.054915365482869902e+03
1.049173938373339070e+03
1.064558245937597121e+03
1.054929897804045595e+03
1.063119068115976688e+03
1.053905374934212205e+03
1.051219486575243991e+03
1.061180854500884834e+03
1.063153865043970427e+03
1.069671726210857059e+03
1.062236726571719828e+03
1.041866909180617085e+03
1.065518787304398529e+03
1.063349695473957809e+03
1.058005021254847179e+03
1.070709454562103701e+03
1.069405979846105311e+03
1.061338077534481044e+03
1.060561351240467047e+03
1.047075819349269523e+03
1.051350967795358656e+03
1.071969167486316337e+03
1.059581564379719339e+03
1.052048055940023232e+03
1.068752993616420781e+03
1.067968411393996803e+03
1.071247938098484155e+03
1.063429866659952950e+03
1.072152898393310352e+03
1.070436967448252972e+03
1.065796062193743637e+03
1.055053421799440912e+03
1.051278056620049256e+03
1.044086329235905168e+03
1.071782260867422337e+03
1.072822049685652019e+03
1.060354071737784352e+03
1.053237829694542370e+03
1.045897507664280056e+03
1.072607949563341890e+03
1.054429585623488038e+03
1.063756553536443107e+03
1.058436997276760394e+03
1.054255276887991613e+03
1.065540324789689521e+03
1.043318161667632467e+03
1.049977593961855291e+03
1.056753374432585360e+03
1.053888714234534518e+03
1.054485167385010755e+03
1.071802417603598087e+03
1.070836891208366978e+03
1.062641148871922496e+03
1.057924751023518866e+03
1.068238508142001137e+03
1.053762356180335701e+03
1.060664858982243231e+03
1.062939971605946766e+03
1.043574649742558677e+03
1.056184560240553083e+03
1.059452405301427461e+03
1.043764302616612213e+03
1.083594101940667315e+03
1.064655104238552667e+03
1.069453024743120295e+03
1.058191764923013352e+03
1.042933544291305680e+03
1.071420599980768202e+03
1.055628650432568747e+03
1.073331856288889185e+03
1.060965611780435438e+03
1.068541333659786687e+03
1.067372668785925498e+03
1.049778208724879278e+03
1.069266570584534975e+03
1.063144965328498756e+03
1.057592330273454991e+03
1.069448862567331389e+03
1.052428562462412174e+03
1.054288377668583507e+03
1.069177596802407379e+03
1.074891946261208659e+03
1.045467424277755754e+03
1.076669880398033911e+03
1.070234306719689812e+03
1.081979560358454819e+03
1.062419321652911094e+03
1.063644081480446630e+03
1.045839490677936283e+03
1.057853249557247636e+03
1.067875852292858326e+03
1.061338231809643730e+03
1.065087031464006031e+03
1.059580074402393166e+03
1.069107209769232213e+03
1.046556093820788192e+03
1.059157606745464363e+03
1.053282001766413941e+03
1.061259597753039770e+03
1.055281022748985379e+03
1.060490099472279780e+03
1.039453899187335992e+03
1.057774551089513579e+03
1.053836384015093699e+03
1.059037516369022796e+03
1.061369355382176309e+03
1.053204694335687918e+03
1.064596683485327731e+03
1.055856929440646581e+03
1.062942855128240126e+03
1.044885667080042595e+03
1.062770269832663416e+03
1.073882224212352412e+03
1.055212811917499721e+03
1.058488992317579914e+03
1.066258287775218832e+03
1.059422605045940145e+03
1.063919372073077284e+03
1.058912162356102726e+03
1.068239331602068887e+03
1.061085964683220254e+03
1.051202948182978616e+03
1.048278692262599634e+03
1.067470700921660182e+03
1.041484870632256843e+03
1.057936530615140782e+03
1.039854979543510808e+03
1.053029242392662582e+03
1.058825175951172014e+03
1.071017443524352984e+03
1.059337295116247560e+03
1.059318046794073325e+03
1.065538725536755237e+03
1.043878040255365249e+03
1.053751544349410779e+03
1.066124371470110873e+03
1.060866082677025588e+03
1.055516429551408919e+03
1.064753324466050572e+03
1.060806040147134581e+03
1.072550958611287797e+03
1.059963821461135240e+03
1.053725821291491002e+03
1.055493613732741551e+03
1.055375634594727444e+03
1.062393192713598182e+03
1.067173929441640666e+03
1.061907040519381781e+03
1.060681153830175617e+03
1.062766556970252623e+03
1.045826876707842757e+03
1.070813815866449886e+03
1.048900892548076854e+03
1.069064600948922589e+03
1.074830829886334641e+03
1.064982730391954647e+03
1.057369955762157815e+03
1.052585326454870028e+03
1.072671154311831515e+03
1.076114311583020253e+03
1.066951319702064893e+03
1.044976447745054429e+03
1.071664602348491371e+03
1.054810339910877474e+03
1.068349111588858932e+03
1.065308219149808110e+03
1.058839796096646296e+03
1.050754222325743513e+03
1.055963734743643954e+03
1.074959773490101952e+03
1.063010173669183132e+03
1.059913941020348375e+03
1.056454428428463643e+03
1.060409191859670955e+03
1.041862390436830083e+03
1.060668291335263348e+03
1.059152910560753980e+03
1.052594311800421792e+03
1.062571568289415382e+03
1.061339531172088073e+03
1.065300227372087875e+03
1.069305979580524081e+03
1.051747378320793359e+03
1.055928492739274134e+03
1.074911474586112490e+03
1.062091571047144726e+03
1.056010769173072049e+03
1.064407263560567571e+03
1.071197261983382305e+03
1.033544309242043710e+03
1.042783035113788628e+03
1.050264395136853409e+03
1.075897411365412609e+03
1.058411609076516243e+03
1.052077233314784280e+03
1.053736250552683714e+03
1.074198641524852746e+03
1.059309740619155264e+03
1.047830419644932135e+03
1.061105374872235188e+03
1.063146656157067582e+03
1.075870546142609783e+03
1.069118615781514791e+03
1.050135776344415262e+03
1.067270303792860659e+03
1.048050471578899305e+03
1.062731607849939564e+03
1.054495759677311980e+03
1.069433717409994188e+03
1.049103889088332835e+03
1.056425958163929181e+03
1.041411063282836494e+03
1.058925764298678587e+03
1.063818735744574269e+03
1.047765358747338269e+03
1.047934799408755907e+03
1.054746856844387594e+03
1.051542348835017265e+03
1.055131065800436545e+03
1.063743160204737705e+03
1.038656962894503522e+03
1.054091603018876640e+03
1.065090072115290468e+03
1.074515319081017651e+03
1.056122405889791708e+03
1.067530320665712907e+03
1.048180574404354957e+03
1.062632168898325745e+03
1.062659008826159607e+03
1.056003999183867791e+03
1.066147771248588242e+03
1.034939438736360444e+03
1.061355480851917264e+03
1.053967928833308861e+03
1.060545989092209084e+03
1.044738868130448054e+03
1.044505590409444494e+03
1.065010671483182932e+03
1.062319615732921648e+03
1.051588844452939838e+03
1.052762386923817985e+03
1.063725320864514060e+03
1.058499851214123737e+03
1.065331611967093295e+03
1.054727575021612211e+03
1.041933162643271999e+03
1.074655959521739987e+03
1.065849712737230448e+03
1.063359080504317035e+03
1.060828962243301476e+03
1.063480416262856806e+03
1.051809102784125116e+03
1.042935505087824595e+03
1.063064219862844539e+03
1.060337639190830942e+03
1.058618628865111987e+03
1.057130947407718622e+03
1.051932754698098279e+03
1.063483913269550385e+03
1.046573856489631908e+03
1.059437642144961728e+03
1.054811015988803774e+03
1.057820843479017185e+03
1.037356815506610474e+03
1.060901271321801460e+03
1.062419462240277198e+03
1.056887095338308654e+03
1.060423073632590558e+03
1.058525154556320786e+03
1.055858261164413761e+03
1.048335257750352184e+03
1.064259492884920519e+03
1.059609417250828528e+03
1.045860724670722220e+03
1.045600261829009014e+03
1.058968502872181716e+03
1.046829527172599910e+03
1.066151227772975517e+03
1.057336529526122149e+03
1.061944099115778272e+03
1.070964013873624936e+03
1.063531375205299810e+03
1.053843896141038613e+03
1.063882405316934637e+03
1.056248168412862242e+03
1.057142305300912312e+03
1.056008405229890968e+03
1.057135495451305587e+03
1.051449039846532287e+03
1.040573075993363091e+03
1.040759158452992779e+03
1.055245069914973783e+03
1.057996538752745209e+03
1.052155925748714708e+03
1.046518004764245688e+03
1.057911240313727831e+03
1.055959496683466114e+03
1.061415767068756168e+03
1.073245051175289063e+03
1.048844436387396854e+03
1.043645991139777152e+03
1.050499066496464593e+03
1.066178799387051640e+03
1.052512493259974235e+03
1.066305442112049150e+03
1.057131061559073942e+03
1.066299934722061835e+03
1.045036388499050872e+03
1.035083008581928652e+03
1.039079338415300299e+03
1.055820573409940380e+03
1.047631023472306424e+03
1.047831976359108921e+03
1.055832170576538829e+03
1.047655919753800617e+03
1.061743166783193828e+03
1.058547637053281733e+03
1.047429696553209624e+03
1.066125004814333579e+03
1.049746748753677139e+03
1.062458268936989725e+03
1.062800920463105740e+03
1.042552189413429460e+03
1.057562643098740637e+03
1.051527356110972732e+03
1.058313902019030593e+03
1.058504823192814001e+03
1.042262314704403025e+03
1.062897570973534812e+03
1.055673746041272352e+03
1.041629666254020776e+03
1.056110400759761660e+03
1.046581028855802288e+03
1.049468446874296660e+03
1.042595479525360815e+03
1.033657009490379551e+03
1.055670700414758585e+03
1.065434349063507852e+03
1.051108804262679087e+03
1.054193869717837970e+03
1.038491286872559840e+03
1.060593562013129258e+03
1.047270620948423129e+03
1.050073796585745185e+03
1.054778227127293576e+03
1.051135800233774717e+03
1.076221003681481307e+03
1.055794559162805626e+03
1.056922848359738737e+03
1.035163390295289446e+03
1.052858439791645196e+03
1.065817979737006453e+03
1.042275329586923817e+03
1.047407555227648572e+03
1.040017544171139434e+03
1.052442441181785625e+03
1.063566249670607476e+03
1.048342265268444180e+03
1.037419389717799959e+03
1.036778536838722175e+03
1.058200870119618685e+03
1.037405965620569305e+03
1.053952063230236945e+03
1.055522210639093828e+03
1.057711408844766311e+03
1.062699804749157011e+03
1.055032448963266688e+03
1.045006839319149776e+03
1.068564039142184356e+03
1.048692270023629817e+03
1.038267712788021527e+03
1.050996634665163356e+03
1.042553102116551599e+03
1.050315485449149719e+03
1.060943826108863504e+03
1.053921627351695179e+03
1.064875508719076151e+03
1.039842512000553825e+03
1.053130383740011894e+03
1.051619757051381384e+03
1.040788933214212648e+03
1.050043546237859800e+03
1.050929180335564979e+03
1.057026542966819079e+03
1.044886837451394968e+03
1.061158659615527540e+03
1.046622109024641077e+03
1.046408115537965614e+03
1.038360347209328893e+03
1.044470375832180252e+03
1.036337061364512920e+03
1.059443419389340988e+03
1.063478636392978160e+03
1.058395825424268651e+03
1.032709286043100519e+03
1.040945945616645304e+03
1.050434472405567931e+03
1.049653710842496594e+03
1.049962092942812433e+03
1.053836369784932458e+03
1.060522992994909600e+03
1.037778971926247323e+03
1.038762143859328717e+03
1.053665521534075197e+03
1.037451228657906313e+03
1.046373553346922108e+03
1.046820054733344477e+03
1.044533900118873817e+03
1.048878720108670223e+03
1.039989694028979329e+03
1.048295948369708185e+03
1.038517208041364938e+03
1.050156107582337199e+03
1.049055007236509255e+03
1.038909975038313405e+03
1.041372327498595496e+03
1.043660036523892586e+03
1.038543284993884527e+03
1.065199780408218885e+03
1.048194846316079065e+03
1.048462689757260932e+03
1.039786056508694628e+03
1.052274446992101275e+03
1.042789701045275251e+03
1.043438255946505933e+03
1.056803200177296048e+03
1.041755300639732468e+03
1.044038529198480546e+03
1.038434107456160291e+03
1.043004129063244818e+03
1.041537550649132299e+03
1.032620225977324026e+03
1.035666980999525776e+03
1.047777073951500824e+03
1.045854703684301512e+03
1.045823795667009563e+03
1.053599075423078602e+03
1.032298477279775398e+03
1.050267334545609174e+03
1.025577113833557860e+03
1.052611599523111636e+03
1.034334311790984884e+03
1.058213524321078467e+03
1.021918677821258143e+03
1.032623641695295419e+03
1.048199555874772159e+03
1.048906348899731711e+03
1.041079786180794372e+03
1.043522769287984147e+03
1.035588270373930982e+03
1.031994367597313385e+03
1.061150852164054641e+03
1.043628368904281160e+03
1.039626800887983563e+03
1.030470563926843170e+03
1.048552656197984106e+03
1.046625113271681812e+03
1.028137722184948188e+03
1.043107354310491019e+03
1.041706589165746664e+03
1.060258257878638915e+03
1.036204395116132218e+03
1.037730392952625380e+03
1.032416289374558346e+03
1.040878196293857400e+03
1.058081159351389715e+03
1.046989143212414319e+03
1.046132313157120734e+03
1.032177173003414509e+03
1.031502308789713197e+03
1.039882812149309075e+03
1.019709969548006370e+03
1.045828462145872436e+03
1.035933737635632724e+03
1.045701016737259351e+03
1.042113288387394732e+03
1.058309597137533956e+03
1.049992226880631733e+03
1.048452952820235851e+03
1.049613099289338606e+03
1.038762513638559994e+03
1.042079991501083441e+03
1.051112155638896638e+03
1.027530976583689153e+03
1.031576718126377273e+03
1.041339302170010569e+03
1.040814639790763295e+03
1.042075102832347739e+03
1.034406128058394188e+03
1.034674631688603313e+03
1.034141185377336569e+03
1.031422926316397934e+03
1.035055793474321490e+03
1.043092786665860331e+03
1.046137455283916779e+03
1.033822160195891684e+03
1.046415625175411151e+03
1.029402146092012572e+03
1.024256438806837878e+03
1.038577891691188142e+03
1.040932411052390080e+03
1.046558989953652144e+03
1.031239184282876295e+03
1.049750059674221575e+03
1.033749174686672632e+03
1.020831640146491850e+03
1.025467448451054679e+03
1.028353230049973718e+03
1.060905936817630163e+03
1.037877144918021258e+03
1.039636758142095914e+03
1.028208876586484621e+03
1.030594665808627951e+03
1.038727418911947098e+03
1.037469953944717645e+03
1.038522416459213673e+03
1.035701202733525179e+03
1.033377225020309197e+03
1.030966718581301848e+03
1.029580739141422328e+03
1.032252839567627007e+03
1.032903844740628983e+03
1.033441379412314745e+03
1.035428861416014115e+03
1.024875232247098211e+03
1.041106860973044377e+03
1.042067691394414396e+03
1.040395305937235662e+03
1.038697313626073992e+03
1.041356080391160503e+03
1.024024191916671725e+03
1.038079045005393709e+03
1.018264690449343107e+03
1.042627442178144975e+03
1.033790777020028372e+03
1.031389235239572827e+03
1.033688217326991662e+03
1.017605246227729708e+03
1.029546563047163090e+03
1.042745613960752962e+03
1.042186806014544800e+03
1.036664258993090471e+03
1.028625002221077466e+03
1.031722262192416792e+03
1.038897645033664958e+03
1.043809935765518503e+03
1.022546297736142719e+03
1.032212411819692079e+03
1.030065429110898322e+03
1.042999536602591888e+03
1.036613413969916337e+03
1.047696456514929196e+03
1.037078221523780712e+03
1.020494575182552126e+03
1.032132372819539341e+03
1.040755741153413737e+03
1.020311350378917496e+03
1.032928776361996825e+03
1.040566005214069719e+03
1.039324220850652182e+03
1.016214370515492533e+03
1.033042868369006555e+03
1.038160788488918570e+03
1.039892479866982058e+03
1.036258075777700924e+03
1.036495499251074989e+03
1.017459126115990330e+03
1.026046647974665575e+03
1.033515452545092103e+03
1.029769345247742194e+03
1.034563230628273232e+03
1.031285851707434631e+03
1.034874848081901519e+03
1.027423278976205893e+03
1.031493600351736177e+03
1.033481765241885341e+03
1.038071611454834738e+03
1.022956362161211928e+03
1.024504524580944008e+03
1.022299006136773755e+03
1.032649624922184785e+03
1.023207416915562931e+03
1.027272565019515696e+03
1.023403310634930563e+03
1.028894550560908783e+03
1.043714291602435651e+03
1.041543897636167912e+03
1.018119018688213828e+03
1.026194425924235247e+03
1.026403893417359541e+03
1.023847153788260016e+03
1.025968614915159833e+03
1.041991147226322710e+03
1.018899353978753197e+03
1.017997944556588550e+03
1.026477899612077181e+03
1.025494551387253068e+03
1.021869858683207895e+03
1.017276323152711939e+03
1.018657704849524521e+03
1.034786603874439834e+03
1.010911095921882975e+03
1.024597225277471807e+03
1.025027348397637525e+03
1.047474865904296848e+03
1.024215219418853167e+03
1.005492384783468424e+03
1.017621917163476269e+03
1.024703287295449627e+03
1.021229619258273942e+03
1.029632567809004740e+03
1.038565578094210650e+03
1.017809726340488510e+03
1.010874581559793796e+03
1.039630804849533661e+03
1.020864881923989742e+03
1.019090310518486945e+03
1.022466275112086123e+03
1.023517155370763362e+03
1.012164866959411825e+03
1.013514685536714637e+03
1.027846207074266204e+03
1.025785841295165710e+03
1.038749128438435946e+03
1.022014443710924297e+03
1.010995049708085503e+03
1.016062361274308159e+03
1.006812190631810040e+03
1.007867035414986958e+03
1.021168091130610605e+03
1.028133641853627978e+03
1.007202835123001819e+03
1.020070924011097873e+03
1.027359434406162336e+03
1.015862706663334961e+03
1.027331755590514604e+03
1.027071261209690419e+03
1.018918319799149003e+03
1.039435856244713250e+03
1.032168798026337527e+03
1.010774918299706883e+03
1.017840396707858304e+03
1.019608391656572962e+03
1.012678169564553514e+03
1.008946286398344114e+03
1.001788822792605856e+03
1.002190497044593371e+03
1.017269547248791355e+03
1.007062545185916179e+03
1.032839659735390569e+03
1.000513090255507336e+03
1.014894936173908150e+03
1.007392492738714623e+03
1.007873673446169278e+03
1.031227507261703749e+03
1.016610599643984983e+03
1.002313706346590834e+03
1.002024762027867268e+03
1.003831192116061857e+03
9.994999002063502758e+02
1.008502766483050436e+03
1.009685076601228388e+03
1.016773206005812767e+03
1.013713155879486294e+03
1.008853746740268321e+03
1.017837570828933053e+03
1.020504643985606208e+03
1.014320446607800818e+03
1.010506736976378534e+03
1.013613205902488858e+03
1.018058276491957713e+03
1.004544486393460261e+03
1.014017915342013566e+03
1.019391924182643947e+03
1.012269303209488839e+03
1.008960103689905736e+03
1.013849778103567132e+03
1.015033751656401137e+03
1.007681938051805332e+03
1.029356768077589777e+03
1.014499326730100734e+03
1.019240209810061742e+03
1.020037662884373844e+03
1.027556449983878110e+03
1.012357428054304023e+03
1.014374553778514610e+03
1.006900156861980690e+03
1.001099846454270391e+03
1.006578391866406832e+03
1.015629210387444232e+03
1.022307580516687267e+03
1.009457744343428772e+03
1.005010424058677586e+03
1.016814052528589514e+03
1.019602550129573729e+03
1.010326566952541043e+03
1.013457825843702608e+03
1.023101610309100579e+03
1.007023771085256158e+03
1.006400976693924349e+03
1.023710082274608340e+03
1.003128255979183905e+03
1.011258531882015063e+03
1.001685336186058635e+03
1.037043213788737830e+03
1.011622868618743837e+03
1.019123744919104524e+03
1.009409285670955455e+03
1.007484222881060418e+03
1.000410425354807330e+03
1.012902005056662006e+03
1.002747223216389443e+03
1.007627907195494686e+03
1.007179025942655471e+03
1.015853258241055528e+03
1.002247514067869929e+03
1.022189241358979416e+03
9.977822234984522538e+02
9.979017645571910862e+02
9.992014505726625657e+02
9.986052609733676491e+02
1.016269994204089016e+03
1.012512249999250457e+03
1.006035957298076937e+03
1.016913360374388049e+03
9.997630444152473501e+02
1.021511408544021492e+03
9.996278974130708548e+02
1.003475573989247664e+03
1.001923053984721832e+03
1.018268228159651585e+03
1.010825246098026582e+03
1.026870436201561688e+03
9.930047157587374613e+02
1.004004165710738448e+03
9.887178024557924800e+02
1.005826038380247724e+03
1.016731527283083096e+03
1.007584384936466563e+03
9.854538114775482427e+02
1.011483334409179520e+03
9.920806508541102176e+02
1.005658457233408171e+03
1.003890148582744928e+03
1.007572651538135574e+03
1.005393944580497646e+03
1.004941779799024516e+03
1.015260025051376147e+03
1.003917447495630540e+03
9.929517797174167981e+02
9.884846146611292852e+02
9.970417678925066411e+02
9.850045231017339802e+02
9.909370025649431000e+02
1.009608328562080374e+03
1.003860864813302783e+03
9.995857095099622711e+02
1.003517916608837254e+03
1.002642034013826333e+03
1.001205744637508587e+03
9.975779902641456829e+02
9.927822720366506246e+02
9.972433597106604566e+02
9.987471820623552503e+02
9.851813755092273368e+02
9.929930818012524014e+02
9.781380048354740211e+02
9.882034525414368318e+02
9.739425100409266634e+02
9.994396172583135467e+02
9.962216690447585279e+02
9.943196845247786086e+02
9.980325524510478772e+02
9.913022161799668766e+02
9.766576687777521784e+02
9.937016967411543646e+02
1.004437564282659764e+03
9.989302083946273569e+02
9.986931968145074734e+02
9.919970678714944370e+02
9.944159688089494011e+02
9.855124798613996973e+02
9.929704592877744744e+02
9.836997163692971071e+02
1.004982328939568788e+03
9.701603959479502919e+02
9.910639666532994170e+02
9.982507615165825428e+02
1.015262460650403568e+03
9.813305194569666128e+02
9.963408308630347392e+02
9.873095078644523710e+02
9.946589556757460286e+02
9.972381832473814711e+02
9.876799231140064421e+02
9.858769996058745164e+02
9.950023184612988416e+02
9.935176045380717369e+02
9.829456959115897234e+02
1.003089660653616420e+03
9.924141449277514084e+02
9.832509705316940654e+02
9.892519893832128446e+02
9.975993633525984023e+02
9.775249469279013965e+02
9.840879743409554976e+02
9.907793505591755547e+02
9.782072734179673716e+02
9.821285318477883948e+02
9.905528025576153368e+02
9.965209145175916774e+02
9.762882929828474516e+02
9.735557433364409690e+02
9.778078977108258414e+02
9.787569366793525205e+02
9.991143543857020859e+02
9.804967140997338220e+02
9.895868614898357691e+02
9.876077989618476067e+02
9.734323188068075297e+02
9.892477724563174206e+02
9.872146814426289438e+02
9.841257022569391211e+02
9.806305921840564679e+02
9.901935285410069127e+02
9.735015329683603795e+02
9.979019370661330868e+02
9.833944037944970660e+02
9.860369771590513892e+02
9.836935706826445767e+02
9.885946361164244536e+02
9.733972218565733101e+02
9.917669472983942569e+02
1.003434883823952759e+03
9.952724166857190085e+02
9.829542269939402104e+02
9.836329779552371519e+02
9.866122990445588812e+02
9.882531217007796158e+02
9.806513065455769720e+02
9.728827412461790800e+02
9.896036746794115970e+02
9.927383648960071696e+02
9.666178929346540372e+02
9.832436397439681741e+02
9.721329884073720677e+02
9.754881747311513891e+02
9.762626286110034926e+02
9.741308360059797451e+02
9.841031551273769082e+02
9.860762508929805108e+02
9.978950296818272818e+02
9.709510719723293732e+02
9.661263746649087807e+02
9.789584947276641742e+02
9.818818504137652781e+02
9.753790452625889884e+02
9.886155610129845854e+02
9.557992037240353511e+02
9.751832777634966760e+02
9.832730332024863174e+02
9.793084424671114903e+02
9.745592704243401840e+02
9.488974641469219478e+02
9.803088932287229227e+02
9.543531033015367484e+02
9.680394504971778815e+02
9.704414161292461358e+02
9.707200504758766328e+02
9.750247483817347529e+02
9.781158066944557277e+02
9.864198069761836223e+02
9.705781112508019532e+02
9.767959329172103935e+02
9.694172654429817158e+02
9.772953016699523232e+02
9.695738391661458309e+02
9.733461994012355945e+02
9.445220432303499365e+02
9.743015609950032285e+02
9.578153020710527699e+02
9.734705125854379730e+02
9.784780708962694007e+02
9.718888120574458753e+02
9.725215614133454665e+02
9.471291050854986224e+02
9.689497589345314736e+02
9.690697380277754291e+02
9.716092062402548208e+02
9.719714321926895764e+02
9.585021124255135874e+02
9.619781376173988292e+02
9.829335605124376798e+02
9.632582409180769218e+02
9.668110644863160132e+02
9.684234480001632619e+02
9.490143841371967710e+02
9.682079076365209858e+02
9.741750007332224186e+02
9.656387557609021997e+02
9.795414269084283205e+02
9.558220673033199546e+02
9.598779908009172459e+02
9.555850016754143326e+02
9.626928479949808661e+02
9.454517645958886760e+02
9.755786118785696317e+02
9.603596020046486501e+02
9.589330737057193801e+02
9.587143849108028917e+02
9.663682832324335550e+02
9.657058632944938381e+02
9.582395730174766868e+02
9.491774021253485216e+02
9.749466716517587201e+02
9.596113326895912223e+02
9.628701423882115478e+02
9.670052431216620334e+02
9.524745968604912605e+02
9.724481935370542942e+02
9.638619060590870049e+02
9.673303717981651744e+02
9.482442355789727344e+02
9.516894715472041071e+02
9.559459970882587641e+02
9.656810308707781587e+02
9.605076335271219250e+02
9.636767049734284001e+02
9.470250223839188948e+02
9.461559621338885790e+02
9.752304903534183040e+02
9.762314826798234435e+02
9.581188046991958345e+02
9.691639962342796935e+02
9.594642518837345051e+02
9.704887591265818401e+02
9.743092635344992232e+02
9.519743510231041910e+02
9.711401331597641047e+02
9.657498620577646307e+02
9.588685715508910334e+02
9.467199702026327941e+02
9.505988619740558079e+02
9.542043257125237687e+02
9.632579200904092431e+02
9.497253491959071425e+02
9.530822324888665662e+02
9.523924377583914520e+02
9.568754496793114868e+02
9.533753264881701170e+02
9.567036271183319514e+02
9.531944462379015022e+02
9.477473946583025963e+02
9.683737377477580139e+02
9.533069184224374339e+02
9.571531102997226981e+02
9.337855607085174370e+02
9.524044421180432209e+02
9.421313022351250765e+02
9.558929064636782869e+02
9.717967225453160154e+02
9.520217241181458121e+02
9.673006215881008529e+02
9.440961126665207530e+02
9.495829670100835074e+02
9.477765630693456842e+02
9.469787119740148000e+02
9.427050507512630020e+02
9.627312176453976917e+02
9.528359128814304313e+02
9.366707748644871572e+02
9.629777452423184059e+02
9.316461614677307352e+02
9.559365256684020551e+02
9.523898352120899062e+02
9.374382397685577644e+02
9.432373320937530252e+02
9.389789156339674037e+02
9.535970008543811218e+02
9.364852528002644476e+02
9.581251669809556688e+02
9.409094414120538659e+02
9.555891567507346736e+02
9.578297103482952934e+02
9.476180559614784897e+02
9.286220688502000939e+02
9.396664866195175136e+02
9.359710284368387647e+02
9.424915373765354616e+02
9.460857893140756687e+02
9.544642521264300967e+02
9.449856335781880716e+02
9.259493622702984794e+02
9.467387110121215983e+02
9.278951236916552716e+02
9.354283912065579898e+02
9.360491985635949277e+02
9.314243355528665234e+02
9.329914544620131664e+02
9.342283744504248943e+02
9.471093548018781121e+02
9.388155734210165519e+02
9.333178991956239088e+02
9.337670784580093368e+02
9.297102214362729455e+02
9.389880715281078665e+02
9.431403498985375791e+02
9.250091062672968292e+02
9.263245453515826284e+02
9.242046698002717449e+02
9.238183346547078827e+02
9.305362280633074761e+02
9.334953769661443630e+02
9.242371786428939231e+02
9.435151117134435026e+02
9.391901110227745448e+02
9.355978267375429596e+02
9.194042369188596240e+02
9.319272001214350212e+02
9.367382003185020949e+02
9.448154728196055885e+02
9.418431228180409107e+02
9.395581954466482557e+02
9.294393965557977708e+02
9.278229979004970573e+02
9.275718971891499223e+02
9.207582678778744594e+02
9.384843736042596447e+02
9.474798840940204627e+02
9.319438787353348062e+02
9.334648435081156777e+02
9.275066722472661240e+02
9.294741381523479049e+02
9.420654344356956926e+02
9.242079006687223455e+02
9.324264946207822504e+02
9.220981855215233054e+02
9.426851407797749971e+02
9.256255172807831286e+02
9.159782705786432189e+02
9.108932647554576079e+02
9.292395888045242600e+02
9.182710000051291672e+02
9.184165537528306231e+02
9.321904970328606623e+02
9.266233281338054439e+02
9.310434129015892495e+02
9.314092521413186887e+02
9.210854048995341827e+02
9.348166991671455435e+02
9.177023288789940807e+02
9.147104503890020624e+02
9.185680557746449040e+02
9.253331972210773984e+02
9.291330391054685833e+02
9.062227477164907441e+02
9.231357718794572520e+02
9.202391100703623579e+02
9.270334449687990173e+02
9.109760695308717686e+02
9.192143479942308204e+02
9.164547295530793463e+02
9.187226564682289336e+02
9.291738706378174584e+02
9.121343488109578175e+02
9.109712028279986953e+02
9.139327898448723317e+02
9.135419044984777202e+02
9.217301762676345334e+02
9.231664726152043841e+02
9.214170430862455987e+02
9.283085110709863557e+02
9.161545826456823534e+02
9.155231883094198793e+02
9.133277772185522281e+02
9.145862223961064501e+02
9.050625340877780900e+02
9.109545222159307514e+02
9.208131456511772512e+02
9.027823084969595584e+02
9.127100685104677495e+02
9.033257829052224679e+02
9.239185586456619603e+02
8.930653764842396640e+02
9.226131913672198834e+02
9.229736538288971133e+02
9.200811394769049230e+02
9.062899608262679294e+02
9.238676223105792360e+02
9.074272167941958287e+02
9.097727972119636206e+02
9.170012908802309539e+02
9.090833612242989830e+02
9.080716263650430164e+02
9.022939142755020612e+02
9.053686567744988452e+02
9.000820387609006730e+02
9.046108809204387171e+02
9.022377812773070218e+02
9.224840575672193381e+02
9.101709370671934494e+02
9.009894629769406720e+02
9.104434106608790671e+02
9.167952052231614744e+02
8.961090286428908485e+02
9.024388657464983226e+02
9.073660782389204087e+02
9.109748955037604219e+02
9.090710621348257519e+02
9.124922331939756077e+02
9.021805642487139494e+02
8.964610979562723969e+02
9.038906127108185729e+02
9.009240803274955169e+02
8.883004787269201188e+02
8.843358603312955211e+02
9.069817770141856954e+02
8.875376145531685097e+02
9.080121573457903423e+02
8.896602629770086423e+02
9.061320794913201553e+02
8.989933545240611465e+02
9.064290905804950853e+02
8.929824455272353134e+02
9.206024488560758527e+02
9.049383495785125433e+02
9.116491387940944833e+02
8.920401747733483262e+02
8.919899576423108556e+02
9.159408180044398478e+02
8.982458482855493003e+02
8.972756746500281224e+02
9.062846382239495142e+02
9.038336667139392375e+02
8.983542665657488442e+02
9.064849879497096481e+02
8.821429697038595350e+02
9.075468279516093162e+02
8.904333509064560985e+02
9.095265927223462086e+02
9.060206088574331034e+02
8.994342427066482060e+02
9.022856866835116989e+02
8.872886778162388737e+02
8.901310547389109615e+02
8.898784784070165870e+02
8.924710712588199613e+02
8.865984940916359847e+02
8.874701152839217002e+02
8.686075198302969511e+02
9.071959396675234757e+02
8.992919647851990703e+02
8.835618534690282786e+02
8.903932793189470658e+02
8.830090613008713945e+02
8.836068875275278742e+02
8.715531266611732235e+02
8.861023102301425070e+02
8.974732073573240996e+02
8.927273665911945955e+02
8.904415392549443595e+02
8.744809971891434088e+02
8.947293640097756224e+02
8.846815925566193073e+02
8.934932007062311641e+02
8.793492958838498907e+02
8.807753735205425301e+02
8.900759039848085195e+02
8.821026176166848245e+02
8.744908091356683144e+02
8.795477682405844462e+02
8.918713191598150161e+02
8.843087762434907972e+02
8.891119522690381700e+02
8.907089268615403626e+02
8.829731267122368763e+02
8.719712172321734442e+02
8.948850054565275514e+02
8.723686103556335638e+02
8.796711006037741072e+02
8.760552924735255829e+02
8.836699237449344082e+02
8.827429450175287684e+02
8.705974007225818241e+02
8.829886420693175069e+02
8.681662609095461676e+02
8.849603317351169380e+02
8.721267656238311474e+02
8.848162918545568800e+02
8.923426308685783397e+02
8.825204686377956023e+02
8.757902944602574280e+02
8.814247098569537684e+02
8.700170129517900932e+02
8.784431474240321904e+02
8.632240957333339111e+02
8.760570094313134177e+02
8.725600149486878081e+02
8.809545117174457118e+02
8.573598815939658380e+02
8.741314339882605964e+02
8.612337571724862073e+02
8.777113060875307156e+02
8.730402148529547048e+02
8.565119173921326592e+02
8.548424657154671422e+02
8.784666583123978398e+02
8.740337294934340662e+02
8.702021045865971018e+02
8.583762720458391868e+02
8.600411703299250803e+02
8.635593723903507453e+02
8.625775778568537362e+02
8.634849612222797077e+02
8.666837954740326495e+02
8.650495134532129669e+02
8.443104262258299286e+02
8.688553114043982077e+02
8.687784695554505561e+02
8.617402475899884848e+02
8.604329142163762754e+02
8.610904301687307907e+02
8.707606722070930800e+02
8.460664478014659835e+02
8.609246939954986146e+02
8.671833485529427890e+02
8.470600240414916016e+02
8.552401068347450064e+02
8.496512085941089936e+02
8.609619585165863782e+02
8.598296232046161549e+02
8.559009378084178934e+02
8.559216676406620081e+02
8.633531925442421198e+02
8.743887198698057546e+02
8.586131884814518571e+02
8.512004539255240161e+02
8.462089491718576255e+02
8.582810583135839124e+02
8.570002511836026997e+02
8.616744561108092739e+02
8.640153673144155846e+02
8.613216029696809528e+02
8.502515269792306754e+02
8.635863206954056750e+02
8.422584234954103977e+02
8.577718944741235418e+02
8.312002606516483638e+02
8.388267713083478156e+02
8.499015030799220085e+02
8.447397009032667938e+02
8.398225329195224731e+02
8.625059596993419291e+02
8.555796658962127594e+02
8.446443003383135419e+02
8.426729138534478807e+02
8.465310106233514489e+02
8.507831291599110273e+02
8.600119668782072040e+02
8.457032473728932018e+02
8.403343210751474999e+02
8.412778882724960567e+02
8.595652495037443259e+02
8.438808995851705959e+02
8.580736941631095078e+02
8.519606483299751289e+02
8.433124645509572019e+02
8.406161893872890687e+02
8.291515618544228801e+02
8.539437035448042934e+02
8.358519896803727534e+02
8.605419625889823010e+02
8.436771568628812474e+02
8.457045448407690174e+02
8.432573159211749498e+02
