9.889698136285350074e+02
9.958470667582802207e+02
9.756016061777642108e+02
9.737845193555663172e+02
9.971464836960130924e+02
9.769933981260029441e+02
9.794311658184127509e+02
9.846083560369703491e+02
9.722415686231225891e+02
9.751098600360847968e+02
9.815908885556444829e+02
9.781557470991128866e+02
9.823792275796761260e+02
9.888045982369374087e+02
9.630984249484882866e+02
9.955304018397877144e+02
9.743480059613114008e+02
9.821655459472220855e+02
9.870670432187230290e+02
9.788565595503173427e+02
9.931089954804006084e+02
9.773430047462284165e+02
9.914286870745546594e+02
9.849306247703769941e+02
9.817613511230771337e+02
9.767842048544553109e+02
9.787021500188193386e+02
9.725107244409970235e+02
9.729543864553894537e+02
9.792535237249578586e+02
9.961522275883985458e+02
9.776679743506626892e+02
9.829676026191270921e+02
9.764844164681272787e+02
9.806461102827280456e+02
9.755263166161009849e+02
9.847228528430628103e+02
9.695698591050442019e+02
9.990123986548597941e+02
9.767045060437322945e+02
9.752282748621931887e+02
9.778257056604876425e+02
9.990997303201568229e+02
9.861996675115739208e+02
9.634415966647786718e+02
9.923290734374827480e+02
9.730887263107935041e+02
9.767870820025168541e+02
9.845096730319161225e+02
9.891798794033558124e+02
9.771234439662590603e+02
9.950366472701745124e+02
9.868197345711486150e+02
9.966735391375656263e+02
9.740481972588057715e+02
9.757783623151958636e+02
9.806807693205211081e+02
9.793159443272672888e+02
9.899313179287607909e+02
9.782028866324042156e+02
9.936808278973652477e+02
1.004879675966331888e+03
9.831176291967410634e+02
9.810655632837374469e+02
1.002425386745897868e+03
9.925415850059268905e+02
9.850479945905759678e+02
9.797295613115790047e+02
9.944279161728434246e+02
9.892263128059170185e+02
9.783065485731146964e+02
9.988241422509506720e+02
9.829989561259325228e+02
9.927715000430680448e+02
9.961058194221581061e+02
9.774543530465176673e+02
9.860207887776556390e+02
9.831471990488831807e+02
9.820871530533090663e+02
1.006982671504688142e+03
9.780453622018518445e+02
1.003495104000613537e+03
9.775782756746683617e+02
9.946779030913470478e+02
9.923141526346881847e+02
9.985420120642235133e+02
9.979000800836992084e+02
9.909042568469758407e+02
9.937619824609978423e+02
9.877299112654646933e+02
9.985760937781827806e+02
9.979729856392091278e+02
9.898386765368001079e+02
9.849292446260479892e+02
1.004254391673552504e+03
9.852597974802148428e+02
9.920813540106136088e+02
9.776241999718019997e+02
9.827336622679193852e+02
9.925241640964993621e+02
9.790387956458786221e+02
9.986420289358864011e+02
9.756425018966920106e+02
9.952768809183930898e+02
9.784073789536224695e+02
1.000743485847812281e+03
9.855276243973974033e+02
9.840350334702005739e+02
1.001523543324056618e+03
9.795013409280270480e+02
9.929866890949384697e+02
9.865588641448551925e+02
9.946034923540647696e+02
9.922117439964904406e+02
1.004690143968494112e+03
1.003600456726248012e+03
1.006931989648330841e+03
9.950517659123711383e+02
9.910210333016261757e+02
1.007396251517382666e+03
9.876273043506212161e+02
1.016177967955224403e+03
1.008898756859712307e+03
9.966089650274651603e+02
9.966116588052350380e+02
1.008765519038454386e+03
1.004879504343715780e+03
1.000186094518062191e+03
1.007506650086747072e+03
9.968990769510604650e+02
1.000878399491263963e+03
9.980799920326468282e+02
9.836012298776267926e+02
1.000525592029012387e+03
1.011436728841938589e+03
1.000675544137256793e+03
9.934909090601935304e+02
9.952589843621293539e+02
1.003506747600294489e+03
9.966924764708486464e+02
1.007262546304031503e+03
9.918782118118836024e+02
9.866643240008003204e+02
1.008693267807326606e+03
9.938359610408820117e+02
1.005362509592262199e+03
9.870948109323778681e+02
9.955203989533679305e+02
9.978300168742300684e+02
9.973358303945752823e+02
9.992083236479040806e+02
9.929827020628790706e+02
1.004691820295503476e+03
9.958290086497636366e+02
1.013620462416441796e+03
1.010476252506388164e+03
9.939310275649536379e+02
1.010362776928819926e+03
9.843276503530286163e+02
9.863900537797430843e+02
1.004649370299192924e+03
9.961669737963341049e+02
9.877339814195951249e+02
1.002717259359933109e+03
1.005503080766141238e+03
1.001206421707715663e+03
1.003735361793328366e+03
1.004778148769889867e+03
1.003546854786680910e+03
9.863913513805449611e+02
1.013115323003583399e+03
9.987080172948166137e+02
1.002668785751887640e+03
1.010863778116903063e+03
1.005538189615792476e+03
1.007039998631248181e+03
9.975927824262792001e+02
1.005360807682068412e+03
1.004486030094427633e+03
1.006438972048695859e+03
1.002658413125758443e+03
1.015469030974095404e+03
1.002868430587614512e+03
1.006356083238452811e+03
1.007175218970435253e+03
1.015517958788980081e+03
1.011511341890311428e+03
9.923960061927690504e+02
1.006424307466186633e+03
9.980778086279475474e+02
1.000359050171872468e+03
1.004999848376737305e+03
1.001765487052316189e+03
1.013638545237399399e+03
1.001274072378497863e+03
9.884950090616886200e+02
9.948766286716851255e+02
1.010133494104588522e+03
1.013856709852131530e+03
1.004380646706324114e+03
9.915824442139471557e+02
1.005348490491025927e+03
1.002152972966244647e+03
1.004114941690481146e+03
1.018258681002152684e+03
9.971063167059754733e+02
1.002289320350457274e+03
1.009868449446471573e+03
1.012424695142930432e+03
1.009888795029283642e+03
1.008104062735027242e+03
9.964949823378741485e+02
9.988157438870159694e+02
1.006267195773927369e+03
1.016614981858790770e+03
9.914619949995247907e+02
1.000198407682475931e+03
1.008356622893520807e+03
1.022611656289320536e+03
1.004166466024682677e+03
1.010279384477993972e+03
1.002425570105152929e+03
1.003087492047273940e+03
1.015264281216306813e+03
1.008767001717130029e+03
1.013550138635361236e+03
9.998489526672545935e+02
1.006796842472745311e+03
1.007759158083203829e+03
1.018759500241199930e+03
1.004308470453117252e+03
1.008604627517701942e+03
1.005110468871103535e+03
1.011881045268217918e+03
1.009962959850611014e+03
1.012096429003257185e+03
1.000324573711010999e+03
1.016502303130911059e+03
1.024324893466764479e+03
1.013549128671952076e+03
1.013011930060413306e+03
1.011806171739361162e+03
1.026242545557219273e+03
9.989970309746082648e+02
1.003843962026202689e+03
1.010801325564990066e+03
1.000170781196942926e+03
1.010213541156176007e+03
1.032893436477850855e+03
1.009474835652075058e+03
1.004899610370872210e+03
1.011633356213632055e+03
1.005201827356796912e+03
9.967918075611631821e+02
1.008540251540053305e+03
1.012825492696009064e+03
1.015720239749384518e+03
1.000071652884226523e+03
1.014577592910034809e+03
1.000038970451557020e+03
1.003563063358997965e+03
1.009131475834119101e+03
1.006749451237906555e+03
1.010583976559626194e+03
9.956956111980653077e+02
1.011348800424587125e+03
1.008935418109087550e+03
1.005716133113793603e+03
1.016302112110418193e+03
1.013894358715811677e+03
1.001143533199755439e+03
1.017290153150906576e+03
1.024175544434506719e+03
1.006416034988212914e+03
1.019160223218411602e+03
1.012153904768356028e+03
1.033842616475818886e+03
1.009554614077044562e+03
1.027140875964096722e+03
1.008793292536528156e+03
1.006801508444446654e+03
1.020234863048214720e+03
1.004041840074047741e+03
1.027484405116016660e+03
1.012319957489812737e+03
1.020916667922295687e+03
1.022784986344036724e+03
1.036499884160677539e+03
1.008070858008820437e+03
1.010419820266149486e+03
1.016457010105238169e+03
1.027156409269739925e+03
9.982088399507591703e+02
9.998795099156452579e+02
1.019706279057227562e+03
1.017989841915078841e+03
1.023529397777824215e+03
1.019410592912713923e+03
1.007889238443353634e+03
1.020067328319965554e+03
1.021796857815836006e+03
1.016095077534494862e+03
1.015000418403871777e+03
1.022427565593395911e+03
1.033793345064627147e+03
1.019505894326438010e+03
1.001458163932701382e+03
1.019934332882849503e+03
1.007407801660276164e+03
1.013375458325478007e+03
1.013545475626539314e+03
1.005725999138691236e+03
1.029293680101819064e+03
1.015365064849037026e+03
1.022319313816126737e+03
1.003980679158849853e+03
1.022276908258868048e+03
1.018493135591220152e+03
1.017185603115831782e+03
1.010463878164727362e+03
1.020249063506805783e+03
1.011363141256499603e+03
1.026134326237268397e+03
1.009682166069956452e+03
1.027434643363156056e+03
1.013947530147783937e+03
1.013529165890774038e+03
1.020407628367702955e+03
1.023181987337737382e+03
1.021518158081525144e+03
1.006718950144512746e+03
1.019391488706166456e+03
1.027402418337587051e+03
1.025114877084473392e+03
1.008797813420842317e+03
1.029892903012584384e+03
1.023294547874996852e+03
1.029227831352087378e+03
1.022653559154000732e+03
1.005174850111183673e+03
1.010597453042544089e+03
1.014257132320477581e+03
1.036316017985715689e+03
1.021824769063362169e+03
1.000185901552467499e+03
1.022567183924831284e+03
1.014107541759986816e+03
1.024695193288328937e+03
1.017484845999021331e+03
1.033230122286188816e+03
1.039077548705399067e+03
1.025194473799993830e+03
1.025672359176399368e+03
1.024741919800325832e+03
1.029685522312449848e+03
1.038295494092062654e+03
1.036835827513565391e+03
1.033506101972011038e+03
1.015168812668251121e+03
1.015666784441993286e+03
9.975391076558680652e+02
1.011798509248183677e+03
1.024175720628853469e+03
1.022189785183091203e+03
1.022248196807526938e+03
1.019990675152230551e+03
1.013067752378118143e+03
1.017416289843101708e+03
1.028831192187042006e+03
1.035193216616798281e+03
1.018347464937723544e+03
1.018208294428458885e+03
1.025647599990034678e+03
1.027653196125655313e+03
1.042518300383766245e+03
1.031431789328830973e+03
1.017855400760057137e+03
1.014176804405597636e+03
1.024865650784494846e+03
1.011821979773132739e+03
1.018483824544319077e+03
1.034877210020648363e+03
1.029510904788954349e+03
1.028036452971765357e+03
1.025626108905667706e+03
1.011479253499178640e+03
1.019289326908011276e+03
1.022107989601009422e+03
1.033807388922890141e+03
1.022518361156860806e+03
1.029131804281941868e+03
1.024341404173626870e+03
1.022410075266144872e+03
1.031085719615953622e+03
1.007339810328889143e+03
1.031857571634684973e+03
1.045781955379908595e+03
1.030415022771592021e+03
1.032210526652466342e+03
1.031092141879851852e+03
1.052656807979663427e+03
1.019102289886306494e+03
9.976582209644527666e+02
1.030831223198134921e+03
1.034946150053625843e+03
1.020121992467892937e+03
1.018109866196965186e+03
1.013466999978903118e+03
1.031241759718530830e+03
1.043736986044206787e+03
1.033458408324555194e+03
1.037419869939168848e+03
1.050145398757598514e+03
1.046545599964078519e+03
1.015978396147103695e+03
1.030459513461672486e+03
1.029240525882742304e+03
1.023884448086593011e+03
1.021568980359547709e+03
1.037783236169087104e+03
1.038272330606129572e+03
1.007917394338526492e+03
1.034254478655225057e+03
1.023204967408167477e+03
1.031594375372261766e+03
1.026457614602026979e+03
1.018456362796198505e+03
1.033598040973964999e+03
1.033512293296268581e+03
1.017359166769167359e+03
1.046597801918481309e+03
1.024601464225113659e+03
1.025428444968690656e+03
1.025039017704301386e+03
1.041856682994141011e+03
1.048066212649708177e+03
1.027791067033632316e+03
1.022789619497923582e+03
1.028281520108051154e+03
1.028074076285413184e+03
1.023957180914652554e+03
1.035529728785424368e+03
1.033522298753084442e+03
1.011691755104197000e+03
1.042882760320581156e+03
1.024149956833718079e+03
1.032471714009582911e+03
1.033390015086358744e+03
1.045818626793348812e+03
1.033768878332188933e+03
1.030658516024808705e+03
1.030258716873431013e+03
1.029703958664687434e+03
1.030630631458009248e+03
1.038568555622842041e+03
1.039791900416016460e+03
1.032696750364320224e+03
1.031598688696183444e+03
1.035846230618168647e+03
1.048428097858045476e+03
1.029754701777430682e+03
1.044514636532414897e+03
1.036097356900568229e+03
1.039968362967570556e+03
1.038634275068043735e+03
1.037202239047439662e+03
1.037075165769384057e+03
1.029567045798896743e+03
1.035623193106098597e+03
1.050442809506546610e+03
1.029977563389684974e+03
1.034816962270375143e+03
1.038441266340652192e+03
1.049822668702041483e+03
1.037451454152105043e+03
1.034116555042837490e+03
1.038657119254948611e+03
1.040523486468134251e+03
1.027950359591797906e+03
1.028197658442703414e+03
1.027270330988838623e+03
1.030212878967011193e+03
1.044906434368177997e+03
1.035912623320642751e+03
1.043063126481677955e+03
1.038162998104945018e+03
1.031674600377296429e+03
1.013259649771611407e+03
1.026231802480780061e+03
1.047836913322501914e+03
1.050092406768962519e+03
1.031740914924617528e+03
1.025733426103387728e+03
1.046576053128716694e+03
1.048904387471571226e+03
1.027261461392947467e+03
1.025316238072164424e+03
1.047764621682173356e+03
1.058060025872140159e+03
1.041641135937379659e+03
1.044624537707006311e+03
1.029935109449784704e+03
1.028542636263893883e+03
1.045618355165328921e+03
1.024781894221950324e+03
1.043274194942316853e+03
1.044541213264929183e+03
1.017638059158664760e+03
1.049436479874040060e+03
1.033831529590895116e+03
1.026448182875611110e+03
1.052928335860462312e+03
1.034833403582340452e+03
1.036754400228031500e+03
1.051796845917808923e+03
1.035150673598764115e+03
1.055169093349178638e+03
1.027091800254052941e+03
1.043903159203352743e+03
1.029658421349743548e+03
1.037014608391934644e+03
1.051642062714351141e+03
1.050775603179889004e+03
1.033314250815610194e+03
1.041656873483901336e+03
1.047957963444668849e+03
1.047994731088415392e+03
1.059981792891788700e+03
1.045000486112622866e+03
1.039356360040934078e+03
1.057160087353160179e+03
1.042924780370537292e+03
1.028836146588042311e+03
1.048304298431786037e+03
1.028348212141851036e+03
1.040245833202610584e+03
1.035765193550470258e+03
1.049230658003081544e+03
1.051552212476189425e+03
1.039567715683839197e+03
1.051831434246505523e+03
1.035931593919713123e+03
1.044585877679736086e+03
1.035280108523550098e+03
1.043272588728930486e+03
1.035177787280618986e+03
1.039769051731477248e+03
1.024282189953951502e+03
1.039854550007235957e+03
1.049543044314411645e+03
1.052050977097303530e+03
1.038018551393423877e+03
1.043982011151660117e+03
1.037867831429702619e+03
1.059432878222595036e+03
1.043935042286674616e+03
1.053496557685263042e+03
1.049181665739733262e+03
1.037367636034427733e+03
1.048277714884497072e+03
1.063066067730648456e+03
1.047847422558788367e+03
1.039454237589420700e+03
1.042385982889933075e+03
1.047445457584024098e+03
1.034376121646773299e+03
1.044608219813791266e+03
1.045490189870303311e+03
1.042755960175009932e+03
1.041127480322041038e+03
1.043733937782803878e+03
1.043168778668578852e+03
1.048138817917428014e+03
1.061243461359195408e+03
1.052982812715401678e+03
1.035149906211899633e+03
1.038246255498914479e+03
1.044604604747174108e+03
1.028118886942364497e+03
1.043968019587699018e+03
1.024164654264221326e+03
1.038754946720595626e+03
1.040274786151061562e+03
1.049187168300764370e+03
1.047925101932061125e+03
1.056035185629051739e+03
1.050164999733895684e+03
1.053269755750883178e+03
1.033998822705782459e+03
1.049236447276773333e+03
1.054541374309887942e+03
1.053346671527254557e+03
1.061972771330471687e+03
1.047718271174091115e+03
1.047399304326678248e+03
1.046663967331122876e+03
1.059228369150414665e+03
1.029298812054659720e+03
1.062408244007336407e+03
1.062682291441511097e+03
1.059984737690801694e+03
1.058684291523122965e+03
1.039700405975572494e+03
1.049736603661871413e+03
1.040496730918135881e+03
1.068719094042371580e+03
1.063621337815593961e+03
1.049413640982601237e+03
1.041755464620609018e+03
1.064992970995156611e+03
1.049543162225138303e+03
1.051991610061745405e+03
1.060206323513700681e+03
1.065393254323564861e+03
1.072994845731698661e+03
1.047381167697003093e+03
1.052708540667097168e+03
1.050888370677175999e+03
1.039818706443153587e+03
1.043439157519790342e+03
1.046118963636573653e+03
1.038903803597159140e+03
1.052432036575227812e+03
1.038909980796000127e+03
1.043142745945347315e+03
1.042555875670247815e+03
1.046237185715141322e+03
1.053141968793467868e+03
1.058199359536725979e+03
1.047559888273362958e+03
1.058862420860763905e+03
1.070645742591464114e+03
1.048851698267930487e+03
1.060945870137688644e+03
1.066275264511369187e+03
1.052768666557753477e+03
1.036632655583806354e+03
1.056627020194520583e+03
1.046643306333246983e+03
1.053795028129216462e+03
1.056722736583789356e+03
1.059371131701864897e+03
1.044783713824355800e+03
1.066966219086050160e+03
1.056808762197807482e+03
1.038349410255289740e+03
1.052205756797823142e+03
1.052051092246605094e+03
1.054272433707826622e+03
1.065126115072428547e+03
1.043146166629902382e+03
1.064769939406094863e+03
1.066139092260959160e+03
1.056112804021080137e+03
1.063290511662247582e+03
1.061765094430453701e+03
1.061910788102201195e+03
1.051279244957259834e+03
1.041054464111462494e+03
1.071190965797957688e+03
1.053864653837173819e+03
1.051007882641358492e+03
1.057453812763297265e+03
1.051421912967501385e+03
1.050783602518598627e+03
1.058421117561576693e+03
1.045432709486789008e+03
1.050519808382070778e+03
1.058534745948687942e+03
1.063774096603812040e+03
1.072493656759577789e+03
1.053738112551700851e+03
1.069945185706520078e+03
1.062978423460572230e+03
1.055640379330473706e+03
1.068736033471922838e+03
1.059183850144932421e+03
1.067843907803695629e+03
1.061445850031625696e+03
1.057687436371401645e+03
1.054181597978099944e+03
1.052851836058144954e+03
1.070213054839291544e+03
1.067487332821584687e+03
1.065072241186116344e+03
1.061289526060894559e+03
1.059369987327929948e+03
1.060770956389415460e+03
1.050891252901339612e+03
1.077055353269243597e+03
1.074535069525992412e+03
1.062604325841335594e+03
1.052216144649693661e+03
1.064191929314862364e+03
1.072966231062999896e+03
1.048781609862875257e+03
1.055988894908018892e+03
1.037821502647505213e+03
1.068805264086134230e+03
1.049203668812363958e+03
1.067453279995810590e+03
1.067668153906917269e+03
1.078011792333822541e+03
1.064008256249794840e+03
1.072334320257332365e+03
1.055603788010330391e+03
1.061690251163474613e+03
1.051460943972655286e+03
1.059578493437124280e+03
1.059688372455855188e+03
1.055374023131359763e+03
1.059561286463381066e+03
1.068502391609387132e+03
1.061405834653514830e+03
1.060574664037393177e+03
1.063922393954346489e+03
1.067489492551002968e+03
1.073944813267035215e+03
1.047081600664763528e+03
1.060805371966707753e+03
1.062752573398903678e+03
1.051810872985587594e+03
1.059650672624497702e+03
1.071061685844775639e+03
1.060579168657993932e+03
1.055960278624253306e+03
1.051272230615967146e+03
1.071594528639431019e+03
1.060966881154955900e+03
1.076178555037079832e+03
1.050985436437983253e+03
1.058124490493244593e+03
1.066265809734477443e+03
1.060388856375197747e+03
1.087620865629456830e+03
1.070434640072065349e+03
1.069236191309481001e+03
1.051996001267505562e+03
1.067516075995916253e+03
1.068132174494018273e+03
1.064662952944466042e+03
1.059356628227076271e+03
1.061161030915806350e+03
1.074532476578642445e+03
1.067261123466159006e+03
1.062715872492778999e+03
1.076376634642511817e+03
1.054754173151799023e+03
1.056679313141336024e+03
1.060851317577050850e+03
1.081901562274490288e+03
1.067828469700843698e+03
1.080745737390604290e+03
1.048973674595112698e+03
1.083964568816111750e+03
1.066747541124025247e+03
1.083904176361015971e+03
1.075084473893631184e+03
1.060885776006881088e+03
1.076027197343988291e+03
1.059937439162581768e+03
1.079826981683072518e+03
1.073016603130490239e+03
1.063144324573698441e+03
1.056173569526998335e+03
1.072830852949485916e+03
1.078210685429335626e+03
1.067454288630588508e+03
1.075628054074658166e+03
1.068845416068959366e+03
1.062515945052924053e+03
1.064542139434945057e+03
1.076744398087121454e+03
1.060825582255233940e+03
1.073462633974746041e+03
1.078316358237810846e+03
1.073918710805616911e+03
1.065908088373460942e+03
1.073723076582366275e+03
1.080504767375128040e+03
1.075501511260038342e+03
1.054244301415958944e+03
1.057476934201074982e+03
1.061746804699967470e+03
1.078734282407293449e+03
1.067445301396844116e+03
1.072430893214288062e+03
1.070366068351098420e+03
1.053585651740904723e+03
1.078935440185221751e+03
1.058474224003480913e+03
1.070047650586345299e+03
1.065543816513371894e+03
1.079962671722551704e+03
1.065332876545373438e+03
1.081902042251098464e+03
1.055760472443958861e+03
1.067606315906473355e+03
1.058459873247235464e+03
1.083882805036732634e+03
1.081714695701706660e+03
1.058263268833628672e+03
1.067251567772364979e+03
1.079843778474841201e+03
1.071994214511822520e+03
1.077713842304213813e+03
1.073170670101100768e+03
1.073074529166986167e+03
1.062406934404331651e+03
1.066858497680403161e+03
1.078459011358184171e+03
1.062106487978707264e+03
1.084482038106494429e+03
1.078005311775770906e+03
1.076646729509557417e+03
1.072902912934272990e+03
1.056840211180632650e+03
1.071721359627146285e+03
1.085999063313753595e+03
1.081277780745194377e+03
1.088174080607555425e+03
1.081958120902335850e+03
1.069074959556126032e+03
1.074886930908851809e+03
1.090459335596654228e+03
1.075683036496421892e+03
1.074544521065205345e+03
1.070256795198874670e+03
1.075655407654440978e+03
1.082924888275656031e+03
1.069293201662959291e+03
1.070339587409042451e+03
1.075052035889850004e+03
1.068241777954218833e+03
1.060142557680391064e+03
1.080463108483800852e+03
1.077510300279626335e+03
1.086141478279698958e+03
1.084602787979139293e+03
1.082104229934364184e+03
1.068528744487041422e+03
1.074591198265640287e+03
1.073823093511131447e+03
1.073635057728202355e+03
1.067908759608464607e+03
1.073150082767441290e+03
1.061978333984208348e+03
1.079188827215772790e+03
1.085642948850242192e+03
1.082730087467368321e+03
1.079973638513873311e+03
1.088275811170786483e+03
1.074262844922127442e+03
1.073187441166794997e+03
1.081986235498522774e+03
1.062717735990636584e+03
1.069103610113554623e+03
1.074656815230050142e+03
1.073625168086879512e+03
1.090070799953195547e+03
1.065917767927136310e+03
1.063883970585755378e+03
1.062951301775111006e+03
1.088148664995752824e+03
1.085529666695513924e+03
1.089143859963486648e+03
1.086371690511105271e+03
1.065543015362793312e+03
1.089435878920045297e+03
1.081669154912896602e+03
1.075673488515904410e+03
1.091953587424128273e+03
1.065411105599695247e+03
1.079914432279558014e+03
1.079663784715282873e+03
1.066930618971112153e+03
1.070527953324697819e+03
1.072032036641949389e+03
1.083218425683817259e+03
1.077907553933200688e+03
1.079889154247894567e+03
1.085036226508052096e+03
1.072146283586654590e+03
1.085314343218695512e+03
1.086672149263208894e+03
1.098742398727121554e+03
1.098340018631747171e+03
1.094041134536688787e+03
1.084697152042498146e+03
1.070308705882277081e+03
1.074913413370278477e+03
1.076861198360138133e+03
1.075620339256892521e+03
1.086169359148044805e+03
1.068243415735442568e+03
1.077727142753883982e+03
1.074056068020786824e+03
1.072037059348049070e+03
1.093320664326262659e+03
1.076522689181556416e+03
1.077909205580834168e+03
1.080007148260255917e+03
1.101891229757793781e+03
1.076295540350305373e+03
1.074314908149354778e+03
1.089425905209649954e+03
1.073420038506034416e+03
1.069467072593136436e+03
1.075778243829080338e+03
1.083210745379012678e+03
1.083909042288875980e+03
1.085164882205288905e+03
1.092143040348608338e+03
1.080657404764649300e+03
1.080615545152170171e+03
1.065211725159890193e+03
1.082729584019513823e+03
1.094901301996049824e+03
1.076075765767038320e+03
1.070948076710109035e+03
1.087081996399602986e+03
1.082697669173356417e+03
1.092867059347714076e+03
1.085856164092316249e+03
1.085636604216215346e+03
1.098114539690400989e+03
1.081186396628182138e+03
1.080690705197365105e+03
1.076915769656046450e+03
1.084238302214828082e+03
1.081562846740686837e+03
1.099328363586495925e+03
1.092920561643680230e+03
1.096591180268430435e+03
1.080750502087153791e+03
1.095582726348878168e+03
1.091908252289161283e+03
1.093566299366794738e+03
1.082649809490770622e+03
1.084567848046426434e+03
1.097520704525290967e+03
1.090294362794908238e+03
1.082032262260489006e+03
1.076207294417655248e+03
1.085285735150367600e+03
1.093132768794934691e+03
1.095705690661156723e+03
1.069951000943854979e+03
1.100300353845809923e+03
1.094670819046830275e+03
1.094689371893927955e+03
1.091388619316173845e+03
1.073710980672056166e+03
1.096129335328915658e+03
1.089309215148872681e+03
1.097356391073331906e+03
1.087647910684288718e+03
1.084618291173560465e+03
1.100422085356046864e+03
1.081090872398392094e+03
1.097588709562151735e+03
1.111671937084273850e+03
1.087510074162593128e+03
1.084757773293762057e+03
1.094054620024651513e+03
1.085288551940559955e+03
1.085935424070225736e+03
1.099450582951968727e+03
1.092070643854036689e+03
1.083350791762047265e+03
1.100830923541381253e+03
1.083448059712127815e+03
1.101568539077980859e+03
1.091171911051824509e+03
1.103720792111480250e+03
1.101961345792678003e+03
1.074138204004190356e+03
1.104590638253005636e+03
1.075272504305193479e+03
1.073928846198974270e+03
1.097812563723612584e+03
1.080850474732242674e+03
1.097326412545741277e+03
1.081798823147360736e+03
1.103019582612143722e+03
1.085167621629247606e+03
1.104229058770767097e+03
1.077114430906427515e+03
1.093134360786217712e+03
1.086521346608032673e+03
1.094409518994155405e+03
1.086306925301572619e+03
1.082893735649621931e+03
1.099156260762584225e+03
1.084843041467980129e+03
1.091880475817527667e+03
1.101450823853616384e+03
1.085765398213294475e+03
1.102225070736000816e+03
1.095964796603610012e+03
1.087851589937836252e+03
1.098034757543440719e+03
1.099093389287267655e+03
1.094742072392082264e+03
1.087431559599340062e+03
1.098391686169030891e+03
1.096213837964573941e+03
1.098681105390642415e+03
1.087732123602211914e+03
1.099299023704526917e+03
1.102585977862000618e+03
1.107306681842911530e+03
1.099144636926076828e+03
1.097594456849727749e+03
1.108801586000625548e+03
1.111804909291231525e+03
1.091644296949611089e+03
1.105297871023939251e+03
1.102528524511406658e+03
1.101334604141261707e+03
1.096596605379848597e+03
1.106316308706641621e+03
1.104167203631636539e+03
1.102008591551893687e+03
1.094824509296622637e+03
1.095399474109907260e+03
1.096712903956451783e+03
1.099363241179721172e+03
1.093507279035494776e+03
1.094045714712078507e+03
1.083417953481870654e+03
1.105880695248108395e+03
1.095509893086028342e+03
1.079606176468862486e+03
1.110425316752056233e+03
1.086552116374572051e+03
1.095256952209324481e+03
1.115614725501292696e+03
1.092818492653799240e+03
1.096425703047572142e+03
1.114216533120943495e+03
1.105371934408637571e+03
1.112380888653625334e+03
1.098419787205381908e+03
1.099690577529475149e+03
1.089258867549610386e+03
1.102029781436677240e+03
1.115717436239151084e+03
1.108163105554397362e+03
1.083669372788477631e+03
1.101812251962281834e+03
1.105418305889386147e+03
1.090382502032999582e+03
1.091089681264596493e+03
1.102689347261487228e+03
1.099210836338631452e+03
1.097489727433065127e+03
1.103197000435809059e+03
1.084629268126701845e+03
1.109442384381692136e+03
1.101290718652111309e+03
1.101890350525049598e+03
1.116972791848239922e+03
1.112076836863309609e+03
1.093384145981054871e+03
1.107835198538688701e+03
1.104329958618111959e+03
1.100091129959097088e+03
1.111968377886271355e+03
1.100174868368539819e+03
1.091274064308619472e+03
1.099921374639442092e+03
1.107407628495050176e+03
1.101087547953746025e+03
1.093137408635633847e+03
1.103212620027440835e+03
1.106209365256994033e+03
1.092574164369641721e+03
1.116219204174733250e+03
1.107634075716259758e+03
1.117408310186417111e+03
1.111756406326748902e+03
1.099947728557520122e+03
1.107144003131255886e+03
1.104113244155757457e+03
1.090888209371589255e+03
1.097872372142868244e+03
1.111456892097620084e+03
1.107900447839468825e+03
1.108001359555439876e+03
1.103513719839744681e+03
1.091081879380578357e+03
1.103280606035221354e+03
1.103748956173676106e+03
1.109666678596349584e+03
1.106038213667120772e+03
1.113539482425964025e+03
1.097325156721545682e+03
1.109295846979074668e+03
1.097430110175831487e+03
1.119217788840396679e+03
1.080854896938159072e+03
1.099718486509791092e+03
1.111773902935299702e+03
1.115538684124677275e+03
1.104438170723649819e+03
1.099206364217797955e+03
1.100057214416477564e+03
1.110786191206847434e+03
1.102563966257123184e+03
1.099954951765287205e+03
1.107752882808522145e+03
1.104573236917609165e+03
1.113687521617735911e+03
1.106346694671844034e+03
1.116609733711220997e+03
1.111282862209260202e+03
1.116678754564349674e+03
1.099270511565922334e+03
1.108706364881782065e+03
1.101534110187306624e+03
1.091767545562098803e+03
1.105774102278291139e+03
1.109773530421439546e+03
1.102185310262353369e+03
1.109267672143101436e+03
1.108447118566220979e+03
1.122606208483944556e+03
1.107283373357414121e+03
1.096549273212466460e+03
1.110486844348223030e+03
1.102064505316789109e+03
1.109868352656813386e+03
1.107708951133667370e+03
1.110843291670111284e+03
1.089457954466029150e+03
1.122857890764500553e+03
1.115678278226189605e+03
1.114124180168194698e+03
1.123096573884776490e+03
1.117402642639260421e+03
1.106021440449330385e+03
1.109747444581659693e+03
1.120592826302922731e+03
1.102789714286771869e+03
1.123302861204023657e+03
1.101504942705539406e+03
1.110254215898533175e+03
1.111773732646901408e+03
1.113595834207457756e+03
1.108343554619296356e+03
1.119689938196286903e+03
1.131986009155700003e+03
1.119157405182480488e+03
1.122313210083521653e+03
1.113761775118761761e+03
1.110387917870124284e+03
1.104529250247187520e+03
1.106739034899354692e+03
1.108624154640032884e+03
1.102154846030631006e+03
1.101749466644333324e+03
1.114256285765331540e+03
1.106372718933954957e+03
1.106585279060263701e+03
1.115470414844132620e+03
1.124704153280125865e+03
1.122801024552441049e+03
1.098391897153910804e+03
1.111298728725727869e+03
1.113143276368730312e+03
1.107160204157878297e+03
1.110446785928789950e+03
1.116620412546650641e+03
1.118940636970238074e+03
1.098365512829260979e+03
1.108933631919295749e+03
1.108908694479664746e+03
1.107700782102843505e+03
1.115609367201815530e+03
1.114933877855088667e+03
1.113096297184998775e+03
1.110758576753167972e+03
1.121337526661805441e+03
1.111034068576332629e+03
1.099648991094711391e+03
1.125842482949285113e+03
1.129027791074373454e+03
1.115947167376172047e+03
1.103662559434656941e+03
1.097893796562498665e+03
1.104731650493757115e+03
1.103510584824040507e+03
1.115896965355880184e+03
1.111125822570859555e+03
1.113411361122858352e+03
1.106072778430348308e+03
1.105706865110112176e+03
1.100275016908798307e+03
1.105197280937666619e+03
1.110954356680313822e+03
1.129454792560375836e+03
1.100675272181592845e+03
1.117199629111900322e+03
1.115674582339774133e+03
1.101722268552817013e+03
1.115483723043405007e+03
1.101965994022761834e+03
1.113343658194124600e+03
1.123714716148621392e+03
1.116582791910144124e+03
1.116732823187331860e+03
1.112898844972627558e+03
1.135782106881499658e+03
1.119194611766964726e+03
1.100811031191309212e+03
1.121047274707331326e+03
1.124863715668470832e+03
1.128456584401673581e+03
1.109365384776678638e+03
1.124223491857213503e+03
1.112631950011840672e+03
1.130537367598491755e+03
1.104892687897340238e+03
1.120074863106811335e+03
1.111015268538008968e+03
1.114126940855499470e+03
1.112641416240205899e+03
1.109505013905094984e+03
1.117927057862433458e+03
1.120025047875149539e+03
1.126662398339387664e+03
1.120476303351084425e+03
1.123631383772343497e+03
1.121238684037888106e+03
1.123082986256162485e+03
1.115040139445030036e+03
1.113232875820834124e+03
1.111569620783453502e+03
1.133828226930619621e+03
1.122658828275918268e+03
1.101477719140525096e+03
1.118551053800757018e+03
1.129681846190712577e+03
1.115987151403541702e+03
1.135261475270370966e+03
1.133330827577215359e+03
1.123042728866432526e+03
1.123357658619698668e+03
1.119621310434702991e+03
1.106798066642713366e+03
1.117927251995353345e+03
1.111381625593533045e+03
1.117767590299275071e+03
1.112215839290423446e+03
1.113092136769736953e+03
1.132440729007703339e+03
1.123798568487600733e+03
1.109532998790522470e+03
1.136672853864133231e+03
1.127694925721835034e+03
1.135483582498385658e+03
1.132161882311325598e+03
1.128983452155415080e+03
1.135578556119611449e+03
1.127280209699363013e+03
1.119533648806719384e+03
1.136911958552234410e+03
1.127413118267839764e+03
1.109521250781797335e+03
1.139959614644782732e+03
1.131072345651283285e+03
1.119837404575565643e+03
1.132529176078856835e+03
1.132639194156730127e+03
1.120663966663411429e+03
1.112907816735737697e+03
1.120712611381529086e+03
1.128706720999095751e+03
1.135867060476347888e+03
1.135184097471298173e+03
1.122985765931538936e+03
1.133707142313346367e+03
1.114891936365156653e+03
1.124611581810546568e+03
1.127734870261704600e+03
1.119358829901829722e+03
1.124036035149912777e+03
1.118449421998726393e+03
1.117184503253383582e+03
1.113835686334035699e+03
1.124565923279284561e+03
1.108980966609751704e+03
1.120135061940315609e+03
1.128471154150375924e+03
1.111204015971111176e+03
1.142865669390307630e+03
1.123433197487375082e+03
1.133116735018845475e+03
1.125611390251170860e+03
1.108124648849606274e+03
1.127286735815519023e+03
1.124934225331672451e+03
1.125945123947166621e+03
1.120848978493068898e+03
1.144726486438994698e+03
1.113420558323212390e+03
1.119997834514410897e+03
1.131348440408195529e+03
1.117532792098521440e+03
1.133036781494719889e+03
1.130835265580363284e+03
1.111232272997035352e+03
1.124284945649146493e+03
1.109392637067887790e+03
1.136025016627389732e+03
1.122756447906563608e+03
1.135780837994728017e+03
1.121312683357558853e+03
1.143138689618453554e+03
1.122202973488215321e+03
1.131901325679905767e+03
1.126006864103445196e+03
1.124079795502287425e+03
1.137454970647537039e+03
1.126808937433748952e+03
1.120361954066178669e+03
1.120087539884415037e+03
1.133547639958171885e+03
1.136184227592614207e+03
1.126952481563858555e+03
1.133991214596572263e+03
1.127613084191328426e+03
1.120773874538006567e+03
1.127254903093631810e+03
1.123012257194514405e+03
1.133526961912485149e+03
1.145685488785652296e+03
1.117288811662184116e+03
1.124656894402920898e+03
1.122876712227126518e+03
1.122217029836621577e+03
1.130819195233941855e+03
1.136911317112091183e+03
1.125681004956242077e+03
1.132432298551065742e+03
1.122946599035301006e+03
1.138301809659755236e+03
1.131282577949760480e+03
1.131737809035160808e+03
1.134395605969119970e+03
1.143094294277795143e+03
1.133152915061077238e+03
1.138624309598023956e+03
1.123302180449707748e+03
1.134565809206060067e+03
1.132420470928460873e+03
1.118932513866702493e+03
1.142546462746332509e+03
1.120747643108878037e+03
1.138362992299407779e+03
1.134188826914373067e+03
1.121575166224816257e+03
1.128370258140918622e+03
1.130505204120270037e+03
1.129051642562001007e+03
1.143615942459142389e+03
1.140486310738339853e+03
1.129124921923399597e+03
1.134129411026556227e+03
1.130573948677778844e+03
1.146092034238848100e+03
1.138497241944961615e+03
1.119473592458621624e+03
1.133789732764427299e+03
1.119961056244385873e+03
1.116374382337144652e+03
1.121452683550674237e+03
1.121440786300388027e+03
1.148187421300681763e+03
1.130725126554061717e+03
1.133787459674187403e+03
1.125418566986181077e+03
1.134942089765432229e+03
1.136271824942478361e+03
1.120331043126034274e+03
1.145981182067454711e+03
1.137475125858918091e+03
1.125057325058833158e+03
1.128733513368131298e+03
1.127919945033810336e+03
1.133951258695920615e+03
1.141850602538620933e+03
1.133311875770099732e+03
1.145222020849354976e+03
1.126987899107019075e+03
1.132814989611730425e+03
1.136457191032475748e+03
1.127992708521039731e+03
1.142289067667595646e+03
1.148352622318609519e+03
1.145996760680052375e+03
1.126958107471633184e+03
1.133304267896647389e+03
1.118173334397243707e+03
1.133751394380041347e+03
1.123418469500457832e+03
1.132391434889284938e+03
1.151151464837225376e+03
1.141019090529211553e+03
1.130418922996793754e+03
1.138546536610241674e+03
1.140884922543340963e+03
1.143440090263149386e+03
1.138538823418469292e+03
1.139218934114243211e+03
1.143930702445740280e+03
1.141980481496975017e+03
1.157844953219295121e+03
1.131487418759492357e+03
1.142819885163480649e+03
1.133246545431991308e+03
1.127205296780497747e+03
1.137640672512408855e+03
1.149575573536912088e+03
1.126572602337687613e+03
1.125501702129054138e+03
1.130213403070953518e+03
1.139159392763350979e+03
1.125426657857580039e+03
1.149739426996571865e+03
1.139457135720300130e+03
1.138272445495741977e+03
1.131799649891041099e+03
1.141265085235248534e+03
1.133144350661037834e+03
1.137009519799317331e+03
1.138249172903076214e+03
1.140877426176693916e+03
1.133102022905214199e+03
1.150485595038668407e+03
1.133133846048575379e+03
1.146637569147655540e+03
1.135476438643031315e+03
1.139905458625535402e+03
1.132233975170483063e+03
1.135348134077412396e+03
1.154800289651755975e+03
1.154282511353965447e+03
1.131930232181622387e+03
1.141535741987917845e+03
1.146044146299112299e+03
1.141922725133399354e+03
1.143123503930709603e+03
1.116553938459127494e+03
1.145022855157475306e+03
1.141400946788305873e+03
1.126602650667326088e+03
1.131607967744013649e+03
1.153348045362480661e+03
1.137766986529825999e+03
1.150334952596431094e+03
1.160847689503079891e+03
1.134442600884070771e+03
1.143245414195036346e+03
1.126402852284129722e+03
1.146957268938821926e+03
1.128335565164534728e+03
1.144957647440032360e+03
1.139200942728878772e+03
1.144450535400302670e+03
1.134613954112062402e+03
1.124636254607522460e+03
1.140100408692268047e+03
1.127303373574002990e+03
1.159644637665914615e+03
1.136344800879129707e+03
1.142173933298865222e+03
1.146823894125424204e+03
1.137348287743937590e+03
1.128292442229578683e+03
1.146856893258200216e+03
1.140537932883626809e+03
1.128731756456274525e+03
1.143420786762514581e+03
1.150844761944437096e+03
1.151393166201093209e+03
1.139517299666973940e+03
1.150471230087982121e+03
1.146469149825734803e+03
1.121637579491390397e+03
1.136197898668747257e+03
1.123477146479361636e+03
1.137270062379878027e+03
1.134364606536841166e+03
1.148406903686857959e+03
1.144899339563382910e+03
1.149721377232719988e+03
1.135820736733513513e+03
1.149023064086894010e+03
1.146197517492673114e+03
1.145480832914626944e+03
1.138711066218403403e+03
1.135552496222203217e+03
1.143415646916386549e+03
1.140678429297748380e+03
1.128734757203958225e+03
1.153543979813577607e+03
1.148483882861638904e+03
1.158033431216284043e+03
1.125643227581491146e+03
1.143524405905499634e+03
1.140635440790627854e+03
1.137246422914279492e+03
1.125663199928107588e+03
1.142919232529036663e+03
1.122127726796892148e+03
1.153459139741087483e+03
1.138768750268951635e+03
1.141966796316634600e+03
1.137837012938529597e+03
1.144529989090178333e+03
1.145163587631440350e+03
1.140096514445001048e+03
1.154579839719947813e+03
1.131291051846229720e+03
1.148961138485589345e+03
1.149126590874497197e+03
1.154612354674422477e+03
1.143277008382003487e+03
1.139610685704696607e+03
1.138612820174448188e+03
1.149080365645849952e+03
1.141728304694772532e+03
1.142445935796859430e+03
1.150815114140495552e+03
1.134633892136892655e+03
1.133281674512303198e+03
1.144987211493389395e+03
1.152054826128038258e+03
1.140571091334335506e+03
1.146602152109977624e+03
1.141965581801852750e+03
1.144448699569876908e+03
1.149532523299660397e+03
1.133927992400708035e+03
1.152520452067532460e+03
1.160374520649668511e+03
1.160372625789517770e+03
1.139553593372319028e+03
1.136863044654262467e+03
1.147604964599920777e+03
1.163512074343198719e+03
1.144283163935861921e+03
1.159597324751663564e+03
1.145222412648994805e+03
1.156749172143914393e+03
1.143055199245028234e+03
1.150327275103789361e+03
1.159000741834209975e+03
1.152358339849844015e+03
1.149494223784957285e+03
1.135029469252266381e+03
1.148121588341527286e+03
1.142619037046323001e+03
1.140416896033519151e+03
1.150469709464909101e+03
1.153162249083384950e+03
1.150468124922840843e+03
1.144360283807032147e+03
1.162222864259312018e+03
1.150905823119090883e+03
1.148831377361604382e+03
1.149508783900877688e+03
1.135800821453934759e+03
1.140898522923041583e+03
1.150736126722705194e+03
1.151042435676470859e+03
1.152252396431211082e+03
1.129368161408691549e+03
1.143629662154443622e+03
1.130579284674629662e+03
1.140653723499045100e+03
1.158445671494135468e+03
1.151184520435253717e+03
1.159858500717988136e+03
1.157023183924600744e+03
1.153744506547113360e+03
1.144953009682213178e+03
1.150592472008102504e+03
1.150852517861975230e+03
1.132722826248171714e+03
1.136619921824475341e+03
1.146479944587882528e+03
1.156352855080569043e+03
1.152754161406607864e+03
1.153673140454423901e+03
1.150458212880398833e+03
1.138050063284084899e+03
1.161106300301370766e+03
1.161089575798259830e+03
1.152667778225071061e+03
1.139011993486100437e+03
1.149023746191865939e+03
1.150274955302426406e+03
1.137225253252805487e+03
1.153569184023704338e+03
1.161591404656268196e+03
1.144359605005029152e+03
1.138181314743980238e+03
1.156269206455442145e+03
1.153717963724481706e+03
1.144513703925469599e+03
1.155097608001396793e+03
1.154149549028447154e+03
1.152308983336527490e+03
1.143468506920193931e+03
1.149375221458953092e+03
1.143406284430100641e+03
1.149706400713213725e+03
1.143491449201727391e+03
1.150245918617449888e+03
1.153739624796717180e+03
1.157641267540958097e+03
1.137242639687350902e+03
1.142517587006369922e+03
1.169780384860294362e+03
1.144857786025331507e+03
1.153352226753924697e+03
1.156854425886578611e+03
1.141532493234346475e+03
1.158796790918904662e+03
1.164075383649508012e+03
1.140216327557141540e+03
1.161463822171563152e+03
1.156187408131236907e+03
1.161480337238745733e+03
1.165163482548326328e+03
1.173216142400993704e+03
1.159123821808090952e+03
1.145828877393892981e+03
1.158629503332850618e+03
1.168437003590577660e+03
1.153936124725605396e+03
1.153357581519543601e+03
1.148682123829683405e+03
1.160081994770260508e+03
1.161713074225145192e+03
1.143012313096271100e+03
1.158365614246607720e+03
1.140048697721708777e+03
1.159637511421748286e+03
1.151843171255241259e+03
1.158740339387288941e+03
1.138323246350067393e+03
1.156808193872877837e+03
1.162864173710807336e+03
1.149458228425978859e+03
1.151360956264727065e+03
1.166934413952138584e+03
1.161038578005245427e+03
1.160746830751479820e+03
1.147557483991215804e+03
1.148755726250898988e+03
1.153624345561690916e+03
1.174953698333475131e+03
1.165113909527020269e+03
1.151700920789503698e+03
1.174187039389378015e+03
1.163443237513046370e+03
1.153349170625592933e+03
1.152673632402779958e+03
1.163750911007484092e+03
1.148976586375790021e+03
1.153877855272458191e+03
1.168848829271014438e+03
1.162544731857482930e+03
1.152930396125648940e+03
1.160897335225934512e+03
1.143548362844720714e+03
1.159907281978956007e+03
1.157857716804159963e+03
1.152561063785470424e+03
1.158375542040908840e+03
1.157195383681200383e+03
1.143738260885634190e+03
1.150998836688741221e+03
1.167325827897889212e+03
1.172868511663169784e+03
1.158425291829001935e+03
1.173526476153070007e+03
1.148356193020635374e+03
1.159196198289912900e+03
1.158116242735824471e+03
1.158936802414994418e+03
1.172801406700800499e+03
1.169407932361504663e+03
1.167289479883864033e+03
1.145080768612455131e+03
1.166871347884424495e+03
1.159431201433171736e+03
1.157688332239254123e+03
1.161383918238280330e+03
1.159461155630242729e+03
1.143862020860089387e+03
1.157348057952538966e+03
1.145071867196239737e+03
1.147704558782460026e+03
1.161739372825156806e+03
1.167156406929603236e+03
1.156920990185653181e+03
1.156663051402188557e+03
1.163137197990734194e+03
1.164211232406210001e+03
1.144589184361632761e+03
1.173871066652441641e+03
1.148843067714484960e+03
1.163987234550949779e+03
1.148930618907845201e+03
1.164117258476132974e+03
1.164454044222837638e+03
1.160468949161926730e+03
1.154385999520453424e+03
1.159815375201104189e+03
1.164699242758532137e+03
1.171220131453191925e+03
1.142892222925468786e+03
1.156404437424938124e+03
1.164654346545058161e+03
1.145720878400224819e+03
1.160808165236558807e+03
1.161929434314503396e+03
1.152744823764766352e+03
1.161842527517983171e+03
1.150092441762510362e+03
1.171202206319209608e+03
1.146368794828523278e+03
1.163858770368993646e+03
1.146204633150966401e+03
1.161196060349356685e+03
1.170923418175309052e+03
1.158334222062126400e+03
1.153588018302731825e+03
1.145492156656681800e+03
1.147717421220767619e+03
1.142905483846408970e+03
1.164076628720841200e+03
1.176508143336189733e+03
1.162849447753543473e+03
1.168350579816556547e+03
1.168042960060789710e+03
1.156549371813669495e+03
1.176304374554280002e+03
1.164224026143835545e+03
1.159986899422978013e+03
1.138251866616356210e+03
1.160159210760773931e+03
1.160691566397508041e+03
1.181023782847243183e+03
1.160927877107374798e+03
1.157167261609442448e+03
1.153885987401989269e+03
1.176512236665765386e+03
1.163346613660801950e+03
1.152914610983813645e+03
1.161481410815005120e+03
1.150520952824534788e+03
1.155592072560368706e+03
1.162364217860845201e+03
1.162392605940167414e+03
1.162968488469366321e+03
1.165519283698568870e+03
1.159406736877327830e+03
1.149681296578135971e+03
1.171301854177470659e+03
1.144843652372172528e+03
1.152588710135734345e+03
1.165403222691606516e+03
1.162255897113977198e+03
1.161445790336827940e+03
1.168278062235047173e+03
1.167491017596298889e+03
1.164169798049463452e+03
1.173642185636802196e+03
1.163112750086802635e+03
1.163766941757605764e+03
1.160785374594675432e+03
1.159398019060874276e+03
1.154532194770896695e+03
1.165775197627483749e+03
1.174474742440567297e+03
1.160680252728785263e+03
1.177013524293064620e+03
1.163583048196185700e+03
1.172105969651064470e+03
1.170574059940708594e+03
1.152570236267797100e+03
1.162380032159941265e+03
1.163289254667192836e+03
1.161623590122908126e+03
1.156581179294590811e+03
1.158931945473763790e+03
1.156178100823746036e+03
1.168779695523737473e+03
1.173917079951688265e+03
1.161185482151583074e+03
1.168859702110932403e+03
1.172073319438167800e+03
1.150829234367429763e+03
1.161845286884258712e+03
1.161734788462608549e+03
1.152600105819467217e+03
1.175752718615429558e+03
1.174451255465889290e+03
1.162812290537583976e+03
1.179722400888945685e+03
1.167897609063332538e+03
1.167433315061429994e+03
1.151025993336120337e+03
1.157082987535253551e+03
1.180710941165114036e+03
1.165332350339311915e+03
1.152469426329827002e+03
1.163128552785261036e+03
1.168938466476075064e+03
1.158294901772542062e+03
1.169409486638083081e+03
1.169734106613074800e+03
1.168317399054160660e+03
1.166398847911418443e+03
1.178889876394667681e+03
1.169861528541210873e+03
1.181461909760508433e+03
1.164995077035807981e+03
1.168472563785937155e+03
1.165859509381911039e+03
1.161909676412705267e+03
1.159429555268993909e+03
1.161850696703422955e+03
1.164491178227679029e+03
1.171632931318526971e+03
1.167727497397062052e+03
1.168051235922244587e+03
1.172909026293526040e+03
1.162426168721948670e+03
1.173197383548157632e+03
1.168086372391658642e+03
1.161878151602123808e+03
1.172024516209187595e+03
1.157313787333615664e+03
1.169186396434943390e+03
1.179443472968490823e+03
1.165712919632959256e+03
1.166465846451260404e+03
1.176386964738418783e+03
1.154858741294270885e+03
1.183374640323539552e+03
1.179593503964743832e+03
1.179267338074027521e+03
1.165857420014550144e+03
1.175265095965729415e+03
1.165994881339061976e+03
1.161350873643485556e+03
1.189250118897130051e+03
1.161295006513601038e+03
1.164112749135363856e+03
1.171534011962239902e+03
1.161296786233768671e+03
1.174062583176747466e+03
1.188093214614266117e+03
1.162466602437174743e+03
1.156096125903460234e+03
1.166387809252575835e+03
1.163185441863313144e+03
1.169767222247587370e+03
1.158731090789059408e+03
1.168017939100698186e+03
1.162966570742843942e+03
1.162375628580370403e+03
1.167072216470791773e+03
1.174056263882547000e+03
1.183518724233006196e+03
1.163819663947955632e+03
1.177054231452460272e+03
1.160078885773514685e+03
1.159043146834344725e+03
1.159746100274041964e+03
1.174193432398564937e+03
1.175831587875321020e+03
1.168276674417923005e+03
1.170269315516899496e+03
1.173517352264409283e+03
1.153966322808107861e+03
1.162168532150649071e+03
1.176897322144215650e+03
1.155884805541248852e+03
1.169402167378475269e+03
1.163122671563889071e+03
1.186340746960256411e+03
1.174152981922091840e+03
1.165501240835377530e+03
1.182936430486711288e+03
1.167450090356873034e+03
1.177750643592421739e+03
1.179096851787079004e+03
1.174014135430477609e+03
1.162476732705584936e+03
1.164659590789544609e+03
1.170853275340143227e+03
1.165058624439969208e+03
1.175998710770964863e+03
1.177639986519615604e+03
1.176248662093654502e+03
1.162308747480556349e+03
1.181747375970470102e+03
1.160956500395049261e+03
1.160370091512427734e+03
1.160844376989436569e+03
1.171163856248561160e+03
1.174319849663990681e+03
1.192515996409065565e+03
1.172034458467989680e+03
1.178989643907618984e+03
1.179428360721124136e+03
1.166052084340819192e+03
1.176779262206247495e+03
1.168143745295559711e+03
1.172730550763139263e+03
1.182050709129587631e+03
1.157993963629421842e+03
1.162587917252695888e+03
1.183349113635355934e+03
1.167175088142545746e+03
1.168963851641339261e+03
1.183838809198106219e+03
1.174802853441718980e+03
1.176549260703601931e+03
1.160683826984929738e+03
1.167478787600212627e+03
1.165481485182060624e+03
1.160127165196101487e+03
1.175631131556713626e+03
1.186334446358685454e+03
1.168348649403404352e+03
1.174689671151455286e+03
1.172589865542910729e+03
1.178456960286197045e+03
1.163226791766697261e+03
1.171099591549500474e+03
1.171433463867292403e+03
1.164483435183708025e+03
1.174933880648866307e+03
1.183080154988771483e+03
1.174882288602444532e+03
1.181819443613805106e+03
1.177414832151936025e+03
1.164336585139799809e+03
1.171702209251294335e+03
1.179097913184268691e+03
1.172000002884079549e+03
1.167773079039130380e+03
1.177477118476424948e+03
1.170649546349626007e+03
1.175619767635963854e+03
1.162615829019368675e+03
1.166635762672958208e+03
1.169747907138182427e+03
1.173402151527157685e+03
1.174970296523893694e+03
1.168187046151182585e+03
1.178429914462508577e+03
1.175387517224054591e+03
1.178958820983562873e+03
1.184426400582054839e+03
1.172688211811676183e+03
1.163604310004511717e+03
1.164079101894598352e+03
1.181037179100139156e+03
1.159217035377568891e+03
1.159771188656937966e+03
1.173954853304860762e+03
1.156327299709338831e+03
1.192640513605489787e+03
1.152104239902826748e+03
1.181931681706240852e+03
1.174862021669174737e+03
1.163474510405509136e+03
1.180779640804913925e+03
1.165403446681210880e+03
1.172462180158284127e+03
1.161022740428259567e+03
1.180366289783213460e+03
1.166026219136524105e+03
1.177993734163940189e+03
1.161973911114907196e+03
1.177916365249839600e+03
1.164935397664766697e+03
1.177669565757607415e+03
1.168661056436798390e+03
1.176960418667915292e+03
1.160176197480203882e+03
1.194868258833558912e+03
1.167892165807475749e+03
1.197350490236083033e+03
1.174045984558948021e+03
1.174712919503670491e+03
1.176411745860806150e+03
1.176344791524384163e+03
1.185250659316901874e+03
1.179368005540962940e+03
1.178433395156234610e+03
1.167447748361996446e+03
1.178115373814031273e+03
1.167806823328394330e+03
1.178244095389099812e+03
1.168531368360939496e+03
1.159783605395041150e+03
1.189997162647591040e+03
1.157880819262632485e+03
1.175908612200688822e+03
1.172473472457828393e+03
1.184843304094040604e+03
1.181540386987606325e+03
1.178828910176612226e+03
1.174997624525031370e+03
1.169040209982920715e+03
1.173476344511341040e+03
1.182299807258815690e+03
1.168062380146147234e+03
1.178384817121255765e+03
1.181634569422974437e+03
1.191889396399807765e+03
1.182741381771036004e+03
1.160018544218168017e+03
1.175974169388211521e+03
1.161822094183109584e+03
1.180467326207899305e+03
1.176377671432575880e+03
1.177752194048653109e+03
1.185641895962411809e+03
1.158227136555148945e+03
1.166803002698157343e+03
1.168029766364323450e+03
1.179911946342780539e+03
1.191935900983836518e+03
1.173982971633778789e+03
1.170492814399053714e+03
1.174923133417758208e+03
1.168150029376070961e+03
1.191281201236433390e+03
1.184053899502499007e+03
1.177625663909828518e+03
1.170804609720054032e+03
1.172077950720449508e+03
1.177119533082003500e+03
1.176806859429175120e+03
1.162430565794645872e+03
1.179268931435578224e+03
1.165248902411948620e+03
1.180018422051047310e+03
1.177026563857453311e+03
1.181247944786333619e+03
1.182602639950748653e+03
1.179844964737230612e+03
1.193841693703517194e+03
1.174876926410870283e+03
1.184101405135843606e+03
1.178416104670159029e+03
1.184266003033298148e+03
1.182830080033382728e+03
1.166876992772229869e+03
1.174070381859974987e+03
1.181420355601438587e+03
1.179828553182743462e+03
1.176403126817327120e+03
1.172790241078797635e+03
1.171611563632578282e+03
1.169681774619026555e+03
1.183980883881455156e+03
1.159434369270707293e+03
1.174280717390389782e+03
1.183496294062953893e+03
1.177674380870392497e+03
1.185698053553613136e+03
1.175731615022914184e+03
1.187582416739916653e+03
1.176414286144708058e+03
1.179345142256513554e+03
1.175967432345428051e+03
1.168478880517621064e+03
1.157753569384015464e+03
1.178487595281363610e+03
1.178898890749618204e+03
1.170768997374255378e+03
1.186404456483780450e+03
1.179920457473147962e+03
1.169576330279503736e+03
1.181072601677912644e+03
1.184378004685014275e+03
1.154885292535911276e+03
1.186977951058215922e+03
1.179026667036828712e+03
1.178980600452382987e+03
1.174850278979067753e+03
1.177294897142267700e+03
1.174780752814213429e+03
1.172130070212456303e+03
1.177422909379945850e+03
1.176786061115997200e+03
1.177794496712739601e+03
1.188452866830102039e+03
1.161132876392869321e+03
1.177841821869727482e+03
1.175294776863277093e+03
1.183488113475386399e+03
1.184170603909578631e+03
1.168513638563428003e+03
1.170321733474951316e+03
1.176764026467656549e+03
1.180724584787435560e+03
1.171839448714647233e+03
1.183249411414935366e+03
1.171518246790619287e+03
1.190540950284824476e+03
1.165012343227907650e+03
1.170935173797562129e+03
1.187667778138297763e+03
1.164500846387067213e+03
1.177417371735236202e+03
1.170412286576854740e+03
1.190248528559761098e+03
1.185621591361745914e+03
1.165501767497012224e+03
1.181104715600106374e+03
1.166927860853664242e+03
1.186643284043881522e+03
1.173633897653897520e+03
1.173686538442581650e+03
1.179066080462843047e+03
1.171988100011922825e+03
1.172233433059723893e+03
1.181901635340806024e+03
1.169609428961684671e+03
1.186179983253021192e+03
1.181779983676152369e+03
1.180784729578798988e+03
1.176943324997138689e+03
1.174510512786884192e+03
1.193181535459187671e+03
1.187119638124259609e+03
1.192031619689595345e+03
1.195864265399573924e+03
1.186367395014965041e+03
1.171783648818570100e+03
1.174221248160790310e+03
1.171255698135581724e+03
1.176701103502047545e+03
1.179336085954706732e+03
1.178598108882806855e+03
1.181838062063635789e+03
1.159687218869738899e+03
1.177909108617991023e+03
1.190740890646581647e+03
1.179388928092533888e+03
1.175660583775304758e+03
1.174114194888125212e+03
1.167302281277933616e+03
1.165589592309070213e+03
1.175161919953815413e+03
1.180912132333351337e+03
1.170759168401425313e+03
1.178895604334332120e+03
1.188220483664086487e+03
1.183298983100556370e+03
1.177072414549855921e+03
1.186192384965996098e+03
1.189115869880652781e+03
1.183097313076346609e+03
1.167316131422417357e+03
1.186153333180375739e+03
1.176682101944940996e+03
1.175841377363453375e+03
1.170367465039083982e+03
1.193275501836707463e+03
1.196251941317037563e+03
1.172237856275837657e+03
1.166792831023912640e+03
1.196335449744396556e+03
1.171139552863359768e+03
1.171320078953069697e+03
1.174012218610645959e+03
1.169496879333743664e+03
1.184450976840372959e+03
1.170918156494898767e+03
1.175279063254222137e+03
1.178867705978042068e+03
1.189210885158680185e+03
1.168889574703749759e+03
1.181204769541813221e+03
1.192452175033775347e+03
1.179315952609221540e+03
1.173374989863104702e+03
1.179092998451818403e+03
1.187427946095794596e+03
1.169868200555350086e+03
1.164274192945308414e+03
1.176980622461103849e+03
1.164472764732087626e+03
1.177568726628328477e+03
1.179129352952913450e+03
1.178325817521785439e+03
1.177344424288866549e+03
1.177427748602759948e+03
1.166906488866111658e+03
1.182810780482608152e+03
1.179372624977132318e+03
1.176398920633197122e+03
1.183471419946473588e+03
1.177146876986465486e+03
1.183325066833491292e+03
1.187945682782781432e+03
1.185710108710593431e+03
1.172885036266368161e+03
1.173556858288105104e+03
1.179308056520565742e+03
1.185872041126677686e+03
1.166784649714188618e+03
1.194692105065373198e+03
1.190112494239401485e+03
1.174199993323462422e+03
1.175674186075160833e+03
1.189101277754657985e+03
1.165597599914106240e+03
1.179853575584531654e+03
1.174939085866937148e+03
1.186248722712483186e+03
1.165529891014316945e+03
1.176129212470228822e+03
1.165427262097932044e+03
1.169491644226094650e+03
1.166534136943745807e+03
1.175410489800243568e+03
1.174083188797882713e+03
1.161535993236182094e+03
1.165877166980666743e+03
1.189257590485087348e+03
1.174494035974581038e+03
1.181240632480011300e+03
1.176815913887907982e+03
1.176457861509172744e+03
1.178920599116390804e+03
1.179310386011218270e+03
1.183679934404742880e+03
1.187813359865804841e+03
1.186848507829252412e+03
1.184554243212472102e+03
1.192171143969754212e+03
1.179038586645387113e+03
1.187744069282569853e+03
1.165822845322507419e+03
1.168540001398348750e+03
1.171718212479704562e+03
1.177412346916854403e+03
1.202683541215589912e+03
1.176950661656540433e+03
1.166006733597312177e+03
1.181288142370348851e+03
1.182896997604921808e+03
1.166619146963326784e+03
1.175186761505686718e+03
1.185171599896470980e+03
1.190853335679767270e+03
1.179516909879354216e+03
1.188235480538793126e+03
1.181264719889771186e+03
1.170544315973626453e+03
1.170349447047157582e+03
1.177151579485052935e+03
1.176372052157941425e+03
1.169934118694390918e+03
1.176600574237432056e+03
1.157771561979528542e+03
1.184320409839501735e+03
1.186403646981967768e+03
1.184976602682466819e+03
1.189392122534100736e+03
1.176608509823390250e+03
1.178081563448596853e+03
1.181560883896820314e+03
1.174718318634440266e+03
1.182376431118584378e+03
1.180762943761622182e+03
1.162387971073509334e+03
1.179186615119948556e+03
1.185201498112464606e+03
1.177989129720459459e+03
1.186670088753841355e+03
1.188565389875510618e+03
1.174975293198579948e+03
1.168983788636162217e+03
1.176875291205537906e+03
1.187751011312628862e+03
1.171542213604782546e+03
1.173861054253775592e+03
1.179790963907917103e+03
1.184287544234456163e+03
1.204100944329889671e+03
1.183459259519385796e+03
1.178210386572664675e+03
1.182510681038246048e+03
1.164328102692156108e+03
1.184337289868644575e+03
1.179203206829126884e+03
1.187291014744486802e+03
1.191996505588860828e+03
1.185067967350115623e+03
1.179478843387348434e+03
1.195209297961782795e+03
1.177105194129936308e+03
1.179127153039975838e+03
1.171918811673067694e+03
1.167590870234294016e+03
1.164263700923109809e+03
1.176752963759877275e+03
1.176426242076051039e+03
1.179076387000848854e+03
1.186287560938725846e+03
1.174128905909459718e+03
1.183814264332674156e+03
1.182180124977513515e+03
1.170932713138458894e+03
1.188752984923920849e+03
1.157844042576175070e+03
1.169800090893665356e+03
1.169090958825536291e+03
1.172979332312663473e+03
1.171907247819368877e+03
1.172753314969592338e+03
1.183428668215939979e+03
1.166003352170798735e+03
1.168502652411422332e+03
1.186163098414415799e+03
1.171209599515643959e+03
1.175635873897304919e+03
1.169395141550211974e+03
1.187386180374466903e+03
1.175126144055263921e+03
1.179773523388869535e+03
1.186153627456196773e+03
1.177195486009147317e+03
1.170707818441514064e+03
1.176631560166340478e+03
1.186416918969229755e+03
1.188696969853638393e+03
1.177141988058714560e+03
1.188344314536949469e+03
1.166150207987670456e+03
1.185042129526110784e+03
1.182825289387131761e+03
1.193689752028459907e+03
1.175421641292935419e+03
1.183096645108465964e+03
1.183335843630930867e+03
1.180133366926440885e+03
1.168768285001309096e+03
1.185219225015987377e+03
1.164511332990668279e+03
1.176591391587675162e+03
1.189932150174973458e+03
1.189160156447399913e+03
1.176389248822840727e+03
1.173859707808725943e+03
1.169014099525021720e+03
1.179598105810193147e+03
1.186615288562098158e+03
1.181476305934543234e+03
1.165516203796547643e+03
1.167498613853070765e+03
1.171755231216093762e+03
1.184952805701262832e+03
1.157007809750251909e+03
1.172269969352824091e+03
1.175349700611258413e+03
1.171943162743551284e+03
1.179025163815266978e+03
1.180734629729005974e+03
1.173515196631890149e+03
1.181883685610048815e+03
1.191360449913846196e+03
1.191035426277552006e+03
1.173489029930863808e+03
1.179487219775252697e+03
1.170840278791808259e+03
1.185505758520059544e+03
1.177365738162974594e+03
1.162155699445854452e+03
1.180449671114053672e+03
1.171693112021361912e+03
1.173837959858421982e+03
1.170909608474363495e+03
1.170893052911645100e+03
1.168807540467596937e+03
1.169665385370034755e+03
1.162236079528096980e+03
1.165645510725244321e+03
1.172494348810008660e+03
1.150616022978069850e+03
1.178257500650755219e+03
1.166060256584884883e+03
1.179735891074526080e+03
1.190260693308393456e+03
1.165725804071295897e+03
1.177047268808885065e+03
1.173729650357224045e+03
1.183328151442885201e+03
1.183427614466715795e+03
1.172638360931348188e+03
1.170398593380779403e+03
1.164182440524836011e+03
1.165529155130543586e+03
1.169743166087715508e+03
1.164363060640274171e+03
1.179703583595069404e+03
1.171497909726425632e+03
1.174643444711877009e+03
1.171059996389314620e+03
1.196318007048118943e+03
1.177445885938186620e+03
1.157433984217215993e+03
1.166093362087237438e+03
1.183815146663366022e+03
1.180430046595907243e+03
1.176351197156948274e+03
1.167213825120475349e+03
1.170265644033387844e+03
1.168714938225801689e+03
1.182385403519717784e+03
1.161583156389466239e+03
1.169537916409122317e+03
1.154889647377206757e+03
1.174874566449823078e+03
1.165294179247727925e+03
1.162199896264296058e+03
1.175679562884436564e+03
1.169735467352771593e+03
1.162025598885409636e+03
1.181186999453238514e+03
1.150612687987089430e+03
1.169198304735007696e+03
1.170482584827126175e+03
1.169053732877609036e+03
1.160870014960869867e+03
1.172572017225369336e+03
1.166541049240414623e+03
1.168253628244277479e+03
1.187431696976859257e+03
1.163062641786411632e+03
1.179714942763821000e+03
1.186015619788404820e+03
1.170398895016912547e+03
1.174136895137815827e+03
1.187024394793705596e+03
1.175444288889286327e+03
1.182314221337622712e+03
1.160493707481049569e+03
1.174943087420772144e+03
1.169987067373292348e+03
1.167959467983926743e+03
1.175576536630670034e+03
1.180796548426779736e+03
1.167159556224037715e+03
1.178030547724482403e+03
1.172470838758174750e+03
1.173160650941101039e+03
1.158248206636940267e+03
1.178849276000175450e+03
1.174643548868029484e+03
1.171000119229421671e+03
1.167802060841075672e+03
1.175659935691069904e+03
1.171528247365640709e+03
1.166138784625365361e+03
1.175447252055889521e+03
1.147282822397125756e+03
1.166023799807192745e+03
1.162512339381120455e+03
1.170870484782521544e+03
1.169349352459195870e+03
1.151348891699552951e+03
1.172393006257450224e+03
1.175943292245755174e+03
1.168879550917066126e+03
1.164007316167758745e+03
1.175363347333963020e+03
1.168680992792947109e+03
1.188423391551301847e+03
1.175256310813478422e+03
1.178076569705523980e+03
1.175498562538005672e+03
1.171169824392045712e+03
1.169281005052828505e+03
1.166194733337667003e+03
1.166408868259367182e+03
1.182470550613785235e+03
1.166996865440849888e+03
1.157846023165923498e+03
1.162918021691273225e+03
1.176334938485764724e+03
1.168426385259529297e+03
1.180902154009350625e+03
1.185992534132276205e+03
1.165894162151177170e+03
1.159793303938867894e+03
1.178951334694121670e+03
1.178854039857410271e+03
1.172774813056600806e+03
1.164942550201748645e+03
1.174992764143303020e+03
1.181454844341301396e+03
1.161163093921841892e+03
1.168441689057287476e+03
1.158323633382985236e+03
1.168913841880894097e+03
1.163149835086200255e+03
1.163094347168859258e+03
1.168910852848509649e+03
1.182557470975989190e+03
1.173547521436662464e+03
1.172501295570167713e+03
1.178609582316251817e+03
1.172068392461052099e+03
1.166226631283271217e+03
1.164075911310250831e+03
1.175523621975772585e+03
1.165153071511223970e+03
1.173358347718304913e+03
1.175730857999731370e+03
1.174821536377180792e+03
1.157678366654979300e+03
1.168455693250318745e+03
1.172969758742405929e+03
1.173248234635768995e+03
1.179603415532510553e+03
1.162475695174016437e+03
1.164326424510023116e+03
1.179672208902458351e+03
1.181411735407511969e+03
1.167884655704620400e+03
1.168279402355080492e+03
1.164216215986477664e+03
1.170128805176864716e+03
1.159409499405144061e+03
1.189129437877338887e+03
1.161215211044840089e+03
1.169628591637486579e+03
1.162373050359221224e+03
1.176511745676467854e+03
1.165068405688375151e+03
1.171938600241434187e+03
1.194133748941368594e+03
1.175514724025047144e+03
1.179528529736654491e+03
1.163376703371649910e+03
1.164325601551421869e+03
1.162273424691584523e+03
1.149666943092077645e+03
1.177496133247067519e+03
1.165106703046026723e+03
1.152264279552853623e+03
1.170429713602693027e+03
1.159106517141873610e+03
1.156330606873642864e+03
1.167791251083894394e+03
1.160071587007565768e+03
1.184538413199757542e+03
1.170937332803104937e+03
1.162989727541681077e+03
1.170855399317747924e+03
1.166403091340378978e+03
1.152443807265219675e+03
1.169647946328811940e+03
1.159198987533209674e+03
1.166071573298667090e+03
1.166460394466722846e+03
1.161304034063353811e+03
1.142306801084156632e+03
1.163382246046444607e+03
1.151749058438618476e+03
1.145333645293521613e+03
1.158003440663597530e+03
1.162345356419891232e+03
1.169259974191933452e+03
1.164657079399741633e+03
1.163872167878733535e+03
1.163717625275904993e+03
1.157028724559133707e+03
1.167905421767953158e+03
1.162689156070421177e+03
1.173257074736515506e+03
1.168259963268300226e+03
1.164567498382306439e+03
1.175696619753493678e+03
1.154100250914731305e+03
1.161641943719960864e+03
1.168950753879678814e+03
1.150620544142584095e+03
1.165953731409648299e+03
1.180083078686610179e+03
1.156453344709396106e+03
1.156560338197217789e+03
1.164171666958461628e+03
1.167694407205065318e+03
1.159086258216982969e+03
1.168370805372171617e+03
1.163145505061605945e+03
1.160382180548038377e+03
1.154794408102643729e+03
1.173444880525946473e+03
1.167592231935298742e+03
1.142011201822831708e+03
1.165262287025144587e+03
1.165868423361989699e+03
1.155659034526068126e+03
1.150185902213873305e+03
1.155987563720169419e+03
1.161174806049377366e+03
1.147717181257823313e+03
1.161321844236815195e+03
1.163061046589663420e+03
1.160321927414175889e+03
1.160663899563883888e+03
1.170930912049768494e+03
1.157859185515197169e+03
1.155853386132230071e+03
1.169960681409849258e+03
1.143498084925317016e+03
1.173375955507011213e+03
1.166787678895091858e+03
1.159921061881907690e+03
1.174378700815210550e+03
1.154475281443281347e+03
1.158232140002611459e+03
1.146427654329535017e+03
1.153245834079593124e+03
1.149491490764264199e+03
1.156441957931282332e+03
1.161724196517636983e+03
1.153162332511682962e+03
1.156826306112546490e+03
1.152984072735178188e+03
1.138595059627208457e+03
1.166723041936439813e+03
1.176001139125927466e+03
1.155948064031735839e+03
1.153457808511833491e+03
1.163064126850441426e+03
1.177947079630016106e+03
1.150870743862956033e+03
1.161125873908182939e+03
1.159351814208792803e+03
1.154667212790267968e+03
1.170246441009976706e+03
1.173781409180789069e+03
1.156927753378557327e+03
1.163276131385708140e+03
1.167841054588189991e+03
1.162216548822832692e+03
1.164962109494871129e+03
1.159894893255007901e+03
1.154295483891493404e+03
1.158883206118364797e+03
1.144736987106964307e+03
1.166304075025097063e+03
1.146822905313434603e+03
1.172765155554074454e+03
1.163654135100007807e+03
1.172706579297632743e+03
1.161711799010867708e+03
1.157884122762089419e+03
1.173175061319879660e+03
1.166062955082318013e+03
1.144532916140663019e+03
1.160751460627349161e+03
1.155571262203867946e+03
1.158424403123126012e+03
1.163274080650051928e+03
1.169673800165687680e+03
1.152931253088815311e+03
1.165952307567265052e+03
1.159779687657838167e+03
1.152541870148635780e+03
1.161035503488503309e+03
1.145805290925148483e+03
1.158035316430979719e+03
1.154186322041875428e+03
1.150071822550112302e+03
1.148949286646231485e+03
1.146933013467768433e+03
1.163914343648762497e+03
1.145930933328326319e+03
1.142324010666566437e+03
1.168652565519438667e+03
1.150029986615198140e+03
1.144569030093555739e+03
1.154591930345951369e+03
1.148640613800761457e+03
1.153260221792942957e+03
1.156032732771064502e+03
1.173189672389184580e+03
1.154777616770778877e+03
1.148716089385900432e+03
1.136704875922592691e+03
1.150714991472169913e+03
1.148845329135445809e+03
1.147269502466111817e+03
1.161683663316441653e+03
1.152877580347174217e+03
1.147424894197524281e+03
1.156589523041856182e+03
1.154713249720902468e+03
1.155511477266580641e+03
1.156210725724451777e+03
1.161753593194223640e+03
1.146409874332043501e+03
1.149069097664899346e+03
1.169334650795535254e+03
1.170916447591995620e+03
1.154447714961116844e+03
1.143048065594500940e+03
1.152863622719480418e+03
1.159579784813887954e+03
1.158836451000240231e+03
1.146023377851775194e+03
1.154938817995344380e+03
1.161952921279129441e+03
1.143138487044547446e+03
1.127916759494157077e+03
1.151983046480320581e+03
1.131572888371228146e+03
1.153776839759842233e+03
1.166732470374906143e+03
1.147275102858178570e+03
1.149150633805914822e+03
1.153747307416583908e+03
1.139399515208110870e+03
1.154466200835181553e+03
1.145392505466167222e+03
1.139199687156038408e+03
1.157651371074984127e+03
1.148981755572173142e+03
1.140178319533521744e+03
1.157408571374514167e+03
1.158596517090572888e+03
1.166766438921764802e+03
1.132874687316800646e+03
1.165095754987847840e+03
1.153269528762807568e+03
1.143188535524693407e+03
1.158742510473453422e+03
1.143123966424629771e+03
1.136612863323131251e+03
1.128477504511500683e+03
1.149183874909356746e+03
1.146286120849623558e+03
1.152790764611585473e+03
1.134093405145032875e+03
1.150402807865333671e+03
1.143942244355415141e+03
1.155523364300009689e+03
1.164318418003172610e+03
1.133111231663100398e+03
1.136045821803427316e+03
1.146179636426191337e+03
1.139141808624381156e+03
1.142246471059116402e+03
1.131249295423521744e+03
1.133504007400162664e+03
1.167139573808449995e+03
1.145827957599371075e+03
1.137893900158078395e+03
1.136905499098656037e+03
1.135488453494064743e+03
1.130589792766661503e+03
1.148218912893672950e+03
1.164550652553582950e+03
1.153302483536530190e+03
1.165376041218669343e+03
1.159880673400706200e+03
1.151999671417088848e+03
1.140007595143550361e+03
1.141131088148136087e+03
1.139534148776621805e+03
1.161474119504573309e+03
1.139139728614454953e+03
1.137162984750981877e+03
1.146289455212983739e+03
1.129390200534340465e+03
1.149847526405018471e+03
1.153368634818000373e+03
1.137366602992485468e+03
1.130261174360057112e+03
1.136728095918897679e+03
1.130176153195377992e+03
1.139749233905667552e+03
1.151021000640403827e+03
1.157385948595857144e+03
1.148621696374314979e+03
1.144773143967052647e+03
1.142875849270464641e+03
1.128594969397633804e+03
1.147945764798599612e+03
1.146980794341673118e+03
1.136658218087590967e+03
1.117683780666516668e+03
1.119453124733649247e+03
1.130035558969534350e+03
1.117681857832221112e+03
1.133417426388177319e+03
1.143143734610366437e+03
1.140407492858381829e+03
1.140745871332797151e+03
1.152921929008260349e+03
1.123410609279791743e+03
1.138331023424012756e+03
1.125534570977896237e+03
1.145940496690101554e+03
1.123679176943533776e+03
1.150407579574937017e+03
1.142261614855123526e+03
1.141261135452855115e+03
1.133696279581747604e+03
1.141559043979223361e+03
1.143047158615138187e+03
1.130454063313657571e+03
1.146643534868788947e+03
1.131658302424953717e+03
1.132979416494739553e+03
1.132921341377227918e+03
1.131182050711172224e+03
1.143892358280501639e+03
1.127323910639939868e+03
1.123212085360610445e+03
1.139938046731473833e+03
1.142385415640640531e+03
1.131210047944375901e+03
1.130347104591344078e+03
1.145000552138852754e+03
1.137808671405166251e+03
1.113741914070896200e+03
1.134409259869612470e+03
1.142786146620439467e+03
1.140191367845595096e+03
1.156066530436815583e+03
1.127936187739049501e+03
1.155357054823762383e+03
1.129997736839168056e+03
1.122490236550824875e+03
1.139340402295858439e+03
1.123768111897709332e+03
1.129361379745251952e+03
1.125881229037616777e+03
1.136338503955673559e+03
1.129994652004293357e+03
1.126800798968233494e+03
1.121765294845983817e+03
1.143011828812286012e+03
1.128873722248400327e+03
1.134344533255235092e+03
1.130573120043252629e+03
1.138551200116305608e+03
1.136352693134950414e+03
1.132798014462485526e+03
1.121294522079949729e+03
1.121237078870223058e+03
1.135324645744179634e+03
1.131370507467444895e+03
1.141742379291372572e+03
1.126688868739443478e+03
1.113441957225214082e+03
1.140069517300626558e+03
1.138588573599946130e+03
1.119874524830602923e+03
1.122444803028202841e+03
1.143185893054474946e+03
1.129294918014791619e+03
1.120460486216825984e+03
1.120294311645087873e+03
1.127158253055508567e+03
1.127667893759801018e+03
1.117470576742875210e+03
1.135446054671606817e+03
1.114309576681526778e+03
1.125922320483939075e+03
1.129386893167571770e+03
1.124467759782679423e+03
1.117775914616802993e+03
1.130289906757530389e+03
1.128865086140369840e+03
1.120905675431909458e+03
1.117948222897310643e+03
1.135749487508519906e+03
1.117733203913728403e+03
1.125183517972699519e+03
1.125024374649963420e+03
1.119733593087934196e+03
1.142465831666944496e+03
1.126653046333007296e+03
1.116501516357411447e+03
1.127358856400088825e+03
1.125791891862632838e+03
1.128865755317605135e+03
1.122873006935330977e+03
1.126213406551725711e+03
1.121947278918896018e+03
1.136043943515981255e+03
1.114917083673602747e+03
1.137466619480343297e+03
1.112965816779296574e+03
1.118527579569163663e+03
1.131052918758302894e+03
1.130184618070313263e+03
1.130221794757955649e+03
1.130948303282458710e+03
1.121179472736811476e+03
1.113020121002494534e+03
1.112774447303656643e+03
1.137961499179121802e+03
1.107461908795886757e+03
1.130673627345177920e+03
1.138363994333982191e+03
1.127380685350323574e+03
1.122638077047852903e+03
1.125289194998059884e+03
1.126896510924799713e+03
1.116562543053485342e+03
1.110957828083264076e+03
1.116247512999377250e+03
1.119814792219143101e+03
1.127842965915771401e+03
1.120896470572913586e+03
1.109415030675302205e+03
1.124782065229154568e+03
1.114096869699706076e+03
1.134019040292023419e+03
1.125677845961954517e+03
1.117899505609460221e+03
1.127549422609958128e+03
1.127872445962400889e+03
1.109793191790931814e+03
1.114772512668539321e+03
1.112128888204049190e+03
1.119170668731531805e+03
1.127597078918195621e+03
1.118678657980181242e+03
1.114468063990135988e+03
1.110458566061688543e+03
1.109305358582026656e+03
1.119311760570742081e+03
1.114929420425509761e+03
1.120191511232299717e+03
1.112113523613972802e+03
1.119808356623319469e+03
1.115448008909456576e+03
1.106491217960104223e+03
1.118993798322896055e+03
1.122621477092835903e+03
1.115488824109409506e+03
1.109478320379703746e+03
1.098080502835246307e+03
1.108984087754191705e+03
1.113076849886962918e+03
1.116678099413562677e+03
1.114776552344182164e+03
1.119115916681142608e+03
1.099229829351639182e+03
1.106522286529856046e+03
1.108995638248158457e+03
1.117125153885284590e+03
1.111368653534753548e+03
1.114267664694860514e+03
1.106666824746859902e+03
1.118334262295212056e+03
1.128261696700506491e+03
1.095225437215180136e+03
1.111986185000817386e+03
1.107842221968575132e+03
1.107064252828954977e+03
1.112052596144586914e+03
1.110020213132796016e+03
1.101761495342272610e+03
1.101419016186231374e+03
1.101453448407390169e+03
1.114564249367459524e+03
1.104476778074261574e+03
1.091950045807853030e+03
1.125207789781104793e+03
1.087137245968057641e+03
1.108389942258750125e+03
1.111727930579251051e+03
1.112488808217786755e+03
1.116860331835798434e+03
1.107663489159131359e+03
1.103670578584669101e+03
1.097574460059493731e+03
1.109297263748554542e+03
1.104411294001291481e+03
1.102920138457531039e+03
1.109741454411214590e+03
1.098610949821550321e+03
1.097120962441770189e+03
1.091980431597198049e+03
1.093578500468492848e+03
1.098285516989719781e+03
1.095306813188254637e+03
1.107017286025162775e+03
1.117052029372857305e+03
1.099854823398675080e+03
1.094519236298031956e+03
1.121326732965488191e+03
1.106012026668592171e+03
1.110615317693683664e+03
1.106931811683026353e+03
1.097615486788718499e+03
1.100904784557400944e+03
1.087935983332042952e+03
1.101454780831586959e+03
1.100107744758614444e+03
1.096119379142384560e+03
1.102069776372466549e+03
1.100300598384322029e+03
1.102067958106897777e+03
1.095357653200821005e+03
1.088919000261406836e+03
1.097481699791918118e+03
1.091970202935644465e+03
1.092733493329161092e+03
1.117915346502630655e+03
1.113697763386054248e+03
1.088526852894782451e+03
1.089859820767862402e+03
1.081374617950355514e+03
1.102202635528073642e+03
1.091078475107998656e+03
1.096855296433087233e+03
1.085729940906310276e+03
1.102243772319413210e+03
1.099773389777063585e+03
1.083463954070995669e+03
1.085588216207448568e+03
1.098495505504075936e+03
1.088257852876941797e+03
1.100661926737049043e+03
1.112701230878070191e+03
1.076480221188596943e+03
1.087766486622928596e+03
1.097612464138544510e+03
1.080958337065148953e+03
1.096150842249181096e+03
1.088209821244157411e+03
1.092039775010138555e+03
1.094009077917071409e+03
1.089372745866266314e+03
1.093000216887421402e+03
1.099985226622830851e+03
1.099116112373718124e+03
1.089742211639577135e+03
1.101276774694706091e+03
1.088256778821557418e+03
1.083958883275879316e+03
1.095329154144220865e+03
1.094486718998280367e+03
1.097268101520360233e+03
1.079358417358785346e+03
1.100882500681129159e+03
1.088758587412916313e+03
1.096133861735425398e+03
1.107842945452387994e+03
1.079833612574688459e+03
1.098964976478193194e+03
1.093652966758616458e+03
1.089464167232172940e+03
1.079971740312430484e+03
1.093635981206535234e+03
1.094479409884291044e+03
1.085245837064511079e+03
1.090254181789761105e+03
1.088279938469168428e+03
1.078888191470496167e+03
1.087936184903823232e+03
1.084729321960903690e+03
1.085559574847678959e+03
1.091496808664740911e+03
1.098172407210483470e+03
1.083612010262953163e+03
1.088327251859713442e+03
1.102655349986354167e+03
1.085321306509779333e+03
1.081426205971268018e+03
1.087540167550172782e+03
1.078663447780171509e+03
1.084004792904252781e+03
1.087286238937132794e+03
1.084344609279952465e+03
1.080509916287812985e+03
1.081530029039788360e+03
1.093173479186006716e+03
1.071509716388982270e+03
1.068559838862989409e+03
1.084130931019846685e+03
1.085657170924543152e+03
1.064888119458409619e+03
1.075058141866544020e+03
1.082181289787662536e+03
1.090719808817569856e+03
1.086424388233738682e+03
1.082461627896434948e+03
1.074669976581999890e+03
1.077665759057102377e+03
1.081104745021942790e+03
1.070454693755888002e+03
1.079504159271451954e+03
1.087949032905133208e+03
1.075228250779413429e+03
1.077363146793735496e+03
1.066281586231342089e+03
1.080893045333487180e+03
1.079035500846016930e+03
1.080048176243614307e+03
1.076685972476688903e+03
1.070910018570252078e+03
1.073300934346558734e+03
1.079689147620162657e+03
1.054454931440688597e+03
1.088507762036938857e+03
1.065283890136236096e+03
1.073325584061145946e+03
1.071169583402925127e+03
1.082908222329595446e+03
1.073363896424975565e+03
1.069406150192725136e+03
1.084375918714807085e+03
1.068106324293713442e+03
1.075440779867886931e+03
1.077475529088720577e+03
1.090412410656949305e+03
1.065491724367695269e+03
1.080865796091440188e+03
1.079288097012549997e+03
1.078237928931310080e+03
1.071605116848474609e+03
1.071472514202094089e+03
1.062270298071518710e+03
1.072601462680950135e+03
1.071903427316229909e+03
1.074024588407793090e+03
1.057708647743250367e+03
1.087541481978691309e+03
1.062949935117872201e+03
1.069035888701380827e+03
1.073141050685135724e+03
1.061126287852717724e+03
1.074688626295865106e+03
1.064055346990167436e+03
1.040082208381159262e+03
1.073729705047220705e+03
1.057960630649809900e+03
1.064924263404716612e+03
1.059804196933913317e+03
1.072567149326883737e+03
1.084779885444832644e+03
1.058334542596302072e+03
1.066147149319825530e+03
1.070932383911980423e+03
1.051557876013218674e+03
1.077138860906160062e+03
1.055438474721745706e+03
1.077862563817906903e+03
1.038512055710734785e+03
1.064480977836387638e+03
1.050578350669379233e+03
1.060982462262928493e+03
1.063080173311265071e+03
1.043102940446338835e+03
1.079345533467876749e+03
1.064296504674848620e+03
1.058506488359462537e+03
1.085265500488242651e+03
1.051951023535393460e+03
1.046717441029729116e+03
1.061973808825804554e+03
1.073762680214058264e+03
1.056326664064043598e+03
1.054970057910748892e+03
1.041131744079409145e+03
1.056555193389789110e+03
1.055871474785320515e+03
1.050967836246278921e+03
1.059311399473774145e+03
1.064574326161233330e+03
1.066239770239298423e+03
1.054182239752684382e+03
1.065718245146495519e+03
1.053708346496640388e+03
1.051948326986286474e+03
1.078401183559470383e+03
1.068761576567063685e+03
1.048366149233156193e+03
1.059167039246105560e+03
1.062527192648165510e+03
1.067216209870258353e+03
1.064947763840065591e+03
1.049991444169841543e+03
1.033098846162826248e+03
1.055679925515554032e+03
1.048846710730346103e+03
1.047037201629520496e+03
1.066485664719899887e+03
1.046639220859735588e+03
1.049723103852971462e+03
1.040292057988821398e+03
1.035193901395783769e+03
1.055067976570442625e+03
1.056619797090702377e+03
1.044676348642422454e+03
1.064351034986634431e+03
1.046548672332001161e+03
1.055663873529181728e+03
1.058161274085028253e+03
1.055850886815309195e+03
1.052104172194376133e+03
1.064060307722552579e+03
1.049354431573666261e+03
1.052574866200056249e+03
1.049013767625950550e+03
1.042738043082460308e+03
1.035117475373436491e+03
1.049414486562215643e+03
1.045088310003328161e+03
1.035190488812339026e+03
1.041165054744151803e+03
1.049735836897689069e+03
1.046786815576567733e+03
1.060319036222258546e+03
1.049534645902125476e+03
1.043061210952159627e+03
1.042857455421295754e+03
1.052352275244659722e+03
1.048587812885054745e+03
1.037341862514645982e+03
1.053324199329409339e+03
1.053520563462908285e+03
1.049820599605286361e+03
1.051420241840376093e+03
1.041365899737169457e+03
1.040056426987743407e+03
1.050888809779742360e+03
1.055008383706117229e+03
1.032845508308222406e+03
1.036872946273949537e+03
1.022083728202361499e+03
1.033200352238505729e+03
1.044154599419500073e+03
1.026692863935418245e+03
1.048591942436056570e+03
1.046582168559752517e+03
1.040629866857993420e+03
1.033378392063624460e+03
1.040513637701974176e+03
1.029232519271968386e+03
1.026352980935112782e+03
1.036357148211905042e+03
1.040171384005774144e+03
1.043932474792976109e+03
1.032968776001036531e+03
1.037311273383840899e+03
1.026038210701176240e+03
1.025657281646882666e+03
1.036238245955331877e+03
1.048422491239134160e+03
1.047446525516876591e+03
1.051955171971539585e+03
1.040901986804741000e+03
1.027133402870646023e+03
1.036160563885563306e+03
1.031000933912389883e+03
1.039204612644317876e+03
1.016170678178679282e+03
1.031371837164741237e+03
1.015976579152850036e+03
1.030554821157833430e+03
1.027308921136277831e+03
1.020289819926634436e+03
1.036798179999883587e+03
1.025719868916051610e+03
1.036520639144608367e+03
1.021677033275405847e+03
1.025875534027712547e+03
1.027226774693001744e+03
1.035905995577599242e+03
1.040828448694995814e+03
1.008384995424318618e+03
1.024098397027806186e+03
1.030256575954969776e+03
1.029913295257106483e+03
1.018589577456528104e+03
1.025954460389222277e+03
1.015631588191272726e+03
1.029759028411307327e+03
1.033639949416764921e+03
1.020476894698113483e+03
1.026712065517575866e+03
1.028326848182333379e+03
1.014663053739626548e+03
1.026073149191696530e+03
1.025361275849094000e+03
1.021496391236888940e+03
1.035676415159869748e+03
1.035907595384584056e+03
1.025535533158081762e+03
1.029045780099163267e+03
1.021763010873298072e+03
1.024638169685700404e+03
1.018348361573313014e+03
1.019635234647450034e+03
1.013703478277898739e+03
1.021173023850484697e+03
1.032072085738374653e+03
1.012745062996282059e+03
1.019475912297623836e+03
1.007933593158099029e+03
1.009014053973389878e+03
1.017723866564678929e+03
1.012787858249638930e+03
1.027768857154677562e+03
1.011751789777523413e+03
1.032073246980181239e+03
1.007229978471295681e+03
1.010116421331749279e+03
1.014218737580438642e+03
1.007704925405148629e+03
1.016173959485075898e+03
1.016469970926955511e+03
1.000632125928311325e+03
1.005024431770669594e+03
9.920888492894757746e+02
1.015497973335647316e+03
1.012269568416889570e+03
1.008751352367383561e+03
1.005543334349908605e+03
9.951832728928014831e+02
1.020829713189569702e+03
1.004934505158841830e+03
1.008906359357160568e+03
1.005925979718787971e+03
1.015606626067652201e+03
1.013183132339117719e+03
1.004942045290790702e+03
1.008308784341641399e+03
1.006599218991930570e+03
1.008672517604741756e+03
9.918442051664663950e+02
1.016098632373811029e+03
1.022639131805791976e+03
1.001394605798425118e+03
1.006935570446158749e+03
1.003799328461067489e+03
1.014756716415758433e+03
9.886874752752333961e+02
1.006724883960007219e+03
1.006414210148140228e+03
9.982941436434221032e+02
9.986091401769657523e+02
9.870905521220978471e+02
9.920012589107768690e+02
9.961925709544942720e+02
1.006179602031011882e+03
1.012273281969566369e+03
9.918500562122706015e+02
1.004478990593701269e+03
1.005229887943806489e+03
9.901341095186194252e+02
9.839425292537794121e+02
9.934736374604494813e+02
1.002117207676788098e+03
9.949410762599021609e+02
9.922423418367310433e+02
1.004991834209479521e+03
1.002275957212682101e+03
9.856026589966164693e+02
9.964813149473101248e+02
9.885479963155796668e+02
9.957555811222956663e+02
9.998723784711894496e+02
9.894189306270004636e+02
9.969009332945519191e+02
1.011824363583296645e+03
9.930914268012789989e+02
9.872079035601400392e+02
9.902532474672711942e+02
9.925576031407751998e+02
9.792906541159761673e+02
9.881088507639552745e+02
9.913585454067251703e+02
9.756220695613850467e+02
9.956244526750979276e+02
9.946392558434831699e+02
1.003634602590917211e+03
9.665650426195154523e+02
9.762503423319949434e+02
9.839974026129928006e+02
9.935525503439583872e+02
9.856297050734928007e+02
9.820123866548369733e+02
9.837296358488160877e+02
9.892496702587042137e+02
9.860687612577493155e+02
9.865705978195910575e+02
9.906143258412600971e+02
9.863771389930375335e+02
9.976894938320907613e+02
9.950229274853667221e+02
9.928065799677610812e+02
9.783251444674463073e+02
9.753779138844035970e+02
9.830196471426174867e+02
9.735298200810012759e+02
9.790247365414492151e+02
9.651738870574456541e+02
9.898280684656227777e+02
9.797732661560796714e+02
9.710457741978387958e+02
9.708155796118179524e+02
9.820053812477382280e+02
9.639493256319901775e+02
9.828300110492432395e+02
9.856126297556779718e+02
9.754871978113919795e+02
9.678071390127552149e+02
9.670585995408242752e+02
9.742152435711419685e+02
9.714216424726906780e+02
9.753307837961972382e+02
9.739889974815234837e+02
9.745357966573936892e+02
9.850834438844323131e+02
9.808570551505744106e+02
9.817505588699420969e+02
9.811452779064692322e+02
9.717991899408087875e+02
9.649836231041733754e+02
9.699022806777201140e+02
9.776246167843238482e+02
9.594844365789402900e+02
9.789313064478342312e+02
9.781061318838361558e+02
9.642574318902170489e+02
9.745880730111834964e+02
9.801987508586220201e+02
9.657224464304518960e+02
9.707075500240036945e+02
9.689776673520535724e+02
9.653706919375069901e+02
9.671412225352109999e+02
9.740185883597137035e+02
9.514582052705909518e+02
9.637239957389851952e+02
9.611524491043719536e+02
9.533998443670889174e+02
9.697812747839327585e+02
9.615064616593472238e+02
9.651321977240789920e+02
9.571991938201451831e+02
9.723919503532121098e+02
9.496054652136815548e+02
9.599598319374094899e+02
9.804864804744674984e+02
9.623645940085366419e+02
9.514484385957520090e+02
9.632127128050165084e+02
9.678889305141406112e+02
9.590595539746135501e+02
9.434802882291957076e+02
9.610046849465594505e+02
9.458756411996174620e+02
9.624429491129739063e+02
9.467336226437972755e+02
9.645022826398707139e+02
9.616357415587133346e+02
9.703859131406995857e+02
9.601635526657131550e+02
9.682311097046713257e+02
9.462120804560142915e+02
9.606025826650262616e+02
9.543116209314329126e+02
9.470974297362772631e+02
9.501196022656376954e+02
9.363976720606863182e+02
9.464625403366306955e+02
9.443166077948156953e+02
9.561001943158651102e+02
9.415516092414417244e+02
9.450920212182791147e+02
9.598922189702875585e+02
9.498465013417082901e+02
9.533203675030270006e+02
9.360935752953790825e+02
9.474915019613786171e+02
9.532558324903899347e+02
9.500578621491098374e+02
9.519058031509869124e+02
9.578256996166333010e+02
9.355304417333475158e+02
9.406666067654216477e+02
9.396918369441417553e+02
9.408462351857208432e+02
9.508060828042043795e+02
9.413390729479249330e+02
9.385850822949985286e+02
9.321361546764817376e+02
9.498551799928085302e+02
9.347984620713532422e+02
9.478572584914028312e+02
9.235414673502516507e+02
9.508672756050484622e+02
9.532228958488333319e+02
9.313516427300212399e+02
9.522028358065304019e+02
9.434396244558815852e+02
9.263416665965009997e+02
9.353875541260732689e+02
9.320091161113242606e+02
9.490265745098365642e+02
9.304463659426860431e+02
9.304648317098298094e+02
9.304081374736484804e+02
9.350829473598100776e+02
9.301909982948833431e+02
9.397258453068396875e+02
9.312938628385408038e+02
9.440325788669114218e+02
9.323958677234512606e+02
9.293970826087353316e+02
9.370399727860152552e+02
9.199785737759659696e+02
9.393314568750714670e+02
9.452831264409165897e+02
9.351877683443095748e+02
9.335346967702246275e+02
9.359139050887331450e+02
9.214677928035576997e+02
9.172635703002973742e+02
9.263477251234576215e+02
9.266359204976216688e+02
9.259959053621480507e+02
9.240487286146575343e+02
9.208830781957456111e+02
9.256665673060069821e+02
9.261379826358547689e+02
9.261687809876630126e+02
9.179897747800908974e+02
9.196527863275794061e+02
9.238482758893436539e+02
9.115292217707158215e+02
9.266459205411769062e+02
9.200124300162344753e+02
9.261218926093090431e+02
9.312679153557545533e+02
9.106497195354057794e+02
9.260183462510478876e+02
9.370716372344843421e+02
9.241888117397675160e+02
9.322119630203324050e+02
9.035978604458291557e+02
9.119369230060976861e+02
9.300467049952043226e+02
9.067148519582156041e+02
9.004859867687775932e+02
9.234593073670478134e+02
8.935210726535515278e+02
9.354854302542457845e+02
9.167851620896772147e+02
9.074585767447271110e+02
9.175507195158410241e+02
9.111882933387979620e+02
9.096926755882520865e+02
9.143928003706453183e+02
9.157945462562910279e+02
8.879076044335179176e+02
9.107124228441996365e+02
9.301323814498134652e+02
9.234730910823670911e+02
9.138014325776746318e+02
8.992281298616762797e+02
9.027315379328472318e+02
8.979916419772170002e+02
8.858810296757666265e+02
9.163825382004330322e+02
9.119777094576915033e+02
8.922848889464746662e+02
9.081887909801384922e+02
