9.738455743810818603e+02
9.902721606293016521e+02
9.727736029242171298e+02
9.774988512090186532e+02
9.960738890860911852e+02
9.834444290037312157e+02
9.882499063389966523e+02
9.715750944406470353e+02
9.828547431022266210e+02
9.838419398077022606e+02
9.703386036906033496e+02
9.748397844222722597e+02
9.814605172815919332e+02
9.725986993550205852e+02
9.865728071097022394e+02
9.743155505968057923e+02
9.956708770388668199e+02
9.772442272312325713e+02
9.824037270811647886e+02
9.724985355490146048e+02
9.885819476092380000e+02
9.742789320465051333e+02
9.895706842467454862e+02
9.786544812771479656e+02
9.969870503451164723e+02
9.825277749357421726e+02
9.810882465010415672e+02
9.671732446999812964e+02
9.893636514726192672e+02
9.795354567024274957e+02
9.769434394017523573e+02
9.740092253475768302e+02
9.875992898838761676e+02
9.778669889448171944e+02
9.708846554077587143e+02
9.788294020424800692e+02
9.918307732621371997e+02
9.814117069231344885e+02
9.828142912154170290e+02
9.667986272650264254e+02
9.912147500257476622e+02
9.960398757465150084e+02
9.782362959884586644e+02
9.942239909195502605e+02
9.847318131545538336e+02
9.945218102418858734e+02
9.867302330377364115e+02
9.810335569540563938e+02
9.739489007149456938e+02
9.987412512888191714e+02
1.002199064590661465e+03
9.853342799679201107e+02
9.851158191508080790e+02
9.859826418120724156e+02
9.711665144336947151e+02
9.906313161429495722e+02
9.704520933613998750e+02
9.965346645470635849e+02
9.851743982777139763e+02
9.857727364909763992e+02
9.832631510897148246e+02
9.988807190321007283e+02
1.007812590511024041e+03
9.887416111585027920e+02
9.895655727152499139e+02
9.957941266763925796e+02
1.002085182603804469e+03
9.860419451580321493e+02
9.972545346636404702e+02
9.764068662956514117e+02
9.917349375730402699e+02
9.984034580361246753e+02
9.725966936585747362e+02
9.976564443644907669e+02
9.965467325592954921e+02
9.942609577535193921e+02
9.815579993716232821e+02
9.845133268162201148e+02
9.990810638732496045e+02
9.835273257430039848e+02
1.004352426806420681e+03
9.846445826020640197e+02
9.848256102836727450e+02
9.880893349979473896e+02
9.912204713649838368e+02
1.000725231200806434e+03
9.760432307647598691e+02
9.940719010068652324e+02
9.915376886412404929e+02
9.994412910757833970e+02
9.830729984630950185e+02
9.817007961055368241e+02
9.888721261116476171e+02
1.001373410990660204e+03
9.938670695825959456e+02
1.003240427985710994e+03
1.012075050690528997e+03
9.888901650546217752e+02
9.956971383054184344e+02
9.933728522692795195e+02
9.773228326735653582e+02
1.001717634828171640e+03
9.839327163894399746e+02
9.901640960838445835e+02
9.884645158285504749e+02
1.003784030734964404e+03
1.002048330314006876e+03
9.929187204895780496e+02
9.919439641636440683e+02
9.763316358868752332e+02
9.932834414275608879e+02
9.992050429326420726e+02
9.912901931331624610e+02
9.993336531638041151e+02
9.904143265548275394e+02
1.008538710364974236e+03
1.003273823548190308e+03
9.799589471607322366e+02
9.995653138467208692e+02
9.922086067443577804e+02
9.970744138649605475e+02
9.908127439561651499e+02
1.000854904875353213e+03
1.017511481833824178e+03
9.964289787310765405e+02
9.851465059314820110e+02
1.004431021182838322e+03
1.000870973736034557e+03
9.926268413180124526e+02
1.010829014372653660e+03
9.918838619488792574e+02
1.015500743395536233e+03
9.972562688053714055e+02
9.992376738882167047e+02
9.968883943777319701e+02
9.831156469772872697e+02
1.000822676302855371e+03
9.912489201157236494e+02
9.978263883392115758e+02
9.961194481973202528e+02
9.931130917594535958e+02
9.881452801425090229e+02
9.913204567343094595e+02
9.959372537266420977e+02
9.966706208684290687e+02
9.857948595305953177e+02
1.011959240033818901e+03
9.912765057144056300e+02
1.007346586092684447e+03
1.000218818335727065e+03
9.998148511499230153e+02
1.003989561003711742e+03
1.009432750300283260e+03
9.919214954628276928e+02
1.019305016741542886e+03
9.986468233769937797e+02
9.932012036084723832e+02
1.011042950052582228e+03
9.971394393082110810e+02
1.002976421151466411e+03
1.011478131853921468e+03
1.008841905687638246e+03
9.904972464516115451e+02
1.000652733404787796e+03
9.922935257485253260e+02
1.002497251811602837e+03
1.006530472246420459e+03
9.997584447364788502e+02
1.006658314375889631e+03
9.988060600016061699e+02
9.893745632933798788e+02
9.889476062434399637e+02
9.923724422242372611e+02
1.002147297015025060e+03
9.974237823748385381e+02
9.919735203948375784e+02
1.003128236268044020e+03
1.020572070541584367e+03
1.018999427004286758e+03
9.950221557981169553e+02
1.004721877668590196e+03
1.012351782689005063e+03
9.891116255935434083e+02
1.009771686941511234e+03
1.009863830492958641e+03
9.934721884934753007e+02
9.936207520667039716e+02
9.988447424781620612e+02
1.005956894391103106e+03
1.016562776047398870e+03
1.022512588792710631e+03
9.990288448466519640e+02
1.002184244056079024e+03
9.893578443769147270e+02
9.880899098033247583e+02
9.924674278792834912e+02
1.010398662598233841e+03
9.984368532524808870e+02
9.975012968962056448e+02
9.986648182763289014e+02
1.003511337380161194e+03
1.012799716217051241e+03
1.018199634823308884e+03
1.005724936643209503e+03
1.013636771299384236e+03
1.008125928355857127e+03
1.007560016344730002e+03
1.005410503452516650e+03
1.021254682127220804e+03
1.008879714709145674e+03
1.002515261667744198e+03
1.005956251762207103e+03
1.003087572564602965e+03
1.011209770322024497e+03
9.939787139929990190e+02
9.989538846440618727e+02
9.942923040599370097e+02
9.942330666690614862e+02
1.016000803839485116e+03
1.006663831275412576e+03
1.003532167688195500e+03
9.928179904902955286e+02
9.893329455717934025e+02
1.001961745792953820e+03
9.945568709134422534e+02
9.958664182478161138e+02
9.974098245118962041e+02
9.948415116149614050e+02
1.007352127389358884e+03
9.954898039558170240e+02
1.018831355772739698e+03
1.006996432674252219e+03
1.008944589697299762e+03
1.003628569016162032e+03
9.884052559185505515e+02
1.018422040248769690e+03
1.015169508029506460e+03
9.970592020967779945e+02
1.005014073641392542e+03
1.020857565525905102e+03
9.937438509945415035e+02
1.011490804672820559e+03
1.010444359552847231e+03
1.005189172526320817e+03
9.963076468640597341e+02
1.002144670693216995e+03
1.018613598046957350e+03
1.014966466913217346e+03
1.006153371619072118e+03
9.842540399190224889e+02
9.971380810732857753e+02
1.002671096092302605e+03
1.022806131153204774e+03
1.015997343497098086e+03
1.007739970457614845e+03
1.003291464724208140e+03
1.022840909765199740e+03
1.016876444955138595e+03
1.002561077930985448e+03
1.006666809568629105e+03
1.014645788552469526e+03
1.010394704908509652e+03
1.018060956850502066e+03
1.004710076798075534e+03
9.977452636870484639e+02
1.011884491280077441e+03
1.017721700204192189e+03
1.009862179375183814e+03
9.926342055143799143e+02
1.010323377056195000e+03
1.017604331352655095e+03
1.009473188179936756e+03
1.002579696472862111e+03
1.014563210507892336e+03
1.011794689759623111e+03
1.009092275567874140e+03
1.002547110260197655e+03
1.005429775958335199e+03
1.013636225177145207e+03
1.012913978025856750e+03
1.003742433675221264e+03
9.972954085826561368e+02
1.004354172094487126e+03
1.009289012168018075e+03
1.008468709110531790e+03
1.010359855287269056e+03
1.011832714173350269e+03
1.030042281309567670e+03
1.028593120283854205e+03
1.038622317388269721e+03
1.016276595910485412e+03
9.987389172163807416e+02
1.013261880319482316e+03
1.007323604580128517e+03
1.009817897237846296e+03
1.025229035114691669e+03
1.013728801578987031e+03
1.011140214811081023e+03
1.009270581161425753e+03
1.008513685474854810e+03
1.022655006403903826e+03
1.006612380569155675e+03
1.009053158793576813e+03
1.001058569420193407e+03
1.013406043754656821e+03
1.017448385331568943e+03
1.004311168067575863e+03
1.020748833075227935e+03
1.006370054521904876e+03
1.023831485414211670e+03
1.009481480511572158e+03
1.016470208603510173e+03
1.024079922290646891e+03
1.021573915813674148e+03
1.019165304194275564e+03
1.024922035727430966e+03
1.026456572942326375e+03
1.016732208550696555e+03
1.023225297528116926e+03
1.011038741203856716e+03
1.013561136582636095e+03
1.030019053622605270e+03
1.024704143996082848e+03
1.019246270878845280e+03
1.034249666059541596e+03
1.016512902287866154e+03
1.018815293681256549e+03
1.026690698882770448e+03
1.022864244773401992e+03
1.022963570040268792e+03
1.019183821094030463e+03
1.008272551859939767e+03
1.020903793051030448e+03
1.026235933761073738e+03
1.026846827904806560e+03
1.020722464677675816e+03
1.022928360973384201e+03
1.024885607569633066e+03
1.018727523335707588e+03
1.029545210668587970e+03
1.022009416679158335e+03
1.012648115225206425e+03
1.006439383408214667e+03
1.024967017282779807e+03
1.026888351141559951e+03
1.025139064029471228e+03
1.021486678568171214e+03
1.019642013919566239e+03
1.015620826282172516e+03
1.026533902839237044e+03
1.014543849283723830e+03
1.004578461846822506e+03
1.022154987704287919e+03
1.026993627140665467e+03
1.019593535209848369e+03
1.022398347547548724e+03
1.025903755722351207e+03
1.019289111876728498e+03
1.018377250872362424e+03
1.024671144212021090e+03
1.023349319072393428e+03
1.008521576710269073e+03
1.018198744047568312e+03
1.021792215407265985e+03
1.006707580494148146e+03
1.010066352271383266e+03
1.025398472437068222e+03
1.022838302386421105e+03
1.013251290509794217e+03
1.021821707391898599e+03
1.027019296494937407e+03
1.029272204987173154e+03
1.026160055751445498e+03
1.038015927494402831e+03
1.029827122118343368e+03
9.997460319196759428e+02
1.029729718486694537e+03
1.034208633354122412e+03
1.018218672140988701e+03
1.013939793305169701e+03
1.026177502074105178e+03
1.022301737023696774e+03
1.038144431912711298e+03
1.045611824334157745e+03
1.018352999528848841e+03
1.020253741663422147e+03
1.027932117411607351e+03
1.020152433081415438e+03
1.020863880832684231e+03
1.023703948614032356e+03
1.040412879506842273e+03
1.030186860219512710e+03
1.037193546876785604e+03
1.019744601216177330e+03
1.040371287933190160e+03
1.013546174340584912e+03
1.027323868973294339e+03
1.009436769476049108e+03
1.001153223449092138e+03
1.011900901071495582e+03
1.014148596803374176e+03
1.033932137310830058e+03
1.015540561484167824e+03
1.028799564476479418e+03
1.032136025232922520e+03
1.019207937816972390e+03
1.035514552001418679e+03
1.029333878238646548e+03
1.016120398807374499e+03
1.029514302379384162e+03
1.032152495917064698e+03
1.026986624599479455e+03
1.032386037392662047e+03
1.033102142042292371e+03
1.021740220656240467e+03
1.034507808221461801e+03
1.039236291603590871e+03
1.027592422327433496e+03
1.029733565418892113e+03
1.031249612140229601e+03
1.023570474412995736e+03
1.026478701429228522e+03
1.022405184476412728e+03
1.035924438933917600e+03
1.027895349769982886e+03
1.035677222137293938e+03
1.043382984308737377e+03
1.022089819314947249e+03
1.029180527591304326e+03
1.034309359124610864e+03
1.018392943991536981e+03
1.037757518365341639e+03
1.027539695257258245e+03
1.038697252034858138e+03
1.039776904244971320e+03
1.044151746127374281e+03
1.009564859471703812e+03
1.036433537480596215e+03
1.012360278576727751e+03
1.031249263727593188e+03
1.030495745236353741e+03
1.046136688272250012e+03
1.037278026044966964e+03
1.023814550697088862e+03
1.036962431496060162e+03
1.053330949932073963e+03
1.034157500707007785e+03
1.039586055849007153e+03
1.027261472762346557e+03
1.027897124087541215e+03
1.022786393286462385e+03
1.038738281399789230e+03
1.036307808904929971e+03
1.029238925372494123e+03
1.027883393005404969e+03
1.054640464027177813e+03
1.043487346276603830e+03
1.043592245089285825e+03
1.031619276152430075e+03
1.042619938613220938e+03
1.045620029659682586e+03
1.049850824968568986e+03
1.033426330951152295e+03
1.034736571133239977e+03
1.025180734642751077e+03
1.029247127166769587e+03
1.024415808239326907e+03
1.039381486033506235e+03
1.024872381318734597e+03
1.026499783022316706e+03
1.029688853492988756e+03
1.048830031244523980e+03
1.036673941784673616e+03
1.028696078484653299e+03
1.035166248159775250e+03
1.018639366963598832e+03
1.025146230773174238e+03
1.026675295876694463e+03
1.052510520984229970e+03
1.034645950582809519e+03
1.042049104570719692e+03
1.041658256408421948e+03
1.031759691997994196e+03
1.035505949600058102e+03
1.027150914308270330e+03
1.025685489503763165e+03
1.032719012019137608e+03
1.024026071842340571e+03
1.039310737292959857e+03
1.032738539111433511e+03
1.028468706883176765e+03
1.046130593595163646e+03
1.042070756525960405e+03
1.046737697055905301e+03
1.035689518551878564e+03
1.025595069628795045e+03
1.043727994780540712e+03
1.043219446729615356e+03
1.039565590922743695e+03
1.037606465575885295e+03
1.047072762978362562e+03
1.052386289488262037e+03
1.053049013833590607e+03
1.041949056018637066e+03
1.040019447616242587e+03
1.034532740422329198e+03
1.046050369321255857e+03
1.051063850287817559e+03
1.038747059565110931e+03
1.047960298135801168e+03
1.045374714059993948e+03
1.034780608891534484e+03
1.030992979324074668e+03
1.037035920800582062e+03
1.042101592387289202e+03
1.041904198211068660e+03
1.040200996983850928e+03
1.044703454656244503e+03
1.045841442908930276e+03
1.060429875495916804e+03
1.032826145653686808e+03
1.048953471430748095e+03
1.034857475212968666e+03
1.041083117300067670e+03
1.047330931244746353e+03
1.028714114313089567e+03
1.050386429841586505e+03
1.028178955057896701e+03
1.048439093017261939e+03
1.054794895748103499e+03
1.053079493030572166e+03
1.055854887068977177e+03
1.047381340135266328e+03
1.055833576130904703e+03
1.027206140854884779e+03
1.028785057282985008e+03
1.043565531409942878e+03
1.055571791734042108e+03
1.040989121537316578e+03
1.039789393897800664e+03
1.039937053403922164e+03
1.042086355889006882e+03
1.027989868488007914e+03
1.041029922494090670e+03
1.056275348400397206e+03
1.054731922044131807e+03
1.043909508290931626e+03
1.042410891925416536e+03
1.037649420585092230e+03
1.038515914216364308e+03
1.023341436742546648e+03
1.035622815228766285e+03
1.045894382948618386e+03
1.047907781470833697e+03
1.041138898890865903e+03
1.042787401374690035e+03
1.055858344446180809e+03
1.043232581725548471e+03
1.051719772052266535e+03
1.040386232439523155e+03
1.040257941603911604e+03
1.040764606574580057e+03
1.045118148322527759e+03
1.053654097820606466e+03
1.046856889823010988e+03
1.055764304023654176e+03
1.033298112604082462e+03
1.050846315192800830e+03
1.050425713027452275e+03
1.050880766691760755e+03
1.064708783801557502e+03
1.043523918564951373e+03
1.046660679642513514e+03
1.046094713032621939e+03
1.050753276342651361e+03
1.052254855197884808e+03
1.045684992835950879e+03
1.040983964251028283e+03
1.030889764072698881e+03
1.032200658569212692e+03
1.061422602263270392e+03
1.045969754191516586e+03
1.048301906651598301e+03
1.056043427442950588e+03
1.058765993995069493e+03
1.046403964713649202e+03
1.039406941596283104e+03
1.049247281436567619e+03
1.046797141393731636e+03
1.071988674395438238e+03
1.036446415865564859e+03
1.034408537460271873e+03
1.052771940532234112e+03
1.053931297284115089e+03
1.048374701596699879e+03
1.043334785066319455e+03
1.066966052205190181e+03
1.055092165962609897e+03
1.047446463224806848e+03
1.051586384109249593e+03
1.052880379104427675e+03
1.053859575586310939e+03
1.047051521056669117e+03
1.057798555388464365e+03
1.048556533287596494e+03
1.058649463130249615e+03
1.053415843670024515e+03
1.047077625666502172e+03
1.052583615681589436e+03
1.060198573427258907e+03
1.040778022737500351e+03
1.041534231739558209e+03
1.042757104591942380e+03
1.037300107648356061e+03
1.051563374891805097e+03
1.062404639729413702e+03
1.051296965710768291e+03
1.051086911327984581e+03
1.060809280943669137e+03
1.050008707700121022e+03
1.058999413082122373e+03
1.041565921458301318e+03
1.046761528055138569e+03
1.055333944195339654e+03
1.046375008490675782e+03
1.054968215073926785e+03
1.051886389864358989e+03
1.060749760448387178e+03
1.065779917717833086e+03
1.039735200570965844e+03
1.054604023459070049e+03
1.047405530944306292e+03
1.061350265596724057e+03
1.052296480087573400e+03
1.059917755481492122e+03
1.044100212090076411e+03
1.052283237112160805e+03
1.062321724863469399e+03
1.061667378322096056e+03
1.056509065741824543e+03
1.045136233478131089e+03
1.039182899202605768e+03
1.063236289897483630e+03
1.040415527920052682e+03
1.055057325556135538e+03
1.058426887650706703e+03
1.059722354699218386e+03
1.045165933758406482e+03
1.066656243885542381e+03
1.045500764552154124e+03
1.061996680057755839e+03
1.050917919622624595e+03
1.044166058235700348e+03
1.048233867458425721e+03
1.056491166499120027e+03
1.068586057277461123e+03
1.041973854506859425e+03
1.060281957970188387e+03
1.068755505353487706e+03
1.058433266762073572e+03
1.056200724791505309e+03
1.085815097274050913e+03
1.071500486612002533e+03
1.068471057111291884e+03
1.053188836816914318e+03
1.056104516609143730e+03
1.064214841578601636e+03
1.039405545326387255e+03
1.048836506496569427e+03
1.063560214433387955e+03
1.061654914821714783e+03
1.043838581837406082e+03
1.046867792566172739e+03
1.070386595959775605e+03
1.074414193433331548e+03
1.062937473913639224e+03
1.067600490675385799e+03
1.075148122239956820e+03
1.049405250661535774e+03
1.075660302949544757e+03
1.052972594186193419e+03
1.050238678202917072e+03
1.063871805297121682e+03
1.059631308148486823e+03
1.067325666388775744e+03
1.057064729183745612e+03
1.071943382498850497e+03
1.053351802270923599e+03
1.051324603994710969e+03
1.056912838045162289e+03
1.085055017125646373e+03
1.071874271902866212e+03
1.076913505787094891e+03
1.060491979890845414e+03
1.058302103946422449e+03
1.054920722577373226e+03
1.066115764565750851e+03
1.059000264536430450e+03
1.059773915023348991e+03
1.061851321507887860e+03
1.056896128399955160e+03
1.067293267886346257e+03
1.068210630118217750e+03
1.055734034876828673e+03
1.047091870831405004e+03
1.050348584714878825e+03
1.058476139429281830e+03
1.063264033517116786e+03
1.057895729338207502e+03
1.071037813013191226e+03
1.067199994129808601e+03
1.058691665391650304e+03
1.072133437342791012e+03
1.056160919846513025e+03
1.071404716239101617e+03
1.073697715831416872e+03
1.077411051085448435e+03
1.078883016531482781e+03
1.074081299413331863e+03
1.061091959386224971e+03
1.068902238370564191e+03
1.071531282661971773e+03
1.047613273225988451e+03
1.053735803667537766e+03
1.054510209538512754e+03
1.072725960055096948e+03
1.057290322193622615e+03
1.064125183897925808e+03
1.058266784408229796e+03
1.062206759904879618e+03
1.055924253414894565e+03
1.070756823010732205e+03
1.057548385816601694e+03
1.061573273955639252e+03
1.060286103421223970e+03
1.070500492535410558e+03
1.071622063087972037e+03
1.041745763051127369e+03
1.057409582785052635e+03
1.052268581621469139e+03
1.071020202192790293e+03
1.052089656340710235e+03
1.061633227526944438e+03
1.063481499852632169e+03
1.082499371106387571e+03
1.066510157691162703e+03
1.080154199036735008e+03
1.064050920748380577e+03
1.079925913801724391e+03
1.071595445108054037e+03
1.076825434541350660e+03
1.066107804058919555e+03
1.070659999138543071e+03
1.055019830459015566e+03
1.066164721617763917e+03
1.071608673921883565e+03
1.056855644326294168e+03
1.069800330385296775e+03
1.084196274217706105e+03
1.067457388555699936e+03
1.078564011744778554e+03
1.054915247967690902e+03
1.076029040718756050e+03
1.059556371368528062e+03
1.071318936811548838e+03
1.065374690294234597e+03
1.064707796190927866e+03
1.058989260281438192e+03
1.076684755079213346e+03
1.069365630899215830e+03
1.056214092668712510e+03
1.066066892092862872e+03
1.062963668084568098e+03
1.068337063214198679e+03
1.054694497237788028e+03
1.081663063845679062e+03
1.073328931551500773e+03
1.057379527059645625e+03
1.073502610438213196e+03
1.060653338228676148e+03
1.066607197870692744e+03
1.062682033241911995e+03
1.074268718025080716e+03
1.066213252406610309e+03
1.070359360125513149e+03
1.075754811155728021e+03
1.069610346734300037e+03
1.063457800244329519e+03
1.072027579920527160e+03
1.061477699881983426e+03
1.066587689528803367e+03
1.083692578858472189e+03
1.064518648224060826e+03
1.064687932295903693e+03
1.075227097182501893e+03
1.065011357684038330e+03
1.087779173246656910e+03
1.074125881893245605e+03
1.071006945110923652e+03
1.099519738071470783e+03
1.070446162654237469e+03
1.066691139371064992e+03
1.077975610221717034e+03
1.088841061219145331e+03
1.070241667129235566e+03
1.060767882344232021e+03
1.064256775292152270e+03
1.067580397495194802e+03
1.062482902084414718e+03
1.083082813788839076e+03
1.076456698257854441e+03
1.078280099351243507e+03
1.082526844549723819e+03
1.073677695797974820e+03
1.077977576587076783e+03
1.074914529549153713e+03
1.079667660596428732e+03
1.076350595041394854e+03
1.084468068797617661e+03
1.081880585520277691e+03
1.077191396408938999e+03
1.068498706222153032e+03
1.067541879021717250e+03
1.059764426464004828e+03
1.075972119892862338e+03
1.069160915241165185e+03
1.071946934450892968e+03
1.073057384193622056e+03
1.074488286948959058e+03
1.050605858979256027e+03
1.087590798238027674e+03
1.067933456206911615e+03
1.070599074580383785e+03
1.072488517202507410e+03
1.068906728459909573e+03
1.091131655506183733e+03
1.071997546291965591e+03
1.083092660375592459e+03
1.078815023330139184e+03
1.065052413940780298e+03
1.075332092288750573e+03
1.083326557431083756e+03
1.092708771876919855e+03
1.077973281506396233e+03
1.067089807519084161e+03
1.079691158056832137e+03
1.075675154021186700e+03
1.066642679666523009e+03
1.069915566526394286e+03
1.073459208268649036e+03
1.104868089528345536e+03
1.058182360803302572e+03
1.064631942241029719e+03
1.084480554284274831e+03
1.068629725777149133e+03
1.074234696472385167e+03
1.083236799509103776e+03
1.081639560118749387e+03
1.060019467052872642e+03
1.068131389081323960e+03
1.088217273083537748e+03
1.076839455254319319e+03
1.076944705146470596e+03
1.067201265867068969e+03
1.082810234777599817e+03
1.075424362188078021e+03
1.085911493377995384e+03
1.087259663736715538e+03
1.071266687070048420e+03
1.092630509643128335e+03
1.073858131418179255e+03
1.080276333141993518e+03
1.096567621212847371e+03
1.063458402710108430e+03
1.091255397867434795e+03
1.080217060546785888e+03
1.081921730484861655e+03
1.077393801240829589e+03
1.084734303984109829e+03
1.080618539599633095e+03
1.076821549169815626e+03
1.087603747299359839e+03
1.087666183077114283e+03
1.079846395807470799e+03
1.088288441219569449e+03
1.090293431334430124e+03
1.082883978829910347e+03
1.081206891931193013e+03
1.106005589337317133e+03
1.076315083289845688e+03
1.098234143058057043e+03
1.086449629260452184e+03
1.091098311539118640e+03
1.086725116206364874e+03
1.085300012547171946e+03
1.085422515472026362e+03
1.085791898772874220e+03
1.096348953241043091e+03
1.087809763196502445e+03
1.090042008145053842e+03
1.091301659557217818e+03
1.079615915673391328e+03
1.084350723137445129e+03
1.077042120368413634e+03
1.078296986787999685e+03
1.081270412854046072e+03
1.082472147525576702e+03
1.086402075891887307e+03
1.078419117725423121e+03
1.089117525334445872e+03
1.091697822032282602e+03
1.084373637335957937e+03
1.102644795929715883e+03
1.089361903559942448e+03
1.095438506658505503e+03
1.068543422965370155e+03
1.084611884952827040e+03
1.094535006755519134e+03
1.097939638820345408e+03
1.087696325533928984e+03
1.088149134472738297e+03
1.074002901629484768e+03
1.091562791241474315e+03
1.104236113730002444e+03
1.079373419512666487e+03
1.085162269927700663e+03
1.084743906887601270e+03
1.099038833990834519e+03
1.089000864954796725e+03
1.078331109868867088e+03
1.098224916562016688e+03
1.080389184300884153e+03
1.080854343894292242e+03
1.090579667573005054e+03
1.099475835862304848e+03
1.082629827476348737e+03
1.095448431586249626e+03
1.088558042880353923e+03
1.094180277443060959e+03
1.077078848389587165e+03
1.088874352527816882e+03
1.097806442732644882e+03
1.087903428813508754e+03
1.091561756056552440e+03
1.073936003700809579e+03
1.071951057755815327e+03
1.102862931816011042e+03
1.094304930441033548e+03
1.089962376723333819e+03
1.095038031577026686e+03
1.084098899960400558e+03
1.082745612824360705e+03
1.085652575724478993e+03
1.091911151151002741e+03
1.089538579319579185e+03
1.085917553625101391e+03
1.072718266874132723e+03
1.101976983275658313e+03
1.102472613524862254e+03
1.081987886171528316e+03
1.102992967289701710e+03
1.097156394103174534e+03
1.096118785042353466e+03
1.085771842519223128e+03
1.085482120722947457e+03
1.100151171281419693e+03
1.098246303256194551e+03
1.086960471709124704e+03
1.080261834009594850e+03
1.100404027348954514e+03
1.087645892758830314e+03
1.087669655939364702e+03
1.091768261351321598e+03
1.092445185134568874e+03
1.085077703183726044e+03
1.090569022118272414e+03
1.093734796228526420e+03
1.095965435030062736e+03
1.093907400918925759e+03
1.099064347808613320e+03
1.085407808836491540e+03
1.082722217273700835e+03
1.069045998794314301e+03
1.106772101199243934e+03
1.100111333059411209e+03
1.092572675242160130e+03
1.086884694240984572e+03
1.090783442317853769e+03
1.095819505388198650e+03
1.098870499041024459e+03
1.100222719870144374e+03
1.075760060356302347e+03
1.103555192014920294e+03
1.082711886840634861e+03
1.097533020206383526e+03
1.096235284699749627e+03
1.105095955012711102e+03
1.112522100664921027e+03
1.092046034173686621e+03
1.098679387199888879e+03
1.093619715869164111e+03
1.079649833132958520e+03
1.085013610241079959e+03
1.085072895062976386e+03
1.081805178221139386e+03
1.097731733675634132e+03
1.091891609764037412e+03
1.087546934987132090e+03
1.114937156401297671e+03
1.100047521652583782e+03
1.100689845483796489e+03
1.099508656957363655e+03
1.092256551776870310e+03
1.095009397611805525e+03
1.095807105030781713e+03
1.097074064305881166e+03
1.096940811809172601e+03
1.101040249858768902e+03
1.095753180059931765e+03
1.114497554873403942e+03
1.107316853614905995e+03
1.103881411247554752e+03
1.100407995760704807e+03
1.103262049471206410e+03
1.105767156222306767e+03
1.085281572509570196e+03
1.091912324806921788e+03
1.103885950021388908e+03
1.104370918781520459e+03
1.103349407177399371e+03
1.082285109123270558e+03
1.093141117150740683e+03
1.081346713884720430e+03
1.104529413457154305e+03
1.115004636227640503e+03
1.103811556499584185e+03
1.091258433982972065e+03
1.117234233771094978e+03
1.101140982800248821e+03
1.082793652424070387e+03
1.099456264199796351e+03
1.103717363352609482e+03
1.096523723828845959e+03
1.095470706831486950e+03
1.099977213155254276e+03
1.100515945080293704e+03
1.094151254474310235e+03
1.089760600677754155e+03
1.104237308558286031e+03
1.095040039991053618e+03
1.084743134559308828e+03
1.083209858519801855e+03
1.092570221721097141e+03
1.097172001978230128e+03
1.114483451053763474e+03
1.084766021480871359e+03
1.100937090464622543e+03
1.097285792999238765e+03
1.107005904881310016e+03
1.093517765821507282e+03
1.109656088117484614e+03
1.100556041118100438e+03
1.099649583904162455e+03
1.088463099494126027e+03
1.080446845301312351e+03
1.102247429153293069e+03
1.106545660570531936e+03
1.098668457054141754e+03
1.110223522299839942e+03
1.099667111159210890e+03
1.115304751217236117e+03
1.104360871409767924e+03
1.107670009512023626e+03
1.105660538408805223e+03
1.109264941501620797e+03
1.096348165869560262e+03
1.093464898339597994e+03
1.119135043531797692e+03
1.112280708786774539e+03
1.093346034518467832e+03
1.109123880724660012e+03
1.101672605438200435e+03
1.117362447518655244e+03
1.093659920924098287e+03
1.100516776710176600e+03
1.087616699639534090e+03
1.113146728281345986e+03
1.100086069731285079e+03
1.100521893076123433e+03
1.116207365901241019e+03
1.096692842096619870e+03
1.094074744142592863e+03
1.106979135952211891e+03
1.096211802559280386e+03
1.093059546083272380e+03
1.113859112148138365e+03
1.098309702343635536e+03
1.111510528464336858e+03
1.100040226693470231e+03
1.100527108322786034e+03
1.095049327707362863e+03
1.113508450178020439e+03
1.102606645119617951e+03
1.109749552844089976e+03
1.106005564037894146e+03
1.116127450515569763e+03
1.115938192067813588e+03
1.119604362585441777e+03
1.111109044515973210e+03
1.115637626289690388e+03
1.106052793272248209e+03
1.085948744095717984e+03
1.106091930115751211e+03
1.106852958274275807e+03
1.109654485337648794e+03
1.095002032154671042e+03
1.109047023054804868e+03
1.099186933483421626e+03
1.103916664099539048e+03
1.112616620789432318e+03
1.099276579121843042e+03
1.103872349945637325e+03
1.121261731528712062e+03
1.095959272648242631e+03
1.126388473761512614e+03
1.114928736425630177e+03
1.114042666560174894e+03
1.109183691600691191e+03
1.113529439965589972e+03
1.115811467315073742e+03
1.103866149046146120e+03
1.105257905278179578e+03
1.119008718534417085e+03
1.102414848628250638e+03
1.108858257056225511e+03
1.111184945504053076e+03
1.116155498643379588e+03
1.101573986249429936e+03
1.110781831361381364e+03
1.121753207580211892e+03
1.115306081993973294e+03
1.093616091771828906e+03
1.116484947365731387e+03
1.098434520552753384e+03
1.117774550614903774e+03
1.123747199049387518e+03
1.111476405862859110e+03
1.116083188451318165e+03
1.115283350666931710e+03
1.102222584024081698e+03
1.126802578575277494e+03
1.102924931310275497e+03
1.103231537367273404e+03
1.100207927961191444e+03
1.105790609821843645e+03
1.111070037895935684e+03
1.107844043038227028e+03
1.129274044551141969e+03
1.119358925070142504e+03
1.129737183040266473e+03
1.103141345262369214e+03
1.118863711766817687e+03
1.116104241106207382e+03
1.103544035431432121e+03
1.102932611973136773e+03
1.114427466750977601e+03
1.120099802538747099e+03
1.124730999605884563e+03
1.115971402755246345e+03
1.106981424598923695e+03
1.121086090166862732e+03
1.129964028325943673e+03
1.112305555764661221e+03
1.118713657439488998e+03
1.101650658280397465e+03
1.106891390628125009e+03
1.122060567524620183e+03
1.107278005225437937e+03
1.112616178254272654e+03
1.115224843691367823e+03
1.110977671345770887e+03
1.109153986573857992e+03
1.116244989329253485e+03
1.117665867220032169e+03
1.118754290412499586e+03
1.123296261781996691e+03
1.104686378159733977e+03
1.108334451421723998e+03
1.114639201434802317e+03
1.110447099641917475e+03
1.106847336915981714e+03
1.103218235047559801e+03
1.114621183830188784e+03
1.111575543334302210e+03
1.108884371424399660e+03
1.104615314341797557e+03
1.121522481770712375e+03
1.117871290422208858e+03
1.131569319081336744e+03
1.093481310712894356e+03
1.109474506346386079e+03
1.102665676479036847e+03
1.117270296898219385e+03
1.111074126683169652e+03
1.110660311829488364e+03
1.098996600179112420e+03
1.108635167724502708e+03
1.106001727799302216e+03
1.108183867339736480e+03
1.102664945164465962e+03
1.104368633102722242e+03
1.109077229445205376e+03
1.115964780405025977e+03
1.135287361845257465e+03
1.115448591327574604e+03
1.114005271343211689e+03
1.115623819041808474e+03
1.100006010002365656e+03
1.113233728323150444e+03
1.099912117204530659e+03
1.117699777324094612e+03
1.115875826232913141e+03
1.101334285876259628e+03
1.111259185329672619e+03
1.100295838856538239e+03
1.121179365038352444e+03
1.123238267390374403e+03
1.118455122592945827e+03
1.104377364026943496e+03
1.115364841876275705e+03
1.116223504400299362e+03
1.109089520431247365e+03
1.119382406353365695e+03
1.112869000105753003e+03
1.115395900991911958e+03
1.123280166458166150e+03
1.109841293756698406e+03
1.119072813089470174e+03
1.110248328066883687e+03
1.122469070064094467e+03
1.104834467120336058e+03
1.137517286454946088e+03
1.103328160972442902e+03
1.116501747821234176e+03
1.110436914694678308e+03
1.087491757569841639e+03
1.110721707478371400e+03
1.110781881433483704e+03
1.120618861023063118e+03
1.133498567662756841e+03
1.111649696975754296e+03
1.120587424314691361e+03
1.124631596250516395e+03
1.128697432355996625e+03
1.119666585375819068e+03
1.124256613497595936e+03
1.116611153337574933e+03
1.121776212282595225e+03
1.124578065085737080e+03
1.118005896037615685e+03
1.114764585347557841e+03
1.125054323089170111e+03
1.101734469745958677e+03
1.115669135036748685e+03
1.114071889052359666e+03
1.139693953304468323e+03
1.119922150454623534e+03
1.120880415839812031e+03
1.122093111952658319e+03
1.130706402039529166e+03
1.119740973752210948e+03
1.108014362307846113e+03
1.117053828977073863e+03
1.118108865606620839e+03
1.116567016726125985e+03
1.118672190087872423e+03
1.133356158278348175e+03
1.131719045368261732e+03
1.110281137445476588e+03
1.115247907203472778e+03
1.110183048494011018e+03
1.130506234054849756e+03
1.120037095296094549e+03
1.110171185520938025e+03
1.117747290676712510e+03
1.125084836450291277e+03
1.123830030710835217e+03
1.128117106478070582e+03
1.110846040853248951e+03
1.120637216614089766e+03
1.126245033316394256e+03
1.122696546765168250e+03
1.123763320416752549e+03
1.123889274522581445e+03
1.118406200086618128e+03
1.128941657732598742e+03
1.125533927661622556e+03
1.128328674715025045e+03
1.119137774293276152e+03
1.111492007035109964e+03
1.122105207114506811e+03
1.122368615071180784e+03
1.120597633408151523e+03
1.121284741854613230e+03
1.122379485584455097e+03
1.124164937642481846e+03
1.131514748930842643e+03
1.127736376574976703e+03
1.130745959844207619e+03
1.130675422491923428e+03
1.131594434529809860e+03
1.129719265182269737e+03
1.144927282109337057e+03
1.136680452641794318e+03
1.140101738345693548e+03
1.108972652177882537e+03
1.132187600368641142e+03
1.144069250088938134e+03
1.111077844282395517e+03
1.132204320625513446e+03
1.124778000907960632e+03
1.132388908851097312e+03
1.117312067361062645e+03
1.137952774621251592e+03
1.117914292600060662e+03
1.114197007260268037e+03
1.122232140879803410e+03
1.111719172440882403e+03
1.134803975622919324e+03
1.123841730075988607e+03
1.129321192299611994e+03
1.126456104429123570e+03
1.138806340324291341e+03
1.127793961064609903e+03
1.138710154695269466e+03
1.130266285733580617e+03
1.136291406125414142e+03
1.120179498299761235e+03
1.114311291321918361e+03
1.125563374374365367e+03
1.137497447735812557e+03
1.121428072669886888e+03
1.129417332024135249e+03
1.118813777093843782e+03
1.137398455206611061e+03
1.132936441598338661e+03
1.132846802558798800e+03
1.152099050566768710e+03
1.124028876312017474e+03
1.124260709433771126e+03
1.121003768486389617e+03
1.121805672913863418e+03
1.125707124289346666e+03
1.126778358938246129e+03
1.124723703980938808e+03
1.126056775844139793e+03
1.136602370459375607e+03
1.147726125159669664e+03
1.121797194748622132e+03
1.137360002966648835e+03
1.135569991339737044e+03
1.138344199919252333e+03
1.114474209522098135e+03
1.125509281841610573e+03
1.116862392836808795e+03
1.132921078414373596e+03
1.131202999277052413e+03
1.137730670339298285e+03
1.131885283472036463e+03
1.121728950665826005e+03
1.138259153904269851e+03
1.134987835133039198e+03
1.131223098177860493e+03
1.130649542153698121e+03
1.129118121470515462e+03
1.148267878790731856e+03
1.142475186238478500e+03
1.122872488489887019e+03
1.136407153167008801e+03
1.130013445883952045e+03
1.129048987006649895e+03
1.124239017376791480e+03
1.130856787231013413e+03
1.128607061797590404e+03
1.128412346322483472e+03
1.130380521542282622e+03
1.118624212495403981e+03
1.131827999169222721e+03
1.124858708081907253e+03
1.122082833232431540e+03
1.114421651387484872e+03
1.136962845943412958e+03
1.138948111578512453e+03
1.148087435472968991e+03
1.124831533447629909e+03
1.137969710993399303e+03
1.129535786609187653e+03
1.131337848292539547e+03
1.125301883878291164e+03
1.118858311159389814e+03
1.106373447683853101e+03
1.119992709723419011e+03
1.117474099275976414e+03
1.135293453045897195e+03
1.140046714543731014e+03
1.135015775128908217e+03
1.113970851239532294e+03
1.143898588113634787e+03
1.147956505553003808e+03
1.144203726807478915e+03
1.150775658646002057e+03
1.127580504546960810e+03
1.142061920637896492e+03
1.136230731951969346e+03
1.130232510957663635e+03
1.142763024488793917e+03
1.130073090350845405e+03
1.151985799813973472e+03
1.128072021258918312e+03
1.126503070339007081e+03
1.142863983975591509e+03
1.135081975588989508e+03
1.130001680466943753e+03
1.133462633644564676e+03
1.136998534686656058e+03
1.144298043258748294e+03
1.134662446990181706e+03
1.153655649485499907e+03
1.134504748317884832e+03
1.129657220246996985e+03
1.132069382591274689e+03
1.138305051558086461e+03
1.126690975601307855e+03
1.147535442413076908e+03
1.130795992200231694e+03
1.136171047545693455e+03
1.150723205344304006e+03
1.131861200559890676e+03
1.126304929607446866e+03
1.148226933664129319e+03
1.132950481660170681e+03
1.146095906315128332e+03
1.141526837132094897e+03
1.142070683224338836e+03
1.131649674660970732e+03
1.143345198658486652e+03
1.134985369250159920e+03
1.141536751239498017e+03
1.145713920768846492e+03
1.140382124400923431e+03
1.143073614724384697e+03
1.146366121062174898e+03
1.139002647502233231e+03
1.131511312946620819e+03
1.151958014430763342e+03
1.118169735627316186e+03
1.144523385905402847e+03
1.141525177943437029e+03
1.142032382566086881e+03
1.133617805224070480e+03
1.143313271607700472e+03
1.154866418832332556e+03
1.145114326195352078e+03
1.151474063763147797e+03
1.139838002416293193e+03
1.135129572841298568e+03
1.145669380826577935e+03
1.145000052430550568e+03
1.122688718600539687e+03
1.138634014667328984e+03
1.138488089260596553e+03
1.138948268422671845e+03
1.146439208525426466e+03
1.143915840762466132e+03
1.148722770086264518e+03
1.158518939844261467e+03
1.150337652523891393e+03
1.129372635351951658e+03
1.135900750046951089e+03
1.155256327352447443e+03
1.142158519697419706e+03
1.135904744143884955e+03
1.146443049276768306e+03
1.142348231462930471e+03
1.127196328769797901e+03
1.155009532067159398e+03
1.138063714540256342e+03
1.137662780089970965e+03
1.135220094423327964e+03
1.138944251968585831e+03
1.140297597691437659e+03
1.134766802953080742e+03
1.144261842994685821e+03
1.140021885767326694e+03
1.142230546228796356e+03
1.134793354075758543e+03
1.135786088027459527e+03
1.145945060952034055e+03
1.144706016626533710e+03
1.143786454685549415e+03
1.138217643369666803e+03
1.153425635022385450e+03
1.148798856818283639e+03
1.138096505809025757e+03
1.143218792676483417e+03
1.154064739375725139e+03
1.150913977746393130e+03
1.144985311482588259e+03
1.147077844713868217e+03
1.152305367217954426e+03
1.147843701263534058e+03
1.146576951361104420e+03
1.139043450758264953e+03
1.138904422275483057e+03
1.124611337964138102e+03
1.151300418057312299e+03
1.150964845284210924e+03
1.164276484445205369e+03
1.138027501368561843e+03
1.141531866185067429e+03
1.156778008447486627e+03
1.145494347775321785e+03
1.147344022683666481e+03
1.131608294237471000e+03
1.141650777684749301e+03
1.138890688499003545e+03
1.144733687095419100e+03
1.133379991120268414e+03
1.159198044839177101e+03
1.152347617309149427e+03
1.152835799354527580e+03
1.146670450772319555e+03
1.130157804271783334e+03
1.146576759162094959e+03
1.136208977466735178e+03
1.142797348516381817e+03
1.140851854099854563e+03
1.165406842956794662e+03
1.141431346661117232e+03
1.134598367343761538e+03
1.135092549938413640e+03
1.158295990861425480e+03
1.143024053628335423e+03
1.153532425712853865e+03
1.144795013718840892e+03
1.158027346731842727e+03
1.153523462886868174e+03
1.141814168693563715e+03
1.132825716314540841e+03
1.138694780317254299e+03
1.146815035468843007e+03
1.145813476816360662e+03
1.144573376332157750e+03
1.141782783373617804e+03
1.148861809292212229e+03
1.143384161539967408e+03
1.139581018617148629e+03
1.153919650873127239e+03
1.140079851599281255e+03
1.147051579656033482e+03
1.128168386262474996e+03
1.136152662445717851e+03
1.150250210606044675e+03
1.149824973267475343e+03
1.154999012394278679e+03
1.150377195579468207e+03
1.150005366852514044e+03
1.144051870205334808e+03
1.146433035841944957e+03
1.147351223311221247e+03
1.163999135701295700e+03
1.141149352227202371e+03
1.146795656493394290e+03
1.136081373247043075e+03
1.135646959692753398e+03
1.139104595273805216e+03
1.145941421867514691e+03
1.134040951216572921e+03
1.146664919448475757e+03
1.160332994116759892e+03
1.156312307514859185e+03
1.145252319368161352e+03
1.143115668575646396e+03
1.139936659147623686e+03
1.144726317178532554e+03
1.137539937192055049e+03
1.140772937341164834e+03
1.141137586096661607e+03
1.138515620825150336e+03
1.165892077059799703e+03
1.153393372977097442e+03
1.156506416603137723e+03
1.151797640202201819e+03
1.151880446206091392e+03
1.151606495344495215e+03
1.152676877194806366e+03
1.147919104316516496e+03
1.155140699443009225e+03
1.155552736130695394e+03
1.155785686642064320e+03
1.152399491308947518e+03
1.143149210670031380e+03
1.154747394358065776e+03
1.158485133771820301e+03
1.141664028390405292e+03
1.154459513265016312e+03
1.139680389073477727e+03
1.161608441098042931e+03
1.144196572469358671e+03
1.148967313840700399e+03
1.161744027917048925e+03
1.172265897046852388e+03
1.136067985938533866e+03
1.160426980884685918e+03
1.149959589295794331e+03
1.149071624805575084e+03
1.162585519863869422e+03
1.145440751720813296e+03
1.153575685572598331e+03
1.141036746039540503e+03
1.135847186770742383e+03
1.146975023452535424e+03
1.158113680535116373e+03
1.148164189871165263e+03
1.167824976304356824e+03
1.159117628942088459e+03
1.137597837352904662e+03
1.150431795104216235e+03
1.133208945204344218e+03
1.152603873945718533e+03
1.152055467638048640e+03
1.154142033198148056e+03
1.160753252788968894e+03
1.160818449020640401e+03
1.152596309140053563e+03
1.144881525988971589e+03
1.152681448213038493e+03
1.146392840548064896e+03
1.148270708115417847e+03
1.174043406971037030e+03
1.170300581253125074e+03
1.168862012654704586e+03
1.154627138712375654e+03
1.142971543500979806e+03
1.156089191270889842e+03
1.159759994530233826e+03
1.161743231131431230e+03
1.153732453222252161e+03
1.159287937552706353e+03
1.148101185255863811e+03
1.152720256370931111e+03
1.160518924098050775e+03
1.146512948821395184e+03
1.143688102254591286e+03
1.156937024223548860e+03
1.160530465780499981e+03
1.150802462334471784e+03
1.156702620998538123e+03
1.151960335070000610e+03
1.165818017040929135e+03
1.158755413139668462e+03
1.154617813022957307e+03
1.148297440073476992e+03
1.157658532777678374e+03
1.153709732358153815e+03
1.142555922405057345e+03
1.159879620220850711e+03
1.152880859436071660e+03
1.154954116707486037e+03
1.155351775101491512e+03
1.177682880670714894e+03
1.147401321165759555e+03
1.173979137654113629e+03
1.156203291128645105e+03
1.158922730054929616e+03
1.164811450514990611e+03
1.155939599268689335e+03
1.144988296454432657e+03
1.163828971614851525e+03
1.151141065821898110e+03
1.170909271858904503e+03
1.161286605812007792e+03
1.156301409024632449e+03
1.143876133081128273e+03
1.168746025218551722e+03
1.149335161978066708e+03
1.160331673509261464e+03
1.156642731249872895e+03
1.153108899845140058e+03
1.149953563206399394e+03
1.169882507697976280e+03
1.150920457115757472e+03
1.146116701616289674e+03
1.154135127919156730e+03
1.146094566667077061e+03
1.145907496034968972e+03
1.169724784638083293e+03
1.154478223958716399e+03
1.152233975351579829e+03
1.148440240643804145e+03
1.147930653126817106e+03
1.144983962168031667e+03
1.153318159425794875e+03
1.155999997609441152e+03
1.159201893071423001e+03
1.171402225599238818e+03
1.159125190030444628e+03
1.152480845500164378e+03
1.154962024886646986e+03
1.166623808854659501e+03
1.152633539013140080e+03
1.147548838920829212e+03
1.166222510814816815e+03
1.160293609098237539e+03
1.163549435962053394e+03
1.176392639772435814e+03
1.159058865819575658e+03
1.161333255390659133e+03
1.176151832614385967e+03
1.152963659997342802e+03
1.159288114317507961e+03
1.159653888467430079e+03
1.159714375152720550e+03
1.146090032363988030e+03
1.160981380176862785e+03
1.169772429748298009e+03
1.166173379518167849e+03
1.157479444633154117e+03
1.168164800896099678e+03
1.144954905043715144e+03
1.172560360649074255e+03
1.168499657603330206e+03
1.157993755770308780e+03
1.145641588209737620e+03
1.166798137922190563e+03
1.166769856133169014e+03
1.158966025843158150e+03
1.157423438273474858e+03
1.165468282005016135e+03
1.147759237498594302e+03
1.162443637011852616e+03
1.158348876547159989e+03
1.162139455451645517e+03
1.159675870847644774e+03
1.165229836756138184e+03
1.156955708374272035e+03
1.184069474500088972e+03
1.158967900032327179e+03
1.160027382486799979e+03
1.169224588335315957e+03
1.155285374751478230e+03
1.160659235044901834e+03
1.165926107965992742e+03
1.148969226285604009e+03
1.162867956378935332e+03
1.159260439027412531e+03
1.152964311422601440e+03
1.161000021549342136e+03
1.175976125822708127e+03
1.142999527139850898e+03
1.184980821052349938e+03
1.180454823740500160e+03
1.151002207443900033e+03
1.158332482908712564e+03
1.157956415464743941e+03
1.150836688649586904e+03
1.159779416875518564e+03
1.173192887222007357e+03
1.158713028407210459e+03
1.165730460929825085e+03
1.162028785620291274e+03
1.157518197231482645e+03
1.150242572612026834e+03
1.166588242949035021e+03
1.155113323057544449e+03
1.160089070997867111e+03
1.166124321289376212e+03
1.159137961885016011e+03
1.157989338423047002e+03
1.162196748004199662e+03
1.161121264908758803e+03
1.163686248770439306e+03
1.175904530487352986e+03
1.160851729814435430e+03
1.164404476094470738e+03
1.162478457910758152e+03
1.175988898844364485e+03
1.164394841816913640e+03
1.168562969003723083e+03
1.162453555859092603e+03
1.175191769175009540e+03
1.172226596057269944e+03
1.164979289257475102e+03
1.153034083006950596e+03
1.154173839651555454e+03
1.146766481562074659e+03
1.152330813664372045e+03
1.178215642310061867e+03
1.178245123903344620e+03
1.166360390957990376e+03
1.161875245754275056e+03
1.160364429389920815e+03
1.158822572841765350e+03
1.159302964076854778e+03
1.176025524159156021e+03
1.172669044568689969e+03
1.160115412756110572e+03
1.164065652703118076e+03
1.157836838290684454e+03
1.159505374206690931e+03
1.160791799721641382e+03
1.169984168319517721e+03
1.165694621737934540e+03
1.172435545075157279e+03
1.159649477933127400e+03
1.156898826220513229e+03
1.157772367025411313e+03
1.161511550756676570e+03
1.168402992050677540e+03
1.154651519015837493e+03
1.177446824293509280e+03
1.174695686306625248e+03
1.168724670744538344e+03
1.155769262801545437e+03
1.167739745616326218e+03
1.156316003109551502e+03
1.148168484676130902e+03
1.180299256180853263e+03
1.149114085531385626e+03
1.157467710480958431e+03
1.155475457452737601e+03
1.155701827055778722e+03
1.181953422053866916e+03
1.169950415782347363e+03
1.178098939224351852e+03
1.177404631259063081e+03
1.171594366769423686e+03
1.174983958207165870e+03
1.162583477485788762e+03
1.164264365869752964e+03
1.155092746878212438e+03
1.176955560239987790e+03
1.173198433173280137e+03
1.166584318791114129e+03
1.155560389122145352e+03
1.176639396576438230e+03
1.148563796989821640e+03
1.156406871062649998e+03
1.157631457804752927e+03
1.165699539006579471e+03
1.165632050851076656e+03
1.164281161353921107e+03
1.154714915754905633e+03
1.165314403344990296e+03
1.168047447095758798e+03
1.153835599250665382e+03
1.175138139144567958e+03
1.167240658210691890e+03
1.169374944152480111e+03
1.168700574995044462e+03
1.165028024268474155e+03
1.179898979535123772e+03
1.174689715863728679e+03
1.178588768107303167e+03
1.167890414766911590e+03
1.160961548469852005e+03
1.164048436094870112e+03
1.176241796297005521e+03
1.159184966253865923e+03
1.188915915381589912e+03
1.174153812332911684e+03
1.168263100869718755e+03
1.173707668452470671e+03
1.177820821167355689e+03
1.178396328477355837e+03
1.168299898563085890e+03
1.184483823377310273e+03
1.166450423415867135e+03
1.165239489936152268e+03
1.181474595626320024e+03
1.163857279204220504e+03
1.162592337547330089e+03
1.166414811076315573e+03
1.176823897060615536e+03
1.170389371756650917e+03
1.166762629150298380e+03
1.170917540341663425e+03
1.159496586167462283e+03
1.167647586812346617e+03
1.164895893637834661e+03
1.171952787281011524e+03
1.166149953847716233e+03
1.170991031671152768e+03
1.168764787599219517e+03
1.169316329924221236e+03
1.166037768074610085e+03
1.152597356765955965e+03
1.173717135017223654e+03
1.159993029377573748e+03
1.188138328944566410e+03
1.178586222851175535e+03
1.170115340876607888e+03
1.156180823329349323e+03
1.182463443322502371e+03
1.163729611646920148e+03
1.153808157634727650e+03
1.171039826093470992e+03
1.172289506804015218e+03
1.172361011893042814e+03
1.174414675277634842e+03
1.170063295299349875e+03
1.171515704922810073e+03
1.175819707804052314e+03
1.163856342635388728e+03
1.183555765118400132e+03
1.159966889274646974e+03
1.154426902782955722e+03
1.161988727011158517e+03
1.179433346441484673e+03
1.170952968339400968e+03
1.162924839789320231e+03
1.191711814939786336e+03
1.168486661286040771e+03
1.174963623445590429e+03
1.173592893088656183e+03
1.170188089979049664e+03
1.177028746734320521e+03
1.176228000910631863e+03
1.166023883704031959e+03
1.158784000605107622e+03
1.165849859278749136e+03
1.156111682579516355e+03
1.161761836605483268e+03
1.168397856805630681e+03
1.168807867083352221e+03
1.172395180891365271e+03
1.165534751079748958e+03
1.161574573745406724e+03
1.176999509558675982e+03
1.184452678818581035e+03
1.172201732980461429e+03
1.159377291286273930e+03
1.168526874464521597e+03
1.180950451329294310e+03
1.164527601057859783e+03
1.182465512732801471e+03
1.173056223820551622e+03
1.174531092489055027e+03
1.165172549092400914e+03
1.186001237542399622e+03
1.175300289729725137e+03
1.184704970789274512e+03
1.177086591559124827e+03
1.165939125059094749e+03
1.172697976058837639e+03
1.165937554509835081e+03
1.178238184399753663e+03
1.185164094523611993e+03
1.160058286584157258e+03
1.179751669234932479e+03
1.175990862287846312e+03
1.171160670448903375e+03
1.183633772560880288e+03
1.152844089470998370e+03
1.165917292540772451e+03
1.161353790471742741e+03
1.175611186209572907e+03
1.173485693158947242e+03
1.189999163851753792e+03
1.183892583236021210e+03
1.176361360703430591e+03
1.174375703979743548e+03
1.189115224587568946e+03
1.161103273829194904e+03
1.175445674564470437e+03
1.178262157677784899e+03
1.187003541768463947e+03
1.191145924917484081e+03
1.182255240929975116e+03
1.167147371356476015e+03
1.168172970777933870e+03
1.170571220078994884e+03
1.173713674606120321e+03
1.174830543103806349e+03
1.187096078326652332e+03
1.155300665800841443e+03
1.174281405074127861e+03
1.159482575733161184e+03
1.173087157054837462e+03
1.177825391534903247e+03
1.178712574551946091e+03
1.170569325321141832e+03
1.166655520597326131e+03
1.156884161379537318e+03
1.170393980929175996e+03
1.185916309208766961e+03
1.165778910132376950e+03
1.184849310451931387e+03
1.182304380590992878e+03
1.165407757671519903e+03
1.174115158632536350e+03
1.179615236491754786e+03
1.182420644249791167e+03
1.181840412638558973e+03
1.176300238164422808e+03
1.187991580841377527e+03
1.175920366915029490e+03
1.179230026703441581e+03
1.186659248311627152e+03
1.167785763956051369e+03
1.182863190425645371e+03
1.178575239641261987e+03
1.165009342606161681e+03
1.179917670204054048e+03
1.189738407692286955e+03
1.181904401016306110e+03
1.181751473505052445e+03
1.171487173607134991e+03
1.178843465222294753e+03
1.177112526950067831e+03
1.166715729021872221e+03
1.164159414613821809e+03
1.176781476787608426e+03
1.184306799900643909e+03
1.175049858307430895e+03
1.180818650169402645e+03
1.166924902712600669e+03
1.172714534076618975e+03
1.173937623540698041e+03
1.173932470035236747e+03
1.184769515170646628e+03
1.168362922935596771e+03
1.188650891811939118e+03
1.165585568961431136e+03
1.171653094914599251e+03
1.172625251798928502e+03
1.172129261468071036e+03
1.161388775650088746e+03
1.172274183436287103e+03
1.169600968797994938e+03
1.161101105960719451e+03
1.175441748464041211e+03
1.180125788329373563e+03
1.180976708859421024e+03
1.178009052068305436e+03
1.173539276549159240e+03
1.176113895469563886e+03
1.161058552855986818e+03
1.171428531150692606e+03
1.159282247861513497e+03
1.181000961327765708e+03
1.161818430766081065e+03
1.170482907863845867e+03
1.179616331979234019e+03
1.165715267584675303e+03
1.179476488899628293e+03
1.176250124500731772e+03
1.156985518712143858e+03
1.175076190108325591e+03
1.182528029046581878e+03
1.177184584663400301e+03
1.162167857215906224e+03
1.182927101601945878e+03
1.175555696033595495e+03
1.178018496076989095e+03
1.164137406440764607e+03
1.180667366880014924e+03
1.174684807515879811e+03
1.160357487863860115e+03
1.167666685436222451e+03
1.172917551361813366e+03
1.182649146793136651e+03
1.187580032572245045e+03
1.180154397537664408e+03
1.173710856370243164e+03
1.166437580484537193e+03
1.174605878096233710e+03
1.177249887033340428e+03
1.180867301097646305e+03
1.172503856935549948e+03
1.180479010261029543e+03
1.176807970886422254e+03
1.186909646440063852e+03
1.182424465655099766e+03
1.191271622967688018e+03
1.165897542298738472e+03
1.173331600664831285e+03
1.164413614033103386e+03
1.171065262534310705e+03
1.179226685727603808e+03
1.172740732978078540e+03
1.169789402833814393e+03
1.184813040974185014e+03
1.177588811317260706e+03
1.182339442654077629e+03
1.177886426457580910e+03
1.155219100354324837e+03
1.167167917875586681e+03
1.172052470478762871e+03
1.172184383239370845e+03
1.191566327151990436e+03
1.177986853931763790e+03
1.170599847562371224e+03
1.172221365463896291e+03
1.184275986818533966e+03
1.171812341348418386e+03
1.170092769284810856e+03
1.172921619507556670e+03
1.180942568664115470e+03
1.179546771364354072e+03
1.161908843429684339e+03
1.160159333767717044e+03
1.183527039426598776e+03
1.188488376423394811e+03
1.181000945705517552e+03
1.166266886455742451e+03
1.168700860433230218e+03
1.184690395349733535e+03
1.175929696759525768e+03
1.170410053098268236e+03
1.178698812341478742e+03
1.174177768012358001e+03
1.172083824483257558e+03
1.179265554732291093e+03
1.172812699680538572e+03
1.187477685611258948e+03
1.185201298202055568e+03
1.152530572094462741e+03
1.163295261352734315e+03
1.187767408745823104e+03
1.168145186692047446e+03
1.172323100063026232e+03
1.157905520720938512e+03
1.172816225184523546e+03
1.178059961324526284e+03
1.168444895027590974e+03
1.187713271306575052e+03
1.171139626239317067e+03
1.196510196645596352e+03
1.169303275892017837e+03
1.178158275177023370e+03
1.174150907634469149e+03
1.176998909813882847e+03
1.171966193353296831e+03
1.187746505421672964e+03
1.174692707503449128e+03
1.174619022281999833e+03
1.178255792102903342e+03
1.177837532577311322e+03
1.182557174099134500e+03
1.180247539390651355e+03
1.170193222020034000e+03
1.176710187730574035e+03
1.185785582292380241e+03
1.189516163701695405e+03
1.195273300296199295e+03
1.186849684735539313e+03
1.181426628144474762e+03
1.195701811542033511e+03
1.173817328554794130e+03
1.185175795967542399e+03
1.185882004230714983e+03
1.179579074972339640e+03
1.194559249375231275e+03
1.173696626345595405e+03
1.167510443789753253e+03
1.176273475342420852e+03
1.171139058729310364e+03
1.194100847044782086e+03
1.179968191995908683e+03
1.195867466380340829e+03
1.198828077077642092e+03
1.176170532609837210e+03
1.169971558546536471e+03
1.181071807014664955e+03
1.170003297219855767e+03
1.191138005957001042e+03
1.181879751532039791e+03
1.192897397631392323e+03
1.173838525743140963e+03
1.174852026645901788e+03
1.170991981516657233e+03
1.171706700027633588e+03
1.188403074626848820e+03
1.172948557242326160e+03
1.197326040500788395e+03
1.170985661709134092e+03
1.183640500488717635e+03
1.174560652343888933e+03
1.195767135716849680e+03
1.165894095101843959e+03
1.164466104145333020e+03
1.168244306176027294e+03
1.174929309131583523e+03
1.186673817048103274e+03
1.170388964518368539e+03
1.177574365737607195e+03
1.178282403381546828e+03
1.182219531572795631e+03
1.173513983327801952e+03
1.179155137834406105e+03
1.175564082364572187e+03
1.189565173777324389e+03
1.180094925053959059e+03
1.167145658215319600e+03
1.172427098114400678e+03
1.190606008136595619e+03
1.185779599426783534e+03
1.195272687756640607e+03
1.176813693273559238e+03
1.176676229033741492e+03
1.176048457590920862e+03
1.173438713494913827e+03
1.187426962806321171e+03
1.177953151451871008e+03
1.174321545320214454e+03
1.170133192913657012e+03
1.175535362670098493e+03
1.163807000431589358e+03
1.173325064683796427e+03
1.198252473646679391e+03
1.177865189479211267e+03
1.174534528579246398e+03
1.179971626394812802e+03
1.173705574899484418e+03
1.165131234745454094e+03
1.172591115456320267e+03
1.181206548617625458e+03
1.173933421590542821e+03
1.176768724827910773e+03
1.191110288877352559e+03
1.182597960949844946e+03
1.170788099131273839e+03
1.181305701313726559e+03
1.172106256309107266e+03
1.187519065753181621e+03
1.169974125801391665e+03
1.180691627784998445e+03
1.179821240416187493e+03
1.190250027738395374e+03
1.181679698347114936e+03
1.184910857207049503e+03
1.176503272306483268e+03
1.177600495960593435e+03
1.176633119433577349e+03
1.176519233708755110e+03
1.177349608827507836e+03
1.179607870103116511e+03
1.180093800265273103e+03
1.183722689728151863e+03
1.179235133620486067e+03
1.169899964662219645e+03
1.175969407698785290e+03
1.184165238073642968e+03
1.181631183309058315e+03
1.193397287835195129e+03
1.197027331733930168e+03
1.179553911212797857e+03
1.174815685458475400e+03
1.191036988837122863e+03
1.183067538060644438e+03
1.172970853822376966e+03
1.169918581323430772e+03
1.170727736481252805e+03
1.174971518785378294e+03
1.194642621400615326e+03
1.161323696864089925e+03
1.178872934342236249e+03
1.178318015977226196e+03
1.173449725721937284e+03
1.162600140785144731e+03
1.176450987839389654e+03
1.187628959589203077e+03
1.182729006151075737e+03
1.168881320204735403e+03
1.179291854977678668e+03
1.174280572733802956e+03
1.184207092622128357e+03
1.171563131311115740e+03
1.189476192402945571e+03
1.187678656436726214e+03
1.185725720695571454e+03
1.192941111533776848e+03
1.172715327281156306e+03
1.200168015277197583e+03
1.174848157739301769e+03
1.185948933580631319e+03
1.179083125107954629e+03
1.182063167901977067e+03
1.183817237574495721e+03
1.174164304375992742e+03
1.177596116300287122e+03
1.186616164155427214e+03
1.165321935944672759e+03
1.173599543036188152e+03
1.181519229197558616e+03
1.187820700086923580e+03
1.189832688536939486e+03
1.170143005627296816e+03
1.190833548297409607e+03
1.170138768351376029e+03
1.174215459995015181e+03
1.164837166313418265e+03
1.189029324766496757e+03
1.169219267816229376e+03
1.183436499991242954e+03
1.163448542449534671e+03
1.177672760179813849e+03
1.172319247132451892e+03
1.183051292604503715e+03
1.180227866382322190e+03
1.168507729220530109e+03
1.172363220139995747e+03
1.190933520944338852e+03
1.173191403398554939e+03
1.189491548297190775e+03
1.176685469523099528e+03
1.165677464770914185e+03
1.170139048187799744e+03
1.190914803347138559e+03
1.197005700853028884e+03
1.184565493788095409e+03
1.170824483650938191e+03
1.165586517216974471e+03
1.172000680436743096e+03
1.177924529998795606e+03
1.174384068929747627e+03
1.180035831171380096e+03
1.175042985506029936e+03
1.173389993696169995e+03
1.171258884503869922e+03
1.188247861204680703e+03
1.184479024927999035e+03
1.166149510170092526e+03
1.174392470066372880e+03
1.173849742250068402e+03
1.170675189829207511e+03
1.176458267333463937e+03
1.174482423595341743e+03
1.175997492282081339e+03
1.159502757598239668e+03
1.160142861767018303e+03
1.170206778868378478e+03
1.168409508556393121e+03
1.188850650989837732e+03
1.165193278225810673e+03
1.183180467137803817e+03
1.177843605275023947e+03
1.184950831381168882e+03
1.192253035337239453e+03
1.181174266484589225e+03
1.179024861254781172e+03
1.163895631591774190e+03
1.185716151980830318e+03
1.180354332140613678e+03
1.167273108960569289e+03
1.158946300810772527e+03
1.172636577092493781e+03
1.176830220663701084e+03
1.170644836116208353e+03
1.175767197333881541e+03
1.179134734132921722e+03
1.173048210307981435e+03
1.185848771447738500e+03
1.175554964436108321e+03
1.166225611744455819e+03
1.177798956556664507e+03
1.172422104258902664e+03
1.178242859905184559e+03
1.168991109836058058e+03
1.176394018908114504e+03
1.181612519298639654e+03
1.170958774017813312e+03
1.183377133771842182e+03
1.180218705532154218e+03
1.168183981794890542e+03
1.176150264764942904e+03
1.158039856954371317e+03
1.180140478629088648e+03
1.182452256208142444e+03
1.162849523546233058e+03
1.185391542117842619e+03
1.172695770296084902e+03
1.160401772680008889e+03
1.180938541299250346e+03
1.171830775272149822e+03
1.167678719640150348e+03
1.181781898595743769e+03
1.185434251770294622e+03
1.188647532709030202e+03
1.186851796818938965e+03
1.166661591320658090e+03
1.165428758351838951e+03
1.189040614898260628e+03
1.176605069856616183e+03
1.183477563580194555e+03
1.172532658277978726e+03
1.184913684027190811e+03
1.175609890300849202e+03
1.177387575258971765e+03
1.175951769868586325e+03
1.182135481571990113e+03
1.167735511224110041e+03
1.168278136934219447e+03
1.171984808537619074e+03
1.187756387046603095e+03
1.197717011806966866e+03
1.184644781988823752e+03
1.183275699676340537e+03
1.175050984681356795e+03
1.172634857182965789e+03
1.180944709805680759e+03
1.179313522993933475e+03
1.158705316284290802e+03
1.170096303780687322e+03
1.175450862287869313e+03
1.179255507159320587e+03
1.175374418339061094e+03
1.166396635888127776e+03
1.174668780794240774e+03
1.199830338302899463e+03
1.182404342097449899e+03
1.183507871812473923e+03
1.178430515243295531e+03
1.157882524896217319e+03
1.169652542052409444e+03
1.163926667800480573e+03
1.164454731189051245e+03
1.182049300106437386e+03
1.173030408322091489e+03
1.187272719415446772e+03
1.167423922724903605e+03
1.171212611373659456e+03
1.174463771206936372e+03
1.180125031109972497e+03
1.177360363127237179e+03
1.154275126687331067e+03
1.175483923893922338e+03
1.177101720631801300e+03
1.172439389712897082e+03
1.173417081204793476e+03
1.177464225706583875e+03
1.168952711544373869e+03
1.180660831199324548e+03
1.170956549266071079e+03
1.168361157240662806e+03
1.157592881838167386e+03
1.176322532102082732e+03
1.181469684769514288e+03
1.184530890212828808e+03
1.176527890606536630e+03
1.179468408412077679e+03
1.180483614419220203e+03
1.170750551607438183e+03
1.172419001678796121e+03
1.191724582573207499e+03
1.175581547302002718e+03
1.177958607804755957e+03
1.179569791750798231e+03
1.166694862312372834e+03
1.179250005546798548e+03
1.177262155563807937e+03
1.177959864347468283e+03
1.178178018007575247e+03
1.178028558508164906e+03
1.172060177880746323e+03
1.180546667058620869e+03
1.176460867893621071e+03
1.166796566969089781e+03
1.173765196658328477e+03
1.163410441992088636e+03
1.180309724155440335e+03
1.157302201300082288e+03
1.173506541662269910e+03
1.189595455349982331e+03
1.170543598022842161e+03
1.152984694657677665e+03
1.170786245118284114e+03
1.179407216088610767e+03
1.161268285322207021e+03
1.180258647775987129e+03
1.168847198938415204e+03
1.169914427602419437e+03
1.167720895287343410e+03
1.170581964222819124e+03
1.179527912382984368e+03
1.171689012123081056e+03
1.168533977923864768e+03
1.171425823039766783e+03
1.172530105035967608e+03
1.179229768945488104e+03
1.169869518864890324e+03
1.175807437456871639e+03
1.192451408054656667e+03
1.179198196996847855e+03
1.161705904013050940e+03
1.169884587120240212e+03
1.163825768532532265e+03
1.165518124633164462e+03
1.181890705985160366e+03
1.181608820058967694e+03
1.178786040485046215e+03
1.165306121707635384e+03
1.167505693408746538e+03
1.162770650385332146e+03
1.177822503427315951e+03
1.174052905272642647e+03
1.175244300117519742e+03
1.186911397518096464e+03
1.180390119303871415e+03
1.178105185957532967e+03
1.165859416570835037e+03
1.170998448705413466e+03
1.182883348165343932e+03
1.164867058354401706e+03
1.170854583330093647e+03
1.159216981813486882e+03
1.173265460442583390e+03
1.154909103229968196e+03
1.168443585669162985e+03
1.162696403890857255e+03
1.170808453453453012e+03
1.178857793832016114e+03
1.166285845486169137e+03
1.161504377438365282e+03
1.163003767104863982e+03
1.170914930615603907e+03
1.178808199188101298e+03
1.159136446986752389e+03
1.164620114955578856e+03
1.169040189784558606e+03
1.168712000678006689e+03
1.187556102583539314e+03
1.164260885583330264e+03
1.175425917639371846e+03
1.152558229047896475e+03
1.165566333710405388e+03
1.142773936606843336e+03
1.175814784788582301e+03
1.158975735425908852e+03
1.172032098036607067e+03
1.172440157272456645e+03
1.179583962704615260e+03
1.169939505939214769e+03
1.177117787764830155e+03
1.181874531012422494e+03
1.166677371470280377e+03
1.174276137701794141e+03
1.169307605099939565e+03
1.158900878779809091e+03
1.169112368757506147e+03
1.178536420595665732e+03
1.169949068307620792e+03
1.166004794117199708e+03
1.167159343901156035e+03
1.171426584166287057e+03
1.180987556848946724e+03
1.170827914896063021e+03
1.180830702668795766e+03
1.159860834480359699e+03
1.163755836406907520e+03
1.168444165849986803e+03
1.177213189989054854e+03
1.157475689248467688e+03
1.169851052883010880e+03
1.169432831555854591e+03
1.173567982185900746e+03
1.172014467666879909e+03
1.178410108769583530e+03
1.151325178033746852e+03
1.165592960269969581e+03
1.162607710552199023e+03
1.162924767849198133e+03
1.161302131251564560e+03
1.152540226138556136e+03
1.163694542868710187e+03
1.164092670018593935e+03
1.182367502574585615e+03
1.172772957919609098e+03
1.168736697146943925e+03
1.165533708255658212e+03
1.165536970737541651e+03
1.167081847289685356e+03
1.163774820460301726e+03
1.163403255120475706e+03
1.174423805703589323e+03
1.166190784864513034e+03
1.161249071122718533e+03
1.173072547887425571e+03
1.163314531399204270e+03
1.184445382372180575e+03
1.161018752748814222e+03
1.162656486458693962e+03
1.167248609765795436e+03
1.175893961454146847e+03
1.152701964855679535e+03
1.158374513155433306e+03
1.168444640549828364e+03
1.164714431593124345e+03
1.165036297778082371e+03
1.168204788050946490e+03
1.165862320368432165e+03
1.151760337808526856e+03
1.167703526042816748e+03
1.168139231860018299e+03
1.157341567408672518e+03
1.168195273882045058e+03
1.162972886888489484e+03
1.153105819134211742e+03
1.160301390517053051e+03
1.151913234575678416e+03
1.189266004037411449e+03
1.181519177968268423e+03
1.162964512464740892e+03
1.185343385656978626e+03
1.156472727874031762e+03
1.179853899852073255e+03
1.165842075203771401e+03
1.153295635201796131e+03
1.150799606448174018e+03
1.173829511487572518e+03
1.154054005738645401e+03
1.148657071394901777e+03
1.159196647416782980e+03
1.159987694872288557e+03
1.161795677230391448e+03
1.159154501649607482e+03
1.156473612755030445e+03
1.160991078060373411e+03
1.147055059897528963e+03
1.163032311252792397e+03
1.164235535460281199e+03
1.156127049530859267e+03
1.155492898565713631e+03
1.150380658250787064e+03
1.156983143289998225e+03
1.161684945929875767e+03
1.170477225932052534e+03
1.160487420887727922e+03
1.170309157949029668e+03
1.172525927045667686e+03
1.162960978272097236e+03
1.165822043804800387e+03
1.156302680746932310e+03
1.161506884314391527e+03
1.140115477500828774e+03
1.164786682441846324e+03
1.173979687352468773e+03
1.148738263083648690e+03
1.168930689436075909e+03
1.160740830509573925e+03
1.168250251748483834e+03
1.149990510677932434e+03
1.149732214431571265e+03
1.160819376091388222e+03
1.162262520646409712e+03
1.166632529887769351e+03
1.165366233174232320e+03
1.152796818071044072e+03
1.160670448105410060e+03
1.146599870867843720e+03
1.165203772772382308e+03
1.156362281563489205e+03
1.169252842288819465e+03
1.167766487618884412e+03
1.150707126074126109e+03
1.152225975827061575e+03
1.153434037344818535e+03
1.172494121082112542e+03
1.151566459437340427e+03
1.173027993911238354e+03
1.154042361459746417e+03
1.148035693268054047e+03
1.159221423661174867e+03
1.138320177289170488e+03
1.148416092332704238e+03
1.150267296225851396e+03
1.155836815433808624e+03
1.144634312185337194e+03
1.133195548872470908e+03
1.163666953797218184e+03
1.148664195369840854e+03
1.152496112840941805e+03
1.149446905333229324e+03
1.151725677424480864e+03
1.176736670968240105e+03
1.157142362416996093e+03
1.150175543571268463e+03
1.147377452446867437e+03
1.171144372305426259e+03
1.171485319826043224e+03
1.163611098597794580e+03
1.144171619098478686e+03
1.146353605236505473e+03
1.144364635504279477e+03
1.162930181538295528e+03
1.141513994954851796e+03
1.142323712747946274e+03
1.136115413856222858e+03
1.136040804433918311e+03
1.163838330535793375e+03
1.142626139656100577e+03
1.160103230133120178e+03
1.149468961264727341e+03
1.147788881984609134e+03
1.138094104056322067e+03
1.164814865065913409e+03
1.149581529675354432e+03
1.153419323731826580e+03
1.153367174281060215e+03
1.145628682258146455e+03
1.171175179897742964e+03
1.167881997959491400e+03
1.146307724383899313e+03
1.151094459926892569e+03
1.154280528991252140e+03
1.161348964220504740e+03
1.153665179289514754e+03
1.147687236292914349e+03
1.164563412702509822e+03
1.156789304599211846e+03
1.151596362634046500e+03
1.151975574326482501e+03
1.153352702638250094e+03
1.143272617928996397e+03
1.156553459946227349e+03
1.143626231791545706e+03
1.147854084024026633e+03
1.133779084651117273e+03
1.142556460567155000e+03
1.144499266421740685e+03
1.136314746736627285e+03
1.148915104179934815e+03
1.143311243527046599e+03
1.144009594806544783e+03
1.154246232748528200e+03
1.145054285917723973e+03
1.141974197096559692e+03
1.153353079615758588e+03
1.145096231791205128e+03
1.136745074269847692e+03
1.159071336450848548e+03
1.155048328697011584e+03
1.144544462184195027e+03
1.151607484047431171e+03
1.135975113923890603e+03
1.159611541503290937e+03
1.160247229741924457e+03
1.152835419276126913e+03
1.147699549395074200e+03
1.145128490603674436e+03
1.138514619258532548e+03
1.139431405752195133e+03
1.143547238878723192e+03
1.142438874376684680e+03
1.131710044134767713e+03
1.156786740109708489e+03
1.133891591059693383e+03
1.154691110237272596e+03
1.140327079255944454e+03
1.154349236773953407e+03
1.134542777013946534e+03
1.139930788664780948e+03
1.153157480147928709e+03
1.137015085426468204e+03
1.145133331661180364e+03
1.159558679865459226e+03
1.140764022294942606e+03
1.133900722711490971e+03
1.138356622814238335e+03
1.139664995450323659e+03
1.154472752651354767e+03
1.137336995428301179e+03
1.145270863270237669e+03
1.150996769485016557e+03
1.157703929031847565e+03
1.144701886528639307e+03
1.160357819255337063e+03
1.124873762245860689e+03
1.152921996985364103e+03
1.134388928622322283e+03
1.137240547909210363e+03
1.146025368281147166e+03
1.130960485608282625e+03
1.143699063604356297e+03
1.143487641185722623e+03
1.128460656610772048e+03
1.134796289301247498e+03
1.142026145188742703e+03
1.158268775738270278e+03
1.149910542479963851e+03
1.129709205565119419e+03
1.137855241922898813e+03
1.146958643812727132e+03
1.134968970935013203e+03
1.157036653593550227e+03
1.149791263798670343e+03
1.132226801246705463e+03
1.135813069794461626e+03
1.151921051439650682e+03
1.151862595799578003e+03
1.150345186365813788e+03
1.137231280795407201e+03
1.143796958860087443e+03
1.129433669222822118e+03
1.136430414778671775e+03
1.136672272664657385e+03
1.137031286122060919e+03
1.133340066513887905e+03
1.146409729465933879e+03
1.158145392339592263e+03
1.146617241553935628e+03
1.131241739283985453e+03
1.136847107615006053e+03
1.141258471858343682e+03
1.136553192854414419e+03
1.148803791600865452e+03
1.129849512330023117e+03
1.130842154338145065e+03
1.123637891012541786e+03
1.152286081043006561e+03
1.122433094498801211e+03
1.148727619416678181e+03
1.142553384500106631e+03
1.137874285320729314e+03
1.135552757254545895e+03
1.145928948543576780e+03
1.150998684944181150e+03
1.128731493549539209e+03
1.131734683999912249e+03
1.125284960743249940e+03
1.130362269582731642e+03
1.148849321658202598e+03
1.136200034307830492e+03
1.143577461736007763e+03
1.137913456198433551e+03
1.140379978369792298e+03
1.128998356087989123e+03
1.133361005777565651e+03
1.131384584383778019e+03
1.130708580334316594e+03
1.137354897456148365e+03
1.144406562673992312e+03
1.129919538214114255e+03
1.136971752639451097e+03
1.126502155998782200e+03
1.139455121759196800e+03
1.119828279382733399e+03
1.127512000917796058e+03
1.135102461890808399e+03
1.145458639482181752e+03
1.130077208549033003e+03
1.138586205116874453e+03
1.131001978869210689e+03
1.122393941777861983e+03
1.143092937940193224e+03
1.139306626840953868e+03
1.145321079404127431e+03
1.130948567341987200e+03
1.131589419574161184e+03
1.115167746248149570e+03
1.150327620584299893e+03
1.150697737430042935e+03
1.141668105138649253e+03
1.115594832032094018e+03
1.104898107695725002e+03
1.140558322215010548e+03
1.118645359070564155e+03
1.136282453632950819e+03
1.117647582995493394e+03
1.135948388345163039e+03
1.125050575319967038e+03
1.137894620468091489e+03
1.135015061888650280e+03
1.141698724648744701e+03
1.132576933860660347e+03
1.126541270563092439e+03
1.131438379316341297e+03
1.136492548192950608e+03
1.130182756591163297e+03
1.138805776834012704e+03
1.118069827531008286e+03
1.143609441684790227e+03
1.132636955801318663e+03
1.117963000734746174e+03
1.124977563683160952e+03
1.129153475863949325e+03
1.131597347390017376e+03
1.120825891069427826e+03
1.129508096708151015e+03
1.126618355334344187e+03
1.136789891664039715e+03
1.135811173532661542e+03
1.125927849673525316e+03
1.136755163991854033e+03
1.120506036284181619e+03
1.137531383366887667e+03
1.114962588976873121e+03
1.125137493935770863e+03
1.126684975902742281e+03
1.119768888980169322e+03
1.120696530929454639e+03
1.118142726595364593e+03
1.133848864548245274e+03
1.140407543525951269e+03
1.123985118476746266e+03
1.126200332147350764e+03
1.111268316168506317e+03
1.132961289464587935e+03
1.115513963807531582e+03
1.115002438190133944e+03
1.135154141293120801e+03
1.121495222161604943e+03
1.133189774942517033e+03
1.125103279782133995e+03
1.113736631080452980e+03
1.117074469632352930e+03
1.147202994644663249e+03
1.138049484725682760e+03
1.133427335970833610e+03
1.122832521529715450e+03
1.117905574907564642e+03
1.117744798251195562e+03
1.128981502679082951e+03
1.127676616184930026e+03
1.124496794291880178e+03
1.120987245868417631e+03
1.129813726407632430e+03
1.120672244148662912e+03
1.112055291235533332e+03
1.122776525970113653e+03
1.131265499144497426e+03
1.114465628463407256e+03
1.116240418919360309e+03
1.121344038454738438e+03
1.111017958222918878e+03
1.127050832744529089e+03
1.103954553165536936e+03
1.124486728742938340e+03
1.105581013226997129e+03
1.147645583778475611e+03
1.115247910779997483e+03
1.135602402328000380e+03
1.122891207544805184e+03
1.107374099080512678e+03
1.111674914464237190e+03
1.121251586447629279e+03
1.121105992173463846e+03
1.111280247709467176e+03
1.114444145937125768e+03
1.111042507278774337e+03
1.123966207474273915e+03
1.112645269645459393e+03
1.122406449140924678e+03
1.106046669334626131e+03
1.124327102744721060e+03
1.124931466519368314e+03
1.112259826251171717e+03
1.109287682254155925e+03
1.117887530584263004e+03
1.122725602348416714e+03
1.110859968242769810e+03
1.116407863925312540e+03
1.123583227729819782e+03
1.121701382273658737e+03
1.112573408839131162e+03
1.105045663442042724e+03
1.118194906323370788e+03
1.104191088962340473e+03
1.126055084440421297e+03
1.121058592440804659e+03
1.122741455595595426e+03
1.107094391488452857e+03
1.117663520413410424e+03
1.113319745221322364e+03
1.130171357259877368e+03
1.102758857208789777e+03
1.105837877191010193e+03
1.111184390776461669e+03
1.130503005467291359e+03
1.111133454243016104e+03
1.098876585385001363e+03
1.115608931191284910e+03
1.124275779699533814e+03
1.111337204179960509e+03
1.108657440337674416e+03
1.106212339283886422e+03
1.102785764943320828e+03
1.100176737452245561e+03
1.105376683689481752e+03
1.120294696419736283e+03
1.122964706175695483e+03
1.108999793840642496e+03
1.100270338017413451e+03
1.105142882296826883e+03
1.100822221169514478e+03
1.105037896133714185e+03
1.100413499945005469e+03
1.107538782996605960e+03
1.097931764248027321e+03
1.110136303261693229e+03
1.102094331320878609e+03
1.106314094582902726e+03
1.111232358065176868e+03
1.117791893000939126e+03
1.103863749331052304e+03
1.111878637984438456e+03
1.096768988620626487e+03
1.117980150418590028e+03
1.102177512060305617e+03
1.109610225125977649e+03
1.098551795898413275e+03
1.125865169416779963e+03
1.108744717739390808e+03
1.101791810024482857e+03
1.104412347730413330e+03
1.108142824985200605e+03
1.106262132428898894e+03
1.098247312556168708e+03
1.109521342385060507e+03
1.106774636886179223e+03
1.091601951463608202e+03
1.114024314153348541e+03
1.105898282726750722e+03
1.090232090350768885e+03
1.113103342576946943e+03
1.095444962843664598e+03
1.085216231044122651e+03
1.099981333053118533e+03
1.106054654246197060e+03
1.104613669101359847e+03
1.095403184942989355e+03
1.089872378425284069e+03
1.094044681076951747e+03
1.088990804475338336e+03
1.096275257731066631e+03
1.110550493612234050e+03
1.101750166400031048e+03
1.092119488800504541e+03
1.096211678214882113e+03
1.095687073503558850e+03
1.094779466982706026e+03
1.098506643435343676e+03
1.095948698677104630e+03
1.102314711456966052e+03
1.098482657473658492e+03
1.088772465245482863e+03
1.094151701803675905e+03
1.096572230094114957e+03
1.110690969786758842e+03
1.086998723138287914e+03
1.106640477678854950e+03
1.103096844672116731e+03
1.089010701468383104e+03
1.091366597125399267e+03
1.086499655864281976e+03
1.084512069824476157e+03
1.093094825310218994e+03
1.084757232791301703e+03
1.096813681814477832e+03
1.104116820389581108e+03
1.094712350722144947e+03
1.097507829599428760e+03
1.084676416748698784e+03
1.073145311567711815e+03
1.094320955360267817e+03
1.103226254557347374e+03
1.096340419629094868e+03
1.083317850658534553e+03
1.104254168675534402e+03
1.085814318166757857e+03
1.105999373486206878e+03
1.098114972387250646e+03
1.087912940601209812e+03
1.079602622544271071e+03
1.085313155466286844e+03
1.077756613605217581e+03
1.086454928836050613e+03
1.088624798197586870e+03
1.085451332098039302e+03
1.079131172322638122e+03
1.080070017682066918e+03
1.086970243297237857e+03
1.079449922065203282e+03
1.090991105694047064e+03
1.095525190609475430e+03
1.076445718935201739e+03
1.091219474276527535e+03
1.086780428857246534e+03
1.081740568568174922e+03
1.095616995643134715e+03
1.096496608215764809e+03
1.087314318828024852e+03
1.070317341861305977e+03
1.090754313188946753e+03
1.085878354583866667e+03
1.076942037388780363e+03
1.077456611900978487e+03
1.085730244186521759e+03
1.082553008266824236e+03
1.102391549726183712e+03
1.079501391163852986e+03
1.082030124755004181e+03
1.086126391153441091e+03
1.072999012724092154e+03
1.080811046480490404e+03
1.082361134959872516e+03
1.074403307495242871e+03
1.080732546854302200e+03
1.086797219000672385e+03
1.080681962417873365e+03
1.098067329929099515e+03
1.090675573911955780e+03
1.071839567864986293e+03
1.085877910654814514e+03
1.067834616744651839e+03
1.090405780476465452e+03
1.084138746559470064e+03
1.082443455374994301e+03
1.086682438206599045e+03
1.072632574752637765e+03
1.073704708057187872e+03
1.062757637788948614e+03
1.080013086300295754e+03
1.078858750389415945e+03
1.069981622460423978e+03
1.066716159481078876e+03
1.075832047761937247e+03
1.051612397749961701e+03
1.071934602098683399e+03
1.074464928065153799e+03
1.094681554646717359e+03
1.081674308048066678e+03
1.059971963939923398e+03
1.074945104930599427e+03
1.076982674584894539e+03
1.064127319753910569e+03
1.063941190335860483e+03
1.064968199433914151e+03
1.069141498069115187e+03
1.069472539413844515e+03
1.069258425635716549e+03
1.067949715473800097e+03
1.076406637595930533e+03
1.076408244886064040e+03
1.073564165413681167e+03
1.073135037625411996e+03
1.077849781449951251e+03
1.070559389614154043e+03
1.071570308908249672e+03
1.060946420542510850e+03
1.071969588557639554e+03
1.074875731459977942e+03
1.068078745056378693e+03
1.070101332113172020e+03
1.048793521610516336e+03
1.067072042514286295e+03
1.065661792215745436e+03
1.070926431767486065e+03
1.069590589556327132e+03
1.065010041340084626e+03
1.068803315245366775e+03
1.064202229845486499e+03
1.067938155615285268e+03
1.065976575342212755e+03
1.079078628854734916e+03
1.075366935954563587e+03
1.062017225117561338e+03
1.077978159951946964e+03
1.044543356578159546e+03
1.064168313130049228e+03
1.066771350624764864e+03
1.064451514439795346e+03
1.069604389501087098e+03
1.060439354018689301e+03
1.053620312980165181e+03
1.068151520877449229e+03
1.071766939235291147e+03
1.055658461042234194e+03
1.054335566762549888e+03
1.065151613035355467e+03
1.058394110224577389e+03
1.070396745201218891e+03
1.061726402447716055e+03
1.057542522740780896e+03
1.064179909971658390e+03
1.061705725690348345e+03
1.070131563867412524e+03
1.049170226836145503e+03
1.059853227521355620e+03
1.051918828299850929e+03
1.065246197079490230e+03
1.056238818689848358e+03
1.073187260791680274e+03
1.054417003003227592e+03
1.064280607962208478e+03
1.065111225992607160e+03
1.069105486467916080e+03
1.057503803225184811e+03
1.067031225479692921e+03
1.061021474952257677e+03
1.044254600269018283e+03
1.068217024400731361e+03
1.068488844262625889e+03
1.058287059896971641e+03
1.059349681918282840e+03
1.049719508089851843e+03
1.054617943493736220e+03
1.071546024276420667e+03
1.056495716504982738e+03
1.066517415872077436e+03
1.044051991820633930e+03
1.066407724532603197e+03
1.044570529655723249e+03
1.053284818654165747e+03
1.047285114951162086e+03
1.057348320595209088e+03
1.046588453635648420e+03
1.037333096638706820e+03
1.041176493389142706e+03
1.051331757800266359e+03
1.049371428722935434e+03
1.056145550225351599e+03
1.052884249128096826e+03
1.047467640929209665e+03
1.046871056058130762e+03
1.048650781072411064e+03
1.063896738062232998e+03
1.051443237232893125e+03
1.054893400033711259e+03
1.054725356206361312e+03
1.044410441274311552e+03
1.035251996714724100e+03
1.049056910563794418e+03
1.038309592808988100e+03
1.051505055368528929e+03
1.051752876021302427e+03
1.046521815041021455e+03
1.041234954226029686e+03
1.034335062673102584e+03
1.033290707511373512e+03
1.049218951704766823e+03
1.048768139090509521e+03
1.021406288011629044e+03
1.023953111036890277e+03
1.052098157545560071e+03
1.030660588945052041e+03
1.029130650098294154e+03
1.044981791444521377e+03
1.044341201564701123e+03
1.042599405789590037e+03
1.044948216404894765e+03
1.037625895702167782e+03
1.032155307152332853e+03
1.038425200113293386e+03
1.035803343945311781e+03
1.040898548393535975e+03
1.043776816966954584e+03
1.045762073910182608e+03
1.044222505587660862e+03
1.029044321795269070e+03
1.038320311570982767e+03
1.046957936397226376e+03
1.037044954671575624e+03
1.042850995034022162e+03
1.050208407158970203e+03
1.040752503480560790e+03
1.038428203302381007e+03
1.026350813508718375e+03
1.035194268178815264e+03
1.024966603537572155e+03
1.043952633622712483e+03
1.045604499845063629e+03
1.050151747568926567e+03
1.034411369415079207e+03
1.040036041836955519e+03
1.031157933679712414e+03
1.023767307940629053e+03
1.025943244602832465e+03
1.042182519549006656e+03
1.025484538116105568e+03
1.043202973061239391e+03
1.037961916412919663e+03
1.032167739128821722e+03
1.037355185117802648e+03
1.048571326624651647e+03
1.034188627323461560e+03
1.024105642015558260e+03
1.026501289760875807e+03
1.029312024947031432e+03
1.042955134250856645e+03
1.035345200785553516e+03
1.033825674368750242e+03
1.030326129490323638e+03
1.016981505383224885e+03
1.030384475620601961e+03
1.017168891134512819e+03
1.028103852307859825e+03
1.041595311973318758e+03
1.016265982301266490e+03
1.021128956629578511e+03
1.027398753163411129e+03
1.030809231580833512e+03
1.032825323234161033e+03
1.033677573757567643e+03
1.020112252456433680e+03
1.020622455395997349e+03
1.032106006040026841e+03
1.024783113078912947e+03
1.026391134730406520e+03
1.033153930389913739e+03
1.012517932623475986e+03
1.004932551371114187e+03
1.015844359779243177e+03
1.021630809723131392e+03
1.024946374198732883e+03
1.027975374926131053e+03
1.027316554485072174e+03
1.014072265490963559e+03
1.008987282201296921e+03
1.012916385730705656e+03
1.022392196648103777e+03
1.017761455717955641e+03
1.029005367112585191e+03
1.027846836225038714e+03
1.011569611531141959e+03
1.028595080335907369e+03
1.002376081600212274e+03
1.015039105793435965e+03
1.007491011713155331e+03
1.012840911310742740e+03
1.006946328130979850e+03
1.014632477722253725e+03
1.002126150280000843e+03
1.017458512810696675e+03
1.002184447526269992e+03
1.021849233847122264e+03
1.018607244862323455e+03
1.007668398167987789e+03
1.013103344932265259e+03
9.921103909960630745e+02
1.021051554941299514e+03
1.016582642613863300e+03
1.009454141816364881e+03
1.005414025295256010e+03
1.011958274278302724e+03
1.012447893235763672e+03
1.003796152175404472e+03
1.005177707910432332e+03
1.025436869670137867e+03
1.004592577241857953e+03
1.006993426046738591e+03
1.007852538156599849e+03
1.016308198244853884e+03
9.971701701638138502e+02
1.004985157785017464e+03
1.001189911770637309e+03
1.022186656588813662e+03
1.004180987788585981e+03
1.019335492802425506e+03
1.008336852746558520e+03
1.021979372083158296e+03
9.950977014071140729e+02
1.002977500118937996e+03
1.004162523077121932e+03
1.011189571841365591e+03
1.004001852622727256e+03
9.955475649878154627e+02
1.017923358736506884e+03
9.843853793161580370e+02
9.917386470869580535e+02
1.008541215214451540e+03
1.002558892001083223e+03
1.002777703650033800e+03
9.896847063257422406e+02
1.006231687204414811e+03
9.909020558053651939e+02
1.001518876944571275e+03
1.005710519432475849e+03
1.001851582519915723e+03
9.932974876726531193e+02
1.000212317178863827e+03
1.009753421389219397e+03
9.990825237804808694e+02
1.010433661816275048e+03
9.907216422981534834e+02
9.886805138498617680e+02
9.772127499047355741e+02
1.002180596924530278e+03
1.008973868265036799e+03
9.985704841100265412e+02
1.013167866433735981e+03
9.951253318569231396e+02
1.002809397309448741e+03
9.901519479500047964e+02
9.935366789992391432e+02
1.010739496824812022e+03
9.974953960400953292e+02
9.910373878299517401e+02
9.975674601957731511e+02
9.804116481515786745e+02
9.953706809605246235e+02
1.009467185403734334e+03
9.790274691134166005e+02
9.947843225067940693e+02
9.876284509355143655e+02
9.969457043714716065e+02
9.848178744698387845e+02
1.014861980683845104e+03
9.862962249072252234e+02
9.798908200712579628e+02
1.008273852020834624e+03
9.884538313522873523e+02
9.966403909593996104e+02
9.865461374274166246e+02
9.977317758842324338e+02
9.828916633318701770e+02
9.849001203939960760e+02
9.782240865350822787e+02
9.946310192117960014e+02
9.803332598428000892e+02
9.924976054164134212e+02
9.666414609643749145e+02
9.725634108353503962e+02
9.909723515099320821e+02
9.896393826899261512e+02
9.787955407931358423e+02
9.741194893509322128e+02
9.759573207478582617e+02
9.856635954627455476e+02
9.691662463357499746e+02
9.776377285595539206e+02
9.652302396371604800e+02
9.779905711136569835e+02
9.725750179929444812e+02
9.744037354306464067e+02
9.786090415785248524e+02
9.674675584998072964e+02
9.988740371435095540e+02
9.730849209968909008e+02
9.716367267311574096e+02
9.767480652742411849e+02
9.761286961541660503e+02
9.639758425282161625e+02
9.734463270714970804e+02
9.726170943810130893e+02
9.743759502771789585e+02
9.767059581126525245e+02
9.628454411433259565e+02
9.677080119896405677e+02
9.802685810096850219e+02
9.858273247267812849e+02
9.798165894807057157e+02
9.720120761518624022e+02
9.802643810014976680e+02
9.785691871753530222e+02
9.742824962544760865e+02
9.745838875176191323e+02
9.807728095186370183e+02
9.583058904361329269e+02
9.699218543808144659e+02
9.712765305501002331e+02
9.743071213002605191e+02
9.669289846358278737e+02
9.656587848467764843e+02
9.656423302694771564e+02
9.622293722583788167e+02
9.670285848995767992e+02
9.559313730264891547e+02
9.401173254167536015e+02
9.672922191967840035e+02
9.653555823702546377e+02
9.544916014787728500e+02
9.620215738387992133e+02
9.729198953191678356e+02
9.559899777851012459e+02
9.601914357113804499e+02
9.673064151637147461e+02
9.702716513763224384e+02
9.648448250139689435e+02
9.650469446966048963e+02
9.659974702626186627e+02
9.690518348253650629e+02
9.509235417578865963e+02
9.625685795883031233e+02
9.608147040694119596e+02
9.630055071258753969e+02
9.572905025209364567e+02
9.639925317632654469e+02
9.681149420005783668e+02
9.673316554141839561e+02
9.520282532773744606e+02
9.329569141799802310e+02
9.692353485596802329e+02
9.479884012788124892e+02
9.420837399865310999e+02
9.530590022878416221e+02
9.572409391265259728e+02
9.425591563417291354e+02
9.557688323809387612e+02
9.584995863204818534e+02
9.504488106234937277e+02
9.508440526096696885e+02
9.511375171440603253e+02
9.434947372451955516e+02
9.527293080618251224e+02
9.501542089788746352e+02
9.627521651990252849e+02
9.467633917394983882e+02
9.360990750172663866e+02
9.458468817792997925e+02
9.370474584840450234e+02
9.423530731937214568e+02
9.548585610371864050e+02
9.459973864952069107e+02
9.450715484785808940e+02
9.422338721264979995e+02
9.377103154931248810e+02
9.497014450557495593e+02
9.276134542950246669e+02
9.434778071826760879e+02
9.495613402996651757e+02
9.369383480667573849e+02
9.469474115748593022e+02
9.365203944135234906e+02
9.478822796586684944e+02
9.441255534775301612e+02
9.486564499920735898e+02
9.223015471707792585e+02
9.329602116074357809e+02
9.384612440949161964e+02
9.369933954870958814e+02
9.356392800061551043e+02
9.452343655197802264e+02
9.311878336962856793e+02
9.298991334096754144e+02
9.485605886488610849e+02
9.356514348583452829e+02
9.421506674101415229e+02
9.400393422778381591e+02
9.306142277701062540e+02
9.455050526441734746e+02
9.201011861306180890e+02
9.310880842321165574e+02
9.291614425323220985e+02
9.418869252221169290e+02
9.373043341962941213e+02
9.259571878665299209e+02
9.272986778387049753e+02
9.366095715669092669e+02
9.353056216649595171e+02
9.226061832700369223e+02
9.364827270119515106e+02
9.401748439757539018e+02
9.268537229738865335e+02
9.319072263323535026e+02
9.239576456144628764e+02
9.285513644678028413e+02
9.347530959314044594e+02
9.155514022641697238e+02
9.121698872086785741e+02
9.432492280497340289e+02
9.146089993821782400e+02
9.141097671287967614e+02
9.256293660820026616e+02
9.137223304341139283e+02
8.988951043309036777e+02
9.333284695711421364e+02
9.159761828762133291e+02
9.105273768137237766e+02
9.067540721802749886e+02
9.232880151633270316e+02
9.228634705089243653e+02
9.128389684499762780e+02
9.163613799966863098e+02
9.184847856256201339e+02
9.081540604723129491e+02
9.325939645664210502e+02
9.227689881577126698e+02
9.261853123854901924e+02
9.078495151933489069e+02
9.096189612812072482e+02
9.170342122320610088e+02
9.173534210265290767e+02
9.154528190891928716e+02
9.177885206888445282e+02
9.050079439613166414e+02
9.227622373945687286e+02
8.952840523217919326e+02
9.088560079810087018e+02
9.106572698245865922e+02
9.165489626521265336e+02
9.171661107136585542e+02
9.224228850584729571e+02
9.086209332112498487e+02
9.003077268918680147e+02
9.145200758483845220e+02
9.146416400899548762e+02
9.027708809203719511e+02
9.080066863287581782e+02
