8.317963797257403940e+02
8.439884482586745662e+02
8.634804673638687973e+02
8.407818275802122798e+02
8.403225392660172020e+02
8.509918405009445905e+02
8.533872853354847621e+02
8.293502276988800759e+02
8.424301677888054201e+02
8.612788883263555135e+02
8.344025024293790693e+02
8.329882586705950871e+02
8.405834815548940924e+02
8.340518402550751489e+02
8.366439388586037467e+02
8.424865908284533589e+02
8.555944935262048148e+02
8.370839069210810521e+02
8.278892971649556785e+02
8.669287437345955141e+02
8.278503536926832567e+02
8.445200404696038277e+02
8.444411962251092518e+02
8.472205707447592431e+02
8.385616498438887447e+02
8.389225233397237389e+02
8.459856745445838442e+02
8.359295890867961134e+02
8.301299199333323031e+02
8.302808561109255834e+02
8.503819611249869013e+02
8.460333168053127793e+02
8.346034456440796703e+02
8.442438614870652600e+02
8.466170786903883254e+02
8.290709420161666685e+02
8.325470731925195196e+02
8.474834842943275817e+02
8.198498371124621826e+02
8.337461430602322707e+02
8.413075302318801505e+02
8.414848174812098023e+02
8.505965435391324263e+02
8.396016054049152899e+02
8.543280765994079502e+02
8.352097171915935405e+02
8.463405852353881755e+02
8.470017261076884552e+02
8.498902013695648066e+02
8.567506862101325851e+02
8.383910154209584107e+02
8.534020547255170186e+02
8.514354988861269931e+02
8.433084162948136964e+02
8.343708165142293183e+02
8.440370237075792375e+02
8.468714330270983055e+02
8.455227837327119005e+02
8.521875347531272382e+02
8.384326564328288214e+02
8.497421871558490238e+02
8.653293347303945211e+02
8.396109390385114466e+02
8.429606712835683311e+02
8.663650370160385137e+02
8.521767774009147161e+02
8.543437146898944548e+02
8.498827695074819530e+02
8.569981123040478224e+02
8.583094016060301783e+02
8.208942816633737039e+02
8.528573124383397044e+02
8.453048770810594306e+02
8.461183248226043361e+02
8.556349993802346034e+02
8.362780599192690261e+02
8.517026159785189066e+02
8.460445299875145793e+02
8.482233937561927632e+02
8.652388184350810434e+02
8.711922773300092331e+02
8.431783833772797152e+02
8.425146313437146546e+02
8.494024527998110443e+02
8.568832446217363668e+02
8.432034984735433909e+02
8.542173956489249349e+02
8.435801517317318030e+02
8.547387795513891433e+02
8.525659895643227628e+02
8.375826499730794694e+02
8.661773194300658361e+02
8.558898556119279419e+02
8.400452188524534449e+02
8.501531749211503666e+02
8.461231307385761511e+02
8.747647892743136708e+02
8.554834190657345516e+02
8.370183492974770161e+02
8.522311936789838001e+02
8.473822511642930522e+02
8.484196146410981783e+02
8.392436124336728653e+02
8.589319971532154341e+02
8.586735641105273089e+02
8.515108337073829716e+02
8.497812894449987198e+02
8.517637457631785765e+02
8.615499409944231957e+02
8.528660453730519748e+02
8.677835940076430461e+02
8.632876446036871130e+02
8.563062603694543213e+02
8.356829682528198191e+02
8.495545662676227039e+02
8.538194110824000518e+02
8.431088711091069854e+02
8.661093660859623924e+02
8.477194886831557596e+02
8.530949847561682873e+02
8.618568732373382772e+02
8.537150593114959065e+02
8.615273958857492289e+02
8.565259446138934436e+02
8.542517979960036882e+02
8.660267727600398757e+02
8.402485041611926135e+02
8.564929462438091150e+02
8.660725080538499014e+02
8.425387918528322189e+02
8.373170540828567709e+02
8.648255259701231807e+02
8.475127181480554555e+02
8.782340998994352503e+02
8.507599862956815286e+02
8.575633484399812687e+02
8.457538750752592023e+02
8.453119831839195513e+02
8.615460880663470107e+02
8.626573193391591303e+02
8.627523770513558929e+02
8.674172097650739488e+02
8.518567188110901043e+02
8.623504745986197122e+02
8.635039141838487922e+02
8.570474189413292834e+02
8.503447324102312450e+02
8.654880848071858281e+02
8.734012370755119719e+02
8.486602533171392224e+02
8.565356065626963300e+02
8.537162564389528825e+02
8.591289059138364337e+02
8.545683221404635788e+02
8.569439106349739177e+02
8.487883417299358371e+02
8.599376862459135964e+02
8.552770837492107603e+02
8.573994202611595483e+02
8.775120450216170411e+02
8.585629523268020193e+02
8.708075395559374101e+02
8.636074569563452314e+02
8.468619949197188816e+02
8.585561487811078223e+02
8.695968186052116380e+02
8.714277722803767574e+02
8.581323545835831510e+02
8.594201421792705560e+02
8.697334029210711606e+02
8.507830062700961662e+02
8.450070202397851062e+02
8.502594312810076644e+02
8.697944928659525203e+02
8.572323462322697196e+02
8.695052060165185139e+02
8.772466546788535879e+02
8.510716236421284293e+02
8.629159122929020214e+02
8.615547504697819932e+02
8.624059847976739093e+02
8.657635668214447833e+02
8.488463010379557545e+02
8.551764628949531470e+02
8.521850784999381858e+02
8.707425356273186026e+02
8.547064553925868040e+02
8.483398497864047840e+02
8.698155529278408267e+02
8.515595559236248846e+02
8.638580639089966553e+02
8.574501196024649516e+02
8.557763922126807756e+02
8.521457219442766018e+02
8.527232180563139536e+02
8.741445726514602939e+02
8.512899440584083095e+02
8.616998123654541359e+02
8.581197141564991853e+02
8.629601169415243476e+02
8.623479570702331785e+02
8.786602323201475429e+02
8.612209496194798248e+02
8.669814514525741060e+02
8.606064534175302470e+02
8.718616221064386309e+02
8.639150273935742916e+02
8.701641631641790582e+02
8.714922647508456066e+02
8.660971170929099117e+02
8.860198479390421653e+02
8.745203955789734209e+02
8.711881366629997956e+02
8.686517078180179396e+02
8.620675357537861601e+02
8.763808518643302250e+02
8.629979999452614265e+02
8.527431503421568095e+02
8.627072888961135959e+02
8.572718979340991154e+02
8.512450427586112482e+02
8.653900717153842379e+02
8.706799391997178645e+02
8.807408973319170400e+02
8.539835510033969967e+02
8.725220530489743851e+02
8.640596035686494361e+02
8.663171555589128729e+02
8.638641200251431655e+02
8.789206393475881214e+02
8.629481785636914992e+02
8.657961667069716896e+02
8.533638737909270731e+02
8.747195933389944003e+02
8.709781702017338603e+02
8.658539831716399249e+02
8.665882710034765068e+02
8.689904571184542874e+02
8.902305796295331675e+02
8.628263142626902891e+02
8.686931964845734910e+02
8.772973427399272168e+02
8.604124963369190482e+02
8.790603546482650472e+02
8.718798681164998925e+02
8.658138273503541313e+02
8.580284070455579695e+02
8.694287584447458812e+02
8.595215368411988948e+02
8.631380109462004384e+02
8.661605711455831624e+02
8.753071448254156621e+02
8.740770181617564276e+02
8.845338528862470184e+02
8.626510033529161774e+02
8.691281243122274418e+02
8.694653795305009680e+02
8.610565539139340672e+02
8.700047809844938911e+02
8.615257942226594423e+02
8.683143863822006097e+02
8.672649824865789014e+02
8.680860875749926890e+02
8.693220764290554143e+02
8.788035476833208577e+02
8.614912043611292347e+02
8.635234931591480745e+02
8.552291542906382347e+02
8.599023289217939237e+02
8.710120438076666005e+02
8.766409215205666214e+02
8.686553953497764269e+02
8.643932832037014578e+02
8.837437367183076731e+02
8.690663406543858400e+02
8.884369464559717926e+02
8.877683864040963044e+02
8.710299562165357656e+02
8.672495787380338470e+02
8.670085158457372927e+02
8.679554514513592949e+02
8.621398167613189116e+02
8.949195674196131449e+02
8.632391841748483330e+02
8.646978006511815238e+02
8.803897206709041257e+02
8.758922527777579035e+02
8.700334327438912396e+02
8.769754526200999862e+02
8.735715140360925943e+02
8.788027018647483146e+02
8.719089867060116603e+02
8.696257584123504785e+02
8.782392317208478971e+02
8.643352977665276740e+02
8.667962470290214014e+02
8.892064486693461731e+02
8.693780109869518355e+02
8.610324368454305386e+02
8.712620371000434716e+02
8.570812633483766376e+02
8.790001651289442179e+02
8.762141158562901637e+02
8.735760016106878538e+02
8.765981630398860034e+02
8.757929330574709184e+02
8.708253790325831005e+02
8.789727669036875568e+02
8.803782788160277732e+02
8.750015727274437722e+02
8.801585000242564547e+02
8.718916042786577236e+02
8.933318863505294303e+02
8.834688181808603531e+02
8.804557979722508207e+02
8.722471397544225056e+02
8.714421556942484131e+02
8.701952266454886740e+02
8.688581966949011530e+02
8.803241706998369409e+02
8.775630935113865689e+02
8.827727437181797541e+02
8.851731505578731003e+02
8.652995148670497656e+02
8.691942592458731269e+02
8.880073667365165875e+02
8.742786051333168871e+02
8.901041534718572166e+02
8.806036195835786202e+02
8.781635897540995757e+02
8.587777496284423933e+02
8.820302222100547169e+02
8.750205235054461355e+02
8.620164055168022514e+02
8.828962101208213653e+02
8.812096733960618167e+02
8.812944680325256286e+02
8.746671615173538612e+02
8.894435681125328301e+02
8.577723292115556433e+02
8.789321987114740296e+02
8.867916185673345808e+02
8.695053913970214126e+02
8.719467638519745378e+02
8.990502523916609334e+02
8.865290624710742122e+02
8.853150741605502390e+02
8.687838990759159969e+02
8.813655308498375689e+02
8.685572117826523026e+02
8.685607056107214703e+02
8.857749295952257853e+02
8.847194306636587271e+02
8.679917881048343133e+02
8.706024258874374482e+02
8.721524366891599129e+02
8.904679324732030636e+02
8.890371421121658386e+02
8.725948634757554601e+02
8.473450325901310407e+02
8.751723684525488807e+02
8.823715807792045780e+02
8.696410287201570100e+02
8.857757620283340430e+02
8.785613291161362213e+02
8.672686949234902158e+02
8.607391211121810102e+02
8.869395323692541524e+02
8.778705256067712526e+02
8.957464645404832027e+02
8.710375793763012098e+02
8.772836698590076594e+02
8.816642730256401137e+02
8.743816162024730829e+02
8.806900745080789648e+02
8.760939967061253810e+02
8.701200294287755241e+02
8.813252352393966476e+02
8.759679269184904342e+02
8.867526348287195788e+02
8.781747694962004971e+02
8.978383189243456854e+02
8.911732976943667381e+02
8.823139589606128084e+02
8.871950778215164064e+02
8.934942913420861714e+02
8.737612690173448300e+02
8.920255475267500742e+02
8.949259420292813729e+02
8.851233837346612745e+02
8.846315943739172099e+02
8.932883777318663761e+02
8.763115376070052207e+02
8.831142171267092635e+02
8.847644842307868203e+02
8.862012401602770524e+02
8.801830121020025217e+02
8.773317864133121020e+02
8.925270186922163020e+02
8.887013483822161106e+02
8.985072054574366121e+02
8.927064708602000564e+02
8.781356593053983488e+02
8.757453601252459521e+02
8.802908869778934786e+02
8.617875681122218339e+02
8.861129140344447706e+02
8.726183672407920540e+02
8.836004571792805109e+02
8.903970349877907893e+02
8.999280406865270834e+02
8.756540269406397101e+02
8.898779178017923641e+02
8.805493197537332435e+02
8.886913712631228464e+02
8.770960844149947206e+02
8.820851301555194368e+02
8.856306614952552536e+02
8.906535114836852927e+02
8.893832262366223631e+02
8.800545604450568362e+02
8.861566115410678321e+02
9.072096169674880457e+02
8.982422531694195413e+02
8.955134497510849769e+02
8.959318740601745503e+02
8.881962959572974796e+02
8.877882622941968975e+02
9.064922803949793888e+02
8.877103589129364991e+02
8.935022621102173161e+02
9.017540401159837984e+02
8.866297998010134052e+02
9.010621233801196013e+02
8.997592540796598541e+02
8.889491439856592478e+02
8.970140206859560976e+02
8.791460689252876364e+02
8.935589151390342977e+02
8.910763614882984029e+02
8.895808760836473539e+02
8.839715366233461964e+02
9.058542195345028176e+02
8.954974738768208908e+02
8.915129238074089244e+02
8.800420977502844835e+02
8.881981854699572523e+02
8.901981586680715282e+02
8.763380883442700906e+02
9.010759620263495435e+02
9.074984098789884683e+02
8.989425019907930619e+02
8.871496432083307582e+02
8.950179248651320449e+02
8.807937608524985080e+02
9.029637608293057838e+02
8.824808390782993683e+02
8.978769049452944273e+02
8.868160992684204302e+02
8.861891887509419803e+02
8.909828853529820663e+02
8.870789633748270262e+02
8.920488559110984852e+02
8.881478549797652704e+02
8.954038233547313439e+02
8.934601947226699394e+02
8.789355361636892212e+02
8.921593020717424452e+02
8.801617562300529016e+02
8.998735336498431252e+02
8.955518418545291297e+02
8.991897648976948858e+02
8.773984381767015748e+02
9.015625674553000408e+02
8.987630117494520618e+02
8.853119623918917114e+02
8.807235243283369073e+02
8.870963388810798733e+02
8.644408716753218869e+02
8.870614980816135358e+02
8.847435234780651854e+02
8.904724685695423432e+02
8.769215104197415940e+02
8.892677054020268770e+02
9.003567275644186338e+02
8.823068714815342446e+02
9.131228750340292208e+02
8.902015351216679164e+02
8.952937423123473764e+02
8.871600298738821948e+02
8.916232323345059285e+02
8.934016859578360936e+02
8.984053251835621268e+02
8.969503285098614924e+02
9.028474794556469760e+02
9.005007424925925079e+02
8.796808278026787775e+02
8.965197235912496581e+02
8.976485255997577042e+02
8.965336838148426750e+02
8.964461055223951007e+02
8.932661553140626438e+02
8.928428024718168672e+02
9.035178606504363188e+02
8.958861948816075937e+02
8.976581021224660617e+02
8.905454098874349711e+02
9.020397281082596237e+02
8.964453289205494002e+02
8.991688300634046982e+02
8.986562813037419346e+02
9.040168588399671989e+02
9.019697428931825698e+02
9.040059751269835715e+02
8.963525382616612660e+02
8.928372853429832503e+02
9.055276330746356734e+02
9.036114818278181247e+02
8.877409628993918886e+02
9.076508246570712117e+02
9.003241060205464237e+02
9.077534644062191092e+02
9.085634854829386313e+02
9.071715456361358747e+02
9.022484253465854636e+02
8.983580360584173832e+02
9.048187590819297839e+02
8.866214769169438341e+02
9.082268875976174058e+02
8.956123799972859842e+02
8.848914112595430197e+02
8.844825948765301291e+02
8.951480020624060217e+02
8.907087847438249355e+02
8.980022644521567372e+02
9.116244776717746845e+02
9.092891952547836354e+02
9.017480562840275979e+02
8.950565155985154888e+02
8.898325140556232782e+02
9.084593232075749256e+02
9.050709867596406184e+02
9.075017831074242167e+02
8.989685685046622439e+02
8.996812616184470244e+02
8.899056861283801254e+02
9.066849090641233033e+02
9.004725934219435430e+02
9.037471385989837245e+02
8.913372379584618557e+02
8.808638959214056285e+02
9.079985542943950350e+02
9.062938677270708467e+02
9.101111302915910528e+02
8.895960058377702353e+02
9.142267600347541929e+02
9.181742171072747851e+02
8.922506161647374938e+02
9.045410778604839379e+02
9.032763470759026632e+02
8.941832666358482129e+02
9.180198649696658322e+02
9.010213207800492228e+02
9.031760322151085347e+02
9.049617926745752357e+02
8.945849419249647099e+02
8.895248725638493852e+02
9.028157436070530366e+02
8.869255148100612587e+02
9.081484316902036653e+02
8.993542701913584096e+02
9.137227410505740863e+02
9.131618701815771146e+02
9.202923469227695250e+02
9.044048546118315244e+02
9.133277490117419575e+02
9.031368351943708603e+02
9.120496111368884158e+02
8.940427604583903758e+02
9.164101441894399613e+02
9.119951521042731883e+02
9.146634885838874425e+02
9.023568139809271997e+02
8.978494736800363398e+02
9.139206184900511971e+02
9.063100431117225071e+02
9.105784978642900569e+02
9.104308685676573987e+02
9.017190939226732098e+02
9.078896375232648097e+02
9.189685058925460908e+02
9.190981705392903223e+02
9.053628407812938121e+02
8.963083637404133697e+02
9.040110574941220420e+02
9.150487648206460563e+02
8.963721929852481480e+02
9.163793927935917054e+02
9.060558892446979371e+02
9.008098551233863418e+02
9.053148699207195023e+02
9.017637797429805460e+02
9.066722094006207726e+02
9.016123923675991136e+02
9.249398506486268161e+02
9.194363924826332095e+02
9.254193952277028075e+02
9.120107869172112487e+02
9.151261220899575619e+02
9.124384031056881668e+02
9.054492877706259151e+02
8.991971215523194587e+02
9.166923531074546645e+02
9.166038479601543258e+02
9.198011230371771489e+02
9.177738924001173473e+02
9.084878802956371828e+02
9.088246248694281348e+02
9.118095299536186076e+02
9.211819643694896058e+02
9.107159714430144959e+02
8.980026686546671044e+02
9.167196239727020384e+02
9.102188338000737531e+02
9.068649591077638661e+02
9.009952913098263707e+02
9.068002688530249316e+02
9.002734379775411071e+02
9.182139281691754604e+02
9.201007316377977077e+02
9.079584413437096373e+02
9.102098967267111220e+02
9.013809147038640504e+02
9.229860999613692911e+02
9.023734827460084489e+02
9.060117514066357671e+02
9.103983531168634045e+02
9.168096960747081994e+02
9.033135466230012298e+02
9.069971862437323580e+02
9.093838914346029014e+02
9.146527720109937718e+02
9.057408018196866806e+02
9.052049096012935934e+02
9.111515996344469386e+02
9.078687576409301982e+02
9.031294736872284830e+02
9.185914430826735497e+02
9.126501960426610367e+02
9.050907761530904736e+02
9.046665457395690737e+02
9.198576275949014871e+02
9.149985769089867063e+02
9.342911712323201527e+02
9.136359421049074854e+02
9.123378523802912241e+02
9.143815691385386799e+02
9.226617545056227527e+02
9.117970192378548973e+02
9.230457632041748184e+02
9.084951498033913140e+02
9.210205853618260790e+02
9.158133842244949392e+02
9.148052935973514650e+02
9.287436693456882040e+02
9.114348331018992440e+02
9.252700547957506387e+02
9.250849874497304199e+02
9.207200832292883206e+02
9.207171091679094843e+02
9.083723235664867843e+02
9.282815196699829130e+02
9.089927650838561703e+02
9.181809508942942557e+02
9.258273955406518780e+02
9.057860288539130806e+02
9.161101340601225047e+02
9.158289591727927927e+02
9.152291774919370937e+02
9.174548826241615416e+02
9.221667290999687339e+02
9.235554505733703081e+02
9.178251402290831038e+02
9.199877794553549393e+02
9.008684518202536538e+02
9.129621053471103096e+02
9.290426976000862851e+02
9.067973389249801812e+02
9.191443546196094303e+02
9.169550597249362909e+02
9.125449861834774765e+02
9.172206865374312201e+02
9.314609727645203066e+02
9.269308390540822984e+02
9.163059489930262771e+02
9.145049678022099897e+02
9.099114843581755849e+02
8.991216615375521997e+02
9.262855919194530543e+02
9.254695528712443320e+02
9.294598138988446863e+02
9.191838167560633792e+02
9.247800940587776495e+02
9.201365696654843305e+02
9.344107697471464462e+02
9.087737659770580194e+02
9.418505807080036902e+02
9.300353581883886136e+02
9.121888883157921555e+02
9.285145023321277904e+02
9.146776772777895985e+02
9.315628817467164708e+02
9.249719848907107007e+02
9.206669352444005199e+02
9.295862105602670908e+02
9.241798996480677033e+02
9.285080444110640201e+02
9.199706888761313621e+02
9.098469256415160089e+02
9.242248119175906140e+02
9.166842038521713221e+02
9.178667496641584194e+02
9.252491689252342439e+02
9.176763639022110510e+02
9.253717231489209780e+02
9.255209494209136665e+02
9.208983908751622494e+02
9.352646722732467879e+02
9.244850430115753852e+02
9.332860260504777443e+02
9.296642088623525524e+02
9.147740909766175719e+02
9.297283858465814319e+02
9.348265243963940065e+02
9.309216443152887450e+02
9.298903219059930052e+02
9.147568969807389294e+02
9.190139717360191298e+02
9.237277070408706550e+02
9.356928216945310623e+02
9.402095342535708369e+02
9.175923959593785639e+02
9.275587115678310965e+02
9.324506059281375201e+02
9.309623248224680765e+02
9.219800632309134016e+02
9.131596796629478376e+02
9.154724875642402822e+02
9.411035903389879422e+02
9.304273037869712653e+02
9.275080779985220261e+02
9.205490700964853659e+02
9.356839632547159908e+02
9.289231810851870250e+02
9.312375846092447773e+02
9.410614126795298944e+02
9.392602947046324289e+02
9.432476237303940252e+02
9.204815547765149404e+02
9.206496052509074843e+02
9.177425107406861571e+02
9.352121119858989005e+02
9.342620629462068109e+02
9.291681496854408806e+02
9.243535997111684992e+02
9.257308723353961568e+02
9.132934375106572134e+02
9.312519902065751012e+02
9.214468362851052916e+02
9.317340130793787694e+02
9.284786276931120028e+02
9.241186266007407539e+02
9.188493415274247127e+02
9.213031182507959329e+02
9.293250408340338709e+02
9.475616545062337082e+02
9.378930191644415117e+02
9.309864158551658875e+02
9.289412916102428426e+02
9.191615364582119128e+02
9.193898822263897728e+02
9.380148967860598077e+02
9.270082610591505272e+02
9.311042461201627702e+02
9.261192754005576262e+02
9.248023181692701655e+02
9.190056562409702110e+02
9.177160213265169659e+02
9.364542555989021366e+02
9.186079160527024214e+02
9.382531821532888898e+02
9.256864129187991921e+02
9.214559811120109316e+02
9.279774039484950663e+02
9.430315671431545752e+02
9.448702065519246389e+02
9.258124464340131681e+02
9.366422957032114027e+02
9.431678952181920295e+02
9.207279384984426542e+02
9.171263032045576438e+02
9.242373605299442261e+02
9.290581873763510430e+02
9.253959089040756680e+02
9.441096671443419837e+02
9.305648799384168797e+02
9.335656179069574137e+02
9.316247766787287219e+02
9.355018173890687194e+02
9.304422882435463862e+02
9.316707743108640898e+02
9.091445974668077952e+02
9.229870465559706645e+02
9.398473850870362867e+02
9.273084623362658476e+02
9.322068547859586261e+02
9.225219436827774189e+02
9.248776029360878965e+02
9.453614276662643761e+02
9.362462738584305271e+02
9.398381966399501835e+02
9.492042854175344928e+02
9.274484868475533403e+02
9.210947345445782730e+02
9.247492008495707978e+02
9.286854543805166031e+02
9.318097534458654536e+02
9.374034745373548958e+02
9.484798874812735221e+02
9.391199894431244957e+02
9.428045015245081686e+02
9.370711108805910499e+02
9.418730667414371283e+02
9.240688585097525447e+02
9.330425210578202950e+02
9.350807714144013971e+02
9.345034716444429250e+02
9.551296554019249925e+02
9.359889103687802390e+02
9.390646615805206920e+02
9.301728026813588031e+02
9.304003119198262084e+02
9.480942379233347310e+02
9.301676718120795613e+02
9.372285987597620078e+02
9.306615635467620677e+02
9.457616854806801712e+02
9.328371622539733607e+02
9.456810154913001725e+02
9.406131301971577159e+02
9.392162907430005134e+02
9.403944475621167385e+02
9.397991214479327482e+02
9.462546834369561566e+02
9.316265413022633766e+02
9.319734475543094732e+02
9.332128725134160732e+02
9.189708523357862759e+02
9.226727591800756727e+02
9.358010978316592627e+02
9.460635390840915306e+02
9.278032100109442126e+02
9.129863964036271682e+02
9.412069526316722659e+02
9.495929744558189896e+02
9.400419792861896440e+02
9.196642176345044390e+02
9.389898734122871247e+02
9.454643106825478753e+02
9.383323379975535090e+02
9.482264405191342576e+02
9.552067775481732497e+02
9.549974617632398122e+02
9.401060468625325939e+02
9.517946728607846580e+02
9.297254768784288217e+02
9.477697374875942842e+02
9.517797345111483764e+02
9.236193273423816663e+02
9.425139352111735889e+02
9.294915046310574098e+02
9.398316472629604732e+02
9.419375782821624625e+02
9.467542267474277651e+02
9.277443477750153988e+02
9.441828450722198340e+02
9.268745907504929846e+02
9.487290900169516590e+02
9.422257362350195535e+02
9.354782648232593374e+02
9.383858985154180345e+02
9.419311715934867379e+02
9.337909694566540111e+02
9.332052379679167871e+02
9.307311941190079096e+02
9.381595691416143836e+02
9.294199458745335960e+02
9.494547321260342869e+02
9.449818287066252651e+02
9.307367813533030585e+02
9.380301927539896951e+02
9.515348691972691313e+02
9.311425453813246804e+02
9.565100335094593902e+02
9.373784412016834722e+02
9.376658139462765575e+02
9.351626498003925008e+02
9.514051604010999199e+02
9.469520959375186067e+02
9.533265062993157244e+02
9.480646225998143564e+02
9.446154953259608646e+02
9.468775226372492853e+02
9.433038731446702059e+02
9.504806361040733691e+02
9.544266888746595896e+02
9.533256588938709228e+02
9.402018634013500105e+02
9.410897914304129017e+02
9.368571866793847676e+02
9.470205253816637878e+02
9.467866137681476175e+02
9.577125714751751957e+02
9.556728354909059817e+02
9.541212548804545577e+02
9.359897789868578002e+02
9.523929108048768057e+02
9.493688966016312634e+02
9.414958358412221742e+02
9.626807041737631607e+02
9.481667143679815126e+02
9.464774074515537450e+02
9.482699775247092475e+02
9.393923546760029240e+02
9.506449490954164503e+02
9.520272240682538722e+02
9.538367021766619018e+02
9.579927374347821569e+02
9.440842846867242315e+02
9.339487609713835354e+02
9.440329990772968358e+02
9.500055626998056368e+02
9.498344617426132572e+02
9.692655121590432827e+02
9.432523723032422822e+02
9.465260768365053536e+02
9.542144732509898404e+02
9.493113157910581776e+02
9.399291822474352784e+02
9.562965910625398465e+02
9.552633549511783713e+02
9.563066949072537000e+02
9.490202429855273749e+02
9.563623326022470792e+02
9.609134817753717925e+02
9.449971079934359750e+02
9.491854263870179693e+02
9.490101108544700992e+02
9.535013384531929432e+02
9.451258288389680047e+02
9.367581007450767174e+02
9.319499618940860728e+02
9.526072618868329300e+02
9.480612589463671611e+02
9.546288135247443734e+02
9.592529178698194983e+02
9.603091709021014140e+02
9.610214760274564014e+02
9.577312142088255769e+02
9.540082226634476683e+02
9.480317005541425033e+02
9.578340271474944529e+02
9.466489119635589304e+02
9.492111871189991916e+02
9.599757262103646553e+02
9.373829316446787061e+02
9.438006433382288378e+02
9.559554035591293086e+02
9.604572576682110139e+02
9.561001308794861870e+02
9.519688973382528729e+02
9.560638390524192118e+02
9.553855808660141520e+02
9.484772004175806615e+02
9.577630432789735551e+02
9.522203259612660986e+02
9.700839090670347105e+02
9.611538560357798815e+02
9.544710865840509086e+02
9.562398703766025392e+02
9.604614908232929338e+02
9.445271748147201833e+02
9.548876049320781476e+02
9.582878894949046753e+02
9.591356898039180123e+02
9.446653886763674564e+02
9.442689148600572935e+02
9.344747630359515824e+02
9.450291545641090352e+02
9.546149931541939395e+02
9.581597748092235634e+02
9.635808561765120430e+02
9.577372792929828620e+02
9.443239860694704930e+02
9.576996267446347701e+02
9.609236373525417321e+02
9.477296187709820288e+02
9.494356180565193881e+02
9.644266391478554397e+02
9.475749149003094089e+02
9.660364554968490438e+02
9.631336867744632855e+02
9.628428740419687983e+02
9.653944973534205474e+02
9.384410274564635301e+02
9.548051064915255211e+02
9.558198974571416784e+02
9.640607394264364984e+02
9.433978240047281361e+02
9.600936639685047567e+02
9.420435574362311399e+02
9.634740010548716782e+02
9.680847778596082662e+02
9.674989477839413894e+02
9.533959074170168151e+02
9.674835135511307271e+02
9.652571138023051844e+02
9.526899053837880729e+02
9.472941576289322256e+02
9.655296813639222364e+02
9.543610451791161040e+02
9.749469680064373733e+02
9.770329982279442902e+02
9.405101966982433623e+02
9.546402818301828574e+02
9.529916232608179598e+02
9.610544505475738788e+02
9.682994559104804466e+02
9.526750517438936185e+02
9.642585207002418883e+02
9.506774214836896135e+02
9.721256760300523183e+02
9.564580987905078473e+02
9.602537059638607388e+02
9.528940883383843357e+02
9.498639735266144726e+02
9.677746411387724947e+02
9.604168223624330949e+02
9.731612362345763358e+02
9.610763059205023637e+02
9.527850945362021093e+02
9.737699900260967070e+02
9.632164745194841089e+02
9.547395793314399270e+02
9.774632191250424285e+02
9.588211435993546274e+02
9.399920111414255643e+02
9.738723499207021632e+02
9.652787837793941890e+02
9.586339857514503819e+02
9.490379648803884720e+02
9.468245062819141822e+02
9.657696274601519235e+02
9.591797332850499060e+02
9.600302787251739574e+02
9.705107324140496985e+02
9.630414514386972087e+02
9.642142884146012420e+02
9.510322903304152078e+02
9.576529733213823192e+02
9.598852530369833858e+02
9.753798307041031421e+02
9.559941544590353715e+02
9.813396391971843968e+02
9.769654393607330576e+02
9.604810998557161383e+02
9.745460276025996791e+02
9.549515428670388246e+02
9.529875092210462526e+02
9.545048734657727891e+02
9.644139328594192193e+02
9.742122575259525092e+02
9.527816490091826154e+02
9.510460526349270367e+02
9.917507579099301438e+02
9.622083314031776808e+02
9.809964265812252506e+02
9.679691410859438747e+02
9.749261177223499999e+02
9.576266816980044041e+02
9.485890254476337304e+02
9.825823603003756261e+02
9.633968998474126693e+02
9.764629695183353988e+02
9.774642665543303792e+02
9.645034714328177188e+02
9.699082788526816330e+02
9.518381396647175734e+02
9.631290060914711830e+02
9.718899154765580306e+02
9.641535305383642935e+02
9.792287628564354236e+02
9.504195030272517215e+02
9.731905435699814007e+02
9.725591440459130581e+02
9.530551742536426900e+02
9.616104709947378524e+02
9.629120175231582834e+02
9.774854193758751535e+02
9.723165762212378240e+02
9.555498856746601177e+02
9.673902357414565358e+02
9.598064475195099021e+02
9.637445761430791435e+02
9.633065421195824456e+02
9.623090098909605103e+02
9.535335536568330781e+02
9.655142991657554603e+02
9.650270930298406711e+02
9.686119075354595225e+02
9.719083720642042863e+02
9.714807619446885383e+02
9.764760046600327996e+02
9.739120870171502702e+02
9.683602908455914076e+02
9.688930922638235188e+02
9.660145571643884068e+02
9.796448906198791065e+02
9.780801427809827828e+02
9.860741350666089602e+02
9.643918547461926210e+02
9.727987333114160720e+02
9.726995555850818391e+02
9.764714531861859541e+02
9.623500053410107284e+02
9.748440075889070613e+02
9.642086177977275838e+02
9.695019036046346628e+02
9.742444084854330413e+02
9.598288706209325483e+02
9.761480618122275246e+02
9.612792460286116238e+02
9.554959749967247262e+02
9.689288889502686288e+02
9.749379524590851815e+02
9.602977088493923929e+02
9.740264954854485495e+02
9.734909044777068630e+02
9.652852055490225212e+02
9.761152716361555122e+02
9.725496279817200502e+02
9.931746835822212915e+02
9.672166295065039776e+02
9.676039654004400745e+02
9.624120856969864235e+02
9.637484066880811042e+02
9.693766865858361825e+02
9.761164555743794153e+02
9.644020476782130800e+02
9.759640818514471903e+02
9.684979479087121490e+02
9.814729155150762381e+02
9.759223315478186578e+02
9.677255862826152679e+02
9.753525665500262676e+02
9.708016675866166452e+02
9.732988108820129582e+02
9.686459328099489312e+02
9.748605957710119583e+02
9.783112380641041455e+02
9.701828900104322884e+02
9.744558266858315392e+02
9.767040851118140381e+02
9.638357319763651958e+02
9.800922514636372398e+02
9.620034817430067733e+02
9.711777849717961999e+02
9.764467853018281858e+02
9.725813115077112343e+02
9.776581209712767304e+02
9.687212153238940573e+02
9.680828425023335058e+02
9.760456116877427348e+02
9.768462750459599420e+02
9.635890790281126783e+02
9.765153671503713895e+02
9.695110094712158570e+02
9.837128958369324891e+02
9.799076753144751137e+02
9.647564930314706544e+02
9.781451176925620530e+02
9.827379024831677725e+02
9.632486823663414270e+02
9.864246404222358251e+02
9.877511160848218879e+02
9.701413571803498144e+02
9.764300607342672720e+02
9.722045076743690970e+02
9.952817943583846727e+02
9.878857787228719189e+02
9.836070026196930485e+02
9.683545130750385397e+02
9.741170261276554356e+02
9.766777341571113311e+02
9.700832483836818483e+02
9.721676614425375647e+02
9.708740016508988901e+02
9.877468249398746138e+02
9.829471995951178087e+02
9.709905909614753909e+02
9.767219833895208012e+02
9.748730105717379502e+02
9.872374259148068631e+02
9.692131264359052238e+02
9.819913738126775797e+02
9.698100443840439766e+02
9.767507085541348033e+02
9.643901541873996166e+02
9.846436490015923937e+02
9.859299377668839952e+02
9.705087964229551289e+02
9.910267582361948371e+02
9.842171216164890666e+02
9.815273410995016548e+02
9.777427730339751406e+02
9.815286058218539438e+02
9.756327600717302175e+02
9.791872983274967055e+02
9.804153941254543270e+02
9.711961185529943350e+02
9.747395271938103178e+02
9.794341343122605394e+02
9.699857438241645013e+02
9.729698412004725014e+02
9.824863627218630882e+02
9.825464979972688297e+02
9.895538032917174860e+02
9.859263123046098372e+02
9.865874389300487337e+02
9.689728657454267022e+02
9.756773666174919981e+02
9.877655711053191681e+02
9.765190587595531042e+02
9.805274538009941807e+02
9.794351186802587108e+02
9.913965126812413473e+02
9.883353097619252594e+02
9.942054994086685156e+02
9.829481688554267294e+02
9.822056157585195706e+02
9.851077700868122520e+02
9.822605186412880585e+02
9.834297855809259090e+02
9.731645605989142496e+02
9.712550590378198194e+02
9.822563873209965095e+02
9.804419313829143903e+02
9.608090920006821989e+02
9.850352151236680811e+02
9.881030430994785547e+02
9.831597780862648506e+02
9.863843656425585777e+02
9.914182168104385937e+02
9.763001460701159431e+02
9.909009890302950225e+02
9.917290824173430792e+02
9.875162742207697875e+02
9.816301786182132219e+02
9.765744866500397166e+02
9.966832961119121137e+02
9.813206533517948174e+02
9.922412992020770162e+02
9.851585724249416671e+02
9.819154135927567495e+02
9.758268047101605589e+02
9.809738856220635626e+02
9.842513487939033894e+02
9.906164199556219501e+02
9.826071172442590296e+02
9.759938268870459979e+02
9.917966353588271886e+02
9.821065384018870645e+02
9.889010426988849076e+02
9.883944011836919117e+02
9.918468459391497163e+02
9.798379132993824214e+02
9.939290724958905230e+02
9.859239819527025475e+02
9.791044975609013363e+02
9.781526990330612534e+02
1.008036926499736410e+03
9.977023058402140805e+02
9.840817189094636888e+02
9.839985857161270815e+02
9.936175089044306787e+02
9.749514879104262945e+02
9.944850850308121153e+02
9.901536835224235347e+02
9.795839557155850343e+02
9.856529478093450507e+02
9.995945210273525845e+02
9.843757411437954943e+02
9.976212105802794667e+02
9.846147105454002713e+02
9.903978702843805877e+02
1.009549045635824086e+03
9.820979323420351648e+02
9.927741388153410753e+02
9.753160988253432606e+02
9.850373511322038667e+02
9.902100041291254229e+02
9.662934909532592656e+02
9.948974494782000875e+02
9.781330339637125917e+02
9.777649294426063307e+02
9.944125911633198029e+02
9.919284562214046446e+02
1.010805393434283019e+03
9.803550516034592874e+02
9.890641876718989352e+02
9.859734046288059517e+02
9.951114031586914734e+02
9.943117910026937807e+02
9.780120985961126507e+02
9.936662725481115785e+02
9.856490359840745441e+02
9.927920892734837253e+02
9.888056477450070361e+02
9.982621077619518246e+02
9.861176772748707435e+02
9.839945648729499226e+02
9.800450615062464976e+02
9.933587716681893198e+02
9.964684015241276711e+02
9.907717806708242279e+02
9.895923885610764046e+02
1.001614436874461489e+03
9.914190990345820182e+02
9.932426986331132639e+02
9.973990937238602328e+02
9.968856385419367143e+02
9.943046581396044985e+02
9.896003112016529712e+02
1.001711458280134366e+03
1.007676546819048554e+03
9.730717021659072543e+02
9.775794188317545377e+02
9.944459383801312242e+02
9.837412903905285475e+02
1.003295951605347000e+03
9.923596006421141738e+02
9.749404885693321603e+02
9.779861304329759832e+02
1.001341962473891499e+03
1.005310207108719624e+03
9.961044311932581650e+02
9.921232734062215286e+02
9.948540075413709474e+02
9.792852744841858339e+02
1.004686961548969066e+03
9.845826291339142244e+02
9.875572834211652662e+02
9.905646279452058707e+02
9.948177897116559052e+02
9.945611337362659015e+02
1.014001348839200318e+03
9.982693088388043634e+02
9.852865852326508502e+02
1.000239080390987738e+03
1.003053034724869576e+03
9.980089653065547282e+02
1.001075856043226167e+03
9.900506290999455814e+02
9.994490193911487950e+02
9.961601547424728551e+02
9.928851378120388063e+02
9.978188848290808437e+02
9.924054655282386648e+02
1.005839994461008018e+03
9.989703346381718347e+02
9.886129936269317113e+02
9.935223502947387715e+02
9.787622075288045380e+02
1.004763371499928894e+03
9.852174563109686005e+02
9.914715889198236027e+02
9.939453806390275759e+02
1.005740051875180143e+03
9.919704234089706461e+02
1.008673223503284134e+03
9.924908945107296177e+02
9.880796486767255828e+02
1.006797998964290855e+03
9.928276111568231954e+02
9.926962279887593468e+02
9.943334255023640935e+02
1.010721204449286120e+03
1.004804730814235086e+03
9.984568714131280558e+02
1.000474048682291141e+03
9.851006889240979945e+02
9.762814696519233166e+02
9.970960778029680114e+02
9.961077834331306349e+02
1.005942549523577441e+03
9.981579263403518780e+02
1.008899783201681885e+03
1.000556902006474274e+03
9.964007220129894904e+02
1.005477344675877703e+03
9.856108460129290734e+02
9.999077686347686722e+02
9.960812179004848304e+02
1.004096912270856819e+03
1.014202987747213001e+03
1.014321488255598979e+03
1.005366412635641382e+03
9.967550381345108690e+02
9.760021138892341241e+02
9.951490508526280792e+02
9.894166488371837431e+02
1.003788597987646199e+03
9.962841120027750321e+02
9.990478288413466998e+02
9.908904861453804642e+02
9.969665532328565405e+02
9.797487198948888363e+02
1.005430404561463320e+03
1.005799621402633420e+03
1.011328551977145935e+03
9.934322827807836802e+02
1.005800406870350116e+03
1.000727438158342466e+03
9.979098802494238498e+02
9.979922596139352891e+02
9.958419838291631550e+02
9.973149428373387764e+02
9.939406025587852582e+02
9.964613825809441323e+02
9.927037150981143441e+02
9.980041076246086504e+02
1.008510082861405863e+03
1.007731499553809499e+03
9.888529577499109564e+02
1.014688890239031025e+03
9.984466990596509959e+02
9.995079727337071063e+02
1.008703653863960540e+03
1.012664391344949536e+03
9.979519205949163734e+02
9.968979930394327766e+02
9.844396313639158507e+02
9.942391039106599919e+02
1.008095663964162895e+03
9.948727609878218345e+02
1.001231027819159976e+03
1.005716287187820853e+03
1.007207818748880754e+03
1.023966786205714811e+03
1.000148280739771167e+03
1.011719960056648461e+03
1.006404001653928503e+03
9.943996795990335613e+02
1.011017547172904528e+03
1.013681576661576628e+03
1.003508321668943040e+03
1.007687957462321947e+03
1.008911763297321841e+03
1.014953127324456659e+03
1.009251959923842946e+03
1.002188877062534175e+03
1.002625233813173736e+03
1.002362849284271761e+03
9.989244812681708936e+02
1.002346690079796417e+03
9.927740027782716652e+02
1.003514934444199298e+03
1.011767883693628050e+03
1.016667060897639999e+03
1.005157652740786261e+03
1.006459588538163416e+03
1.019406924927485761e+03
9.963260128824482535e+02
1.019715690516511472e+03
1.000450932898886549e+03
1.013551152123664451e+03
1.002155972847296880e+03
1.001730209014465345e+03
1.004344261201388235e+03
1.004085019274276874e+03
1.006158119911500762e+03
1.004202752321568823e+03
1.019263900062080438e+03
1.004063511823815588e+03
1.003871222963674768e+03
1.005766622571271341e+03
1.005527295980862391e+03
1.005181868374792998e+03
1.003288628898674006e+03
1.015079557963258139e+03
1.014869171665529052e+03
1.014421075468168851e+03
1.016445221389023345e+03
1.013003314231744753e+03
1.010743063735007354e+03
1.015194654754964176e+03
1.020959904415162327e+03
1.006778485024469092e+03
1.029024542108746346e+03
1.017316263567628425e+03
9.978115442712548884e+02
1.003524081604153253e+03
1.008561807523642528e+03
1.011087799679691670e+03
1.021838865377743787e+03
9.916778873423820642e+02
1.024108806209214890e+03
1.011324397437036396e+03
9.939660600921963578e+02
9.873293128554487339e+02
1.015876897397251582e+03
1.015473080162562837e+03
1.009154006290370489e+03
1.001455732933969330e+03
1.011507635185140089e+03
1.011211304443020254e+03
1.022747696854116157e+03
1.011200815402065132e+03
1.013139658221333093e+03
1.011817291077251639e+03
1.006430904967556785e+03
1.005630411871499518e+03
1.014653433619465886e+03
1.010642670613153541e+03
1.024040417865548079e+03
1.024765415678998124e+03
1.019223236090741239e+03
1.004531665535618231e+03
1.002117496077218107e+03
1.000302128292142925e+03
1.013016808638029488e+03
1.036637802688285092e+03
1.017332261965713542e+03
1.017282356138957311e+03
1.008934685031109439e+03
1.012719116762915746e+03
1.011548120570293804e+03
1.015034465494372398e+03
1.007986200428383199e+03
1.014776808707253281e+03
1.022266537476490612e+03
1.002575886153822239e+03
1.013397489521556054e+03
1.010340359015868103e+03
1.012254997926377314e+03
1.012271776608104801e+03
1.012755991249794306e+03
1.024202428460565443e+03
9.959217029244269952e+02
1.002712649356408633e+03
1.016289692433148048e+03
1.019051887457750695e+03
1.020080354627607107e+03
1.011458706583046933e+03
1.015993799178873701e+03
1.009323444005480155e+03
1.005033263030845887e+03
1.014497040119037592e+03
1.019587964795002904e+03
1.005542258221492943e+03
1.024569825495718760e+03
1.007581074119049390e+03
1.014421584675959593e+03
1.015900843050284266e+03
1.026384385394707124e+03
1.012493227894250140e+03
1.027328869613246752e+03
1.014564984616549509e+03
9.971223476615318759e+02
1.019296585847618189e+03
1.027998271295442237e+03
1.019935236455080826e+03
1.014039981462649394e+03
1.020334762688352725e+03
1.022401929288857900e+03
1.009178476433635524e+03
1.011810283142293429e+03
1.021190470749364067e+03
1.020982842780438091e+03
1.026155756129470774e+03
1.029889711626110056e+03
1.027017341085878797e+03
1.030184019261461799e+03
1.013510783927693410e+03
9.994194613194520116e+02
1.015717392983923901e+03
1.022649400142553986e+03
1.030007260013183895e+03
1.012071861096145767e+03
1.028277014758154110e+03
1.015526611362340873e+03
1.009183281808361016e+03
1.016149181987250472e+03
1.010935373391304211e+03
1.011209814602599408e+03
1.030979428434277224e+03
1.013264125251929954e+03
1.025721217100758849e+03
1.030787336821987083e+03
1.025445799878424396e+03
1.041843292501355336e+03
1.014967419529777089e+03
1.011560524591149260e+03
1.024614350071493391e+03
1.025850027128618422e+03
1.012573657723662791e+03
1.021789114093737453e+03
1.022786537458631074e+03
1.026860331845111659e+03
1.008771596780232812e+03
1.030074907255570224e+03
1.014469789727931584e+03
1.020191241529786339e+03
1.014404546250960266e+03
1.033344913854510651e+03
1.018584434315840099e+03
1.019985794118816330e+03
1.012877151918474510e+03
1.025750107738398583e+03
1.013389719497114015e+03
1.022840885140459022e+03
1.018332456217968229e+03
1.030296776076900187e+03
1.026957271713607497e+03
1.030492805335185039e+03
1.021443488152846385e+03
1.032056399696415383e+03
1.024855002462142465e+03
1.031145735170745638e+03
1.041340135298532687e+03
1.012681676842840261e+03
1.031094303186425805e+03
1.032423834140891358e+03
1.032615767232269036e+03
1.021147772747244744e+03
1.023719768994652213e+03
1.023760702096574960e+03
1.021341014642312302e+03
1.024696806502621712e+03
1.017926152434211417e+03
1.024271556410853236e+03
1.016323892135428082e+03
1.011497142148393323e+03
1.029393816264778934e+03
1.014597888684500958e+03
1.028493480491525361e+03
1.013824575931183745e+03
1.025525471003910752e+03
1.024304319106900266e+03
1.005456591763139500e+03
1.023667319659171199e+03
1.025075770068333441e+03
1.033857210530129123e+03
1.040737254853101831e+03
1.024508908425094432e+03
1.018139689954398136e+03
1.029206638124411484e+03
1.022031067757975507e+03
1.013445470754150278e+03
1.020301660308905639e+03
1.023626720493238963e+03
1.023296474972767555e+03
1.027541196161410653e+03
1.020480442736607188e+03
1.021786837258860487e+03
1.009176659739743855e+03
1.027861792238868929e+03
1.032924733980328938e+03
1.025328695229711229e+03
1.029626131066251219e+03
1.016564573788407529e+03
1.033650163148863385e+03
1.026938449898857925e+03
1.029184323677029397e+03
1.030235883413374722e+03
1.035255125030525505e+03
1.017683917902742792e+03
1.024046289023777717e+03
1.034178420687785319e+03
1.020060597106173645e+03
1.019124460134922401e+03
1.029270004147763302e+03
1.020141601470297132e+03
1.015621545272253684e+03
1.028709856418281788e+03
1.020709744829630608e+03
1.032375341387137723e+03
1.040203567870021061e+03
1.027173038896023627e+03
1.032662604455975952e+03
1.018662344432148643e+03
1.022499621858327600e+03
1.013155546665789643e+03
1.026048965598631185e+03
1.022089568550134118e+03
1.035460254850828733e+03
1.023976472164842789e+03
1.027921970324940958e+03
1.053603315873239808e+03
1.042614113445785279e+03
1.028408403319985155e+03
1.027697056406426327e+03
1.020289602622927305e+03
1.028775455327090185e+03
1.022511986361104618e+03
1.025925433498032362e+03
1.016473814336918622e+03
1.045711009050284019e+03
1.011296712804879235e+03
1.021046228394920263e+03
1.026227098548983577e+03
1.029738992478280352e+03
1.038574951059067189e+03
1.017778820169312212e+03
1.024869397147661175e+03
1.023513608335590334e+03
1.020651539756661805e+03
1.032824132222919843e+03
1.024724187392135946e+03
1.033137867554782133e+03
1.034985687746265057e+03
1.019190142068900741e+03
1.025838600984793175e+03
1.022409126274719938e+03
1.031685781498658798e+03
1.025955788087270776e+03
1.035156139770610025e+03
1.019514509138415633e+03
1.025778670197771589e+03
1.019639119787334721e+03
1.026327935190982544e+03
1.038061914845227875e+03
1.021974351382783880e+03
1.026580926742251222e+03
1.036838619214357095e+03
1.031220540495482965e+03
1.027661914312856879e+03
1.050305663507137751e+03
1.026669660933192745e+03
1.025069688411273546e+03
1.031388408040500508e+03
1.044347483110633220e+03
1.022631803345572280e+03
1.028022236312103360e+03
1.038027182214296772e+03
1.030530180135578121e+03
1.030221096441297050e+03
1.024556967590297518e+03
1.038050358788882022e+03
1.037042669259982176e+03
1.035587126347292497e+03
1.023431920569045701e+03
1.022897500952503606e+03
1.043281356378514829e+03
1.031957528312269915e+03
1.037898541306865127e+03
1.032448220549202006e+03
1.041373543636702152e+03
1.041191154537790226e+03
1.022058891412193589e+03
1.035155600244022025e+03
1.050947578589857585e+03
1.022386048642396759e+03
1.039251796332318008e+03
1.032391721871578739e+03
1.018589701038196836e+03
1.038909794879388073e+03
1.035587163787442478e+03
1.031170785002963612e+03
1.045910770054727891e+03
1.033437157773431409e+03
1.038028477149120135e+03
1.025954218163753467e+03
1.033714567859046383e+03
1.040973767126394932e+03
1.035985094880451470e+03
1.037747385451642458e+03
1.014871138428531594e+03
1.022397691229393558e+03
1.034600270964115680e+03
1.037217302492158979e+03
1.049458353224076063e+03
1.037144767630902152e+03
1.042449181278866718e+03
1.031273364819199514e+03
1.025434577534018217e+03
1.025698852089524280e+03
1.038210907077137335e+03
1.042373121964056736e+03
1.037077871654582850e+03
1.031193169457284512e+03
1.029166690047772363e+03
1.025735305620953341e+03
1.025873323120691339e+03
1.043601201255058186e+03
1.035144203719547477e+03
1.031243131355057358e+03
1.042851778890681544e+03
1.016636212373184549e+03
1.050674366253112566e+03
1.044585947924132142e+03
1.036277125723301651e+03
1.029308095569347870e+03
1.034930921146914443e+03
1.042999874320242498e+03
1.040915620863764616e+03
1.037271627211271152e+03
1.040598261713478678e+03
1.036697197487691710e+03
1.052745598323044760e+03
1.040657688968723505e+03
1.043358859312561208e+03
1.060578863435231142e+03
1.040879518366567709e+03
1.032896688298299068e+03
1.042673286670207062e+03
1.042735453454715753e+03
1.039568798720671566e+03
1.022994646203181674e+03
1.047991723706884841e+03
1.032449960970698612e+03
1.030554637368074509e+03
1.043144026461777912e+03
1.040141086549680949e+03
1.031403945555786095e+03
1.042549720622463610e+03
1.038066943306265330e+03
1.032768281383851672e+03
1.046586097079961746e+03
1.039144565945931390e+03
1.040141525545538570e+03
1.026190783437989921e+03
1.029094656651809601e+03
1.031871248737690166e+03
1.022924127448972513e+03
1.040496558828716616e+03
1.039153436321895242e+03
1.041729258904986636e+03
1.050840839221072656e+03
1.038832731356412751e+03
1.037092145132036194e+03
1.044461352174821286e+03
1.044932291481703714e+03
1.025538971869301804e+03
1.046890370733803820e+03
1.041651726905768555e+03
1.045407946844210073e+03
1.049118880801044952e+03
1.041803217339321236e+03
1.039972276801146563e+03
1.030509282080094636e+03
1.034998542896175422e+03
1.032965787989095816e+03
1.040151281270020036e+03
1.037254500897463913e+03
1.037523304632513373e+03
1.043296923208754151e+03
1.036740229107682580e+03
1.035320943717291357e+03
1.050558934319847822e+03
1.030003749480009446e+03
1.045956449606591377e+03
1.045343398008178156e+03
1.026328273670220597e+03
1.040307416163872631e+03
1.032028749595367344e+03
1.035066773918434137e+03
1.049823382965289056e+03
1.037909897046744618e+03
1.052295626952023213e+03
1.038927429958985840e+03
1.011369116904749717e+03
1.033621765680092267e+03
1.029224372105013344e+03
1.024061682683002800e+03
1.039998256734574625e+03
1.038175988761357075e+03
1.043683396777506914e+03
1.040007484138167229e+03
1.044023282117973622e+03
1.056453894866264363e+03
1.030472445256491937e+03
1.025989193167720487e+03
1.038293933244829759e+03
1.028574790572752136e+03
1.048500458611892327e+03
1.031776000560221746e+03
1.043173521828892945e+03
1.041126215429501372e+03
1.030239589212507781e+03
1.051538306255360112e+03
1.043880387753074501e+03
1.048100430205109205e+03
1.043487430316194377e+03
1.054181698975726249e+03
1.034479207951124636e+03
1.034739077462480736e+03
1.048419451619520032e+03
1.045855889108449446e+03
1.054730774942177732e+03
1.035269045256483196e+03
1.019443079011980331e+03
1.049727456601256108e+03
1.038020699807767642e+03
1.038146177741404699e+03
1.037141186971836532e+03
1.047720649740265344e+03
1.048347046034052710e+03
1.046824046446909961e+03
1.054890386053507655e+03
1.033671320984872182e+03
1.037521781967862353e+03
1.042767673327628700e+03
1.046251578622769784e+03
1.031864311833871170e+03
1.045730036170910807e+03
1.047776624498782894e+03
1.041120809909313721e+03
1.053734234052030843e+03
1.039289902081414311e+03
1.040860004133433904e+03
1.062482053743428878e+03
1.054026375362446288e+03
1.026452242777298125e+03
1.047714850771453939e+03
1.045151411404901182e+03
1.038824764277655504e+03
1.040864762655926370e+03
1.043164576725221650e+03
1.043191548713678230e+03
1.041737325127988015e+03
1.041370361711682563e+03
1.057970010907842152e+03
1.038564141580636715e+03
1.030909527902490936e+03
1.035338346132471088e+03
1.036537436171694708e+03
1.044240816583272817e+03
1.050930979370101795e+03
1.048510765075539211e+03
1.039048571314797528e+03
1.045554962217478305e+03
1.048494621064821331e+03
1.044962234819331570e+03
1.062229564087610925e+03
1.028236232226364791e+03
1.029682617950640633e+03
1.044126402763293072e+03
1.046294408282285758e+03
1.040102966851670317e+03
1.046792897031026314e+03
1.043804721625546790e+03
1.036038645255472602e+03
1.044189963382917313e+03
1.035418385223428686e+03
1.048085042403804664e+03
1.045224501738481649e+03
1.046389688374289108e+03
1.033447783920207485e+03
1.037727047140651393e+03
1.048592434129365074e+03
1.046743261904263591e+03
1.047164847380915944e+03
1.058178263503882818e+03
1.048835996865841025e+03
1.050224233586806804e+03
1.060124135361738354e+03
1.050570634563787735e+03
1.061997464367482053e+03
1.044766753229511551e+03
1.044964363647151458e+03
1.051268092626800581e+03
1.067560523072754222e+03
1.059707944766911623e+03
1.038890350308961615e+03
1.040690464191715137e+03
1.034203696232154016e+03
1.060067603995124728e+03
1.058574636650031835e+03
1.054782604873862965e+03
1.053070138698466280e+03
1.047286300835826296e+03
1.044637470634106649e+03
1.058540385861776258e+03
1.051635609513131840e+03
1.049458663190452853e+03
1.037932218578230959e+03
1.049144388487502511e+03
1.062179029815661806e+03
1.053967110623226063e+03
1.059096584893643467e+03
1.033996013945603409e+03
1.051405877220601042e+03
1.036659082848818343e+03
1.053812638271621154e+03
1.060089259491115854e+03
1.055021901810159989e+03
1.052812149786706868e+03
1.050775890276859400e+03
1.057462195721935586e+03
1.066514473087277565e+03
1.047425094235753477e+03
1.044282295914813403e+03
1.048232920652415942e+03
1.050869878902593882e+03
1.039930602050385687e+03
1.056083730645509149e+03
1.044343456204263248e+03
1.068472737914336903e+03
1.050982679185458437e+03
1.045803304577238578e+03
1.058716269551777714e+03
1.045811330238580922e+03
1.045757568723200848e+03
1.058009333806347740e+03
1.048223128695954301e+03
1.034645744937967720e+03
1.040896604132097764e+03
1.047946630418925452e+03
1.055536206457912158e+03
1.041313115429350546e+03
1.038461594776255879e+03
1.054064236445212373e+03
1.048642606122068628e+03
1.050799841546469452e+03
1.032144995555147034e+03
1.053677514675342991e+03
1.051569245150159304e+03
1.059242890903546595e+03
1.036654484199425724e+03
1.048252035168568000e+03
1.056357596855306838e+03
1.054695288954181251e+03
1.049189357408423348e+03
1.062825267385353982e+03
1.051617184728234179e+03
1.049227302407354273e+03
1.067543282386394822e+03
1.055932289569997465e+03
1.056069556825601012e+03
1.052768491671567745e+03
1.035838569470910215e+03
1.046585217932661180e+03
1.048456020199674185e+03
1.051828355335849210e+03
1.046064111096083479e+03
1.062253407846964819e+03
1.063513241410182673e+03
1.039207391892498435e+03
1.054350089921363633e+03
1.044958453483699259e+03
1.054176464893647108e+03
1.043729848262267751e+03
1.051914092993693657e+03
1.055540261205453817e+03
1.063409190450139249e+03
1.068063057984547413e+03
1.046432096588585182e+03
1.047489072786993802e+03
1.057904298106759143e+03
1.059417243642099947e+03
1.065484432703642824e+03
1.052402848865413716e+03
1.051628510367669378e+03
1.043315284417506291e+03
1.044065215205363074e+03
1.067094386972501752e+03
1.064915562210077724e+03
1.046011234149600114e+03
1.061129837645901262e+03
1.065254561154657495e+03
1.058145723402105887e+03
1.065076101067670152e+03
1.050563161931846480e+03
1.058632366116438561e+03
1.062919075397818460e+03
1.060117724145500006e+03
1.048160929748262333e+03
1.030976058095390272e+03
1.049930331046605943e+03
1.057645445784394724e+03
1.032259644272292007e+03
1.048629376786444254e+03
1.061961431296199862e+03
1.063675657449607115e+03
1.049067174873400518e+03
1.054468954019883540e+03
1.073129544346906187e+03
1.056270797902481263e+03
1.064662282667544787e+03
1.043891484645321952e+03
1.031693977977776740e+03
1.054403764743520014e+03
1.051193716804807536e+03
1.060793901983055548e+03
1.052895606465804121e+03
1.037384841644505968e+03
1.045716590072741838e+03
1.065648915210763562e+03
1.047272813085201733e+03
1.059688149699786663e+03
1.052123818925210117e+03
1.072181994933261876e+03
1.050652970079810530e+03
1.050553628309235592e+03
1.069128978681355875e+03
1.072985563219351661e+03
1.052837664956930439e+03
1.050929517606236004e+03
1.052319906018691654e+03
1.059956188855460368e+03
1.051321736529755526e+03
1.065685434956394829e+03
1.051485633614100152e+03
1.066721716989359493e+03
1.065493272285912099e+03
1.060242563543427877e+03
1.046432383233076280e+03
1.043500608983170650e+03
1.039954294045522147e+03
1.043723836951612839e+03
1.051138767480130127e+03
1.041561857004837975e+03
1.057902107499318845e+03
1.042569016871365875e+03
1.058639830509300054e+03
1.048846429072081719e+03
1.056358586360571053e+03
1.064674815898184761e+03
1.054070557993629336e+03
1.046708913235429009e+03
1.073044516815276438e+03
1.056858846036667728e+03
1.065599429227952214e+03
1.063736855179146232e+03
1.056929154795011982e+03
1.067535119058984947e+03
1.039913766067247707e+03
1.056422800112297864e+03
1.039144697931174051e+03
1.061531393242274362e+03
1.060674365650776735e+03
1.073555079645556134e+03
1.041774611165375063e+03
1.044536647384091339e+03
1.067558652163550278e+03
1.046289971273996798e+03
1.055956457056312502e+03
1.055379421210597911e+03
1.057322212598747683e+03
1.061947013309214299e+03
1.045314418428218687e+03
1.049274733979021221e+03
1.053623883199381453e+03
1.054757770230010010e+03
1.062238817383311016e+03
1.052517959816715347e+03
1.042869940034985120e+03
1.050552791376972436e+03
1.040998637899536106e+03
1.055901164571388790e+03
1.051705605636728706e+03
1.058277835502643029e+03
1.049237479953463207e+03
1.057516852969964248e+03
1.066053109528304276e+03
1.051207614430644753e+03
1.052270516961189287e+03
1.059273325322049459e+03
1.051462026374632842e+03
1.059167712908654721e+03
1.051115954924470770e+03
1.041742534695608356e+03
1.055051633000143283e+03
1.067078237203684466e+03
1.050599935916229697e+03
1.060307591919451852e+03
1.039999159798206620e+03
1.046954436801680231e+03
1.059344400980412956e+03
1.061247644221156861e+03
1.071093835481494125e+03
1.056033778481267063e+03
1.064602858686468380e+03
1.056732207571681556e+03
1.048662922996367797e+03
1.043412518774974387e+03
1.053750829115320812e+03
1.058723843369642509e+03
1.057898557415399182e+03
1.067181782275761861e+03
1.060008165722342710e+03
1.084283111333090346e+03
1.040980533312678972e+03
1.062418494428345184e+03
1.044804377481412757e+03
1.049798614615257065e+03
1.047530723389143759e+03
1.042984316665701044e+03
1.055721723913511596e+03
1.052181832219403987e+03
1.064983283218658698e+03
1.061813215505405651e+03
1.064759979733215914e+03
1.055378129953247708e+03
1.050429679524435869e+03
1.058123840388563849e+03
1.048363915661701867e+03
1.058407678195321296e+03
1.063634160268380356e+03
1.052643003007234256e+03
1.064524122221615471e+03
1.070219503386268570e+03
1.066071711397410127e+03
1.066160172163895368e+03
1.066448173068000415e+03
1.059583246933146256e+03
1.051864241240659339e+03
1.059782351252089484e+03
1.062933935278030731e+03
1.046252203209234267e+03
1.052481872828732321e+03
1.045281392173907989e+03
1.053869232852694950e+03
1.060175388068659231e+03
1.055221517283621552e+03
1.060186064535627793e+03
1.076938591401167287e+03
1.047608529484052724e+03
1.062439687799015928e+03
1.064282344843904866e+03
1.058075531366369432e+03
1.034249523970587234e+03
1.077098342639212660e+03
1.058118618492288988e+03
1.065078009506572016e+03
1.050727316818464942e+03
1.059364007990643131e+03
1.062493938472540549e+03
1.061122862664483819e+03
1.063935571287033781e+03
1.053887799734032114e+03
1.058281092130484240e+03
1.056384764432988277e+03
1.057105081782489378e+03
1.065287315963917763e+03
1.058404083874869912e+03
1.059603493722406711e+03
1.067321646955104370e+03
1.062031419442232163e+03
1.051712283728476223e+03
1.044176804847546919e+03
1.077738937947956401e+03
1.059635650104627985e+03
1.057927749097171272e+03
1.068128382768077699e+03
1.052971252400294816e+03
1.072073739303273896e+03
1.052178074728967204e+03
1.067480737199055966e+03
1.067704349478864060e+03
1.057138468356916292e+03
1.080899538464727584e+03
1.046303825584181595e+03
1.061936496188840920e+03
1.049729060446164112e+03
1.048499786523257399e+03
1.054602531881953155e+03
1.053949531980231313e+03
1.067600713465813897e+03
1.065740612387442752e+03
1.052393958723278729e+03
1.061754980022234349e+03
1.060747971397166339e+03
1.052435459686979357e+03
1.075221776502658031e+03
1.066143717250629834e+03
1.070589688993179607e+03
1.072150393622619504e+03
1.054931150406485358e+03
1.061492626116808424e+03
1.040886151463621218e+03
1.051495750482221865e+03
1.069016616493571746e+03
1.054526413259816991e+03
1.071846119489032617e+03
1.047734100014832848e+03
1.072849342718807975e+03
1.055755552050261485e+03
1.046796252454084197e+03
1.043182321700045122e+03
1.070570707358650907e+03
1.063065229764836658e+03
1.070864533389987855e+03
1.054581130247651799e+03
1.069038953337776093e+03
1.063112272814404150e+03
1.052779061393305255e+03
1.042894163554015904e+03
1.063070729421311853e+03
1.066916876218970401e+03
1.051846421161171065e+03
1.054799072137427174e+03
1.072517383564051215e+03
1.061309861112412136e+03
1.059653420130334325e+03
1.061247917739799504e+03
1.056496523322907933e+03
1.056640193686295333e+03
1.062003426744066246e+03
1.071530295937942356e+03
1.053395553047653721e+03
1.068431147776749413e+03
1.053306584594955439e+03
1.066034595156124169e+03
1.066436051593636421e+03
1.057859183644837231e+03
1.060575428601738622e+03
1.059549342023927011e+03
1.046720567898394620e+03
1.055727761954915422e+03
1.083771460878186190e+03
1.064464522716231158e+03
1.057787944944439460e+03
1.053346500926701765e+03
1.050840969210225467e+03
1.061659571463799239e+03
1.062645641392589596e+03
1.068582323462775094e+03
1.067233132239469342e+03
1.055219042386569527e+03
1.070208776702383147e+03
1.063078499743697193e+03
1.058499853091690966e+03
1.063695543885502957e+03
1.051403977403113231e+03
1.051907038033187291e+03
1.047701969933773398e+03
1.062508430632390855e+03
1.042245861552935366e+03
1.045873446435028882e+03
1.059057697618819020e+03
1.079432812039719010e+03
1.053631165240610699e+03
1.051582424071905734e+03
1.058592799189991865e+03
1.072194113625059344e+03
1.037710967913147215e+03
1.066292190897610453e+03
1.067077608954084326e+03
1.065561539037439616e+03
1.053736232600921994e+03
1.053934102868425725e+03
1.056949830228744759e+03
1.069086995325390035e+03
1.057868594836902957e+03
1.057034094237779982e+03
1.067258351968582247e+03
1.063965804447811024e+03
1.071887831380545549e+03
1.057099202766099552e+03
1.053169508120266073e+03
1.049806755712660106e+03
1.074937346047484198e+03
1.069765811561824194e+03
1.069216488983745194e+03
1.062653934795397163e+03
1.053772359252041724e+03
1.056724915393662968e+03
1.065225747629594480e+03
1.061158511416693955e+03
1.066656994579171624e+03
1.070360563011000977e+03
1.054711881407198462e+03
1.054972263621444654e+03
1.054192276153131843e+03
1.060802919036949788e+03
1.065764619426016907e+03
1.068405443696741713e+03
1.059546006505308242e+03
1.066557074683210431e+03
1.064775559147939248e+03
1.069308957939549600e+03
1.051877044057568355e+03
1.061961434162031310e+03
1.070435494380685668e+03
1.050179789164608565e+03
1.065044206878370233e+03
1.059585546282453379e+03
1.059320531560113068e+03
1.050726252883172037e+03
1.060458279973493518e+03
1.072001059089326645e+03
1.044538063349509457e+03
1.050941566040251018e+03
1.052121066652860918e+03
1.061438882951087180e+03
1.069605594055895608e+03
1.047791235295732577e+03
1.064773288538678116e+03
1.058398503024572165e+03
1.058306103002967575e+03
1.062127524997304590e+03
1.040001523327001905e+03
1.071342455264532646e+03
1.074214471427352692e+03
1.080976882817521755e+03
1.049018402050414352e+03
1.049190618897195691e+03
1.057600579589730387e+03
1.055400175674467164e+03
1.056038905091301785e+03
1.060230601228185151e+03
1.063228958139320412e+03
1.070120459672679772e+03
1.059417043762740377e+03
1.046161923754777035e+03
1.063960273640211199e+03
1.067085676165253517e+03
1.071403096217083203e+03
1.066510320211468752e+03
1.045088411826494166e+03
1.062465509301790007e+03
1.053786191082458345e+03
1.055517900128239035e+03
1.073024707440671136e+03
1.060477146436352541e+03
1.063054516665924666e+03
1.065594243872172456e+03
1.072208693712066633e+03
1.054454712974940321e+03
1.067731258310588146e+03
1.054753091609441753e+03
1.058182351276212330e+03
1.059812321924947355e+03
1.068627842359519946e+03
1.054336773372201606e+03
1.070895044140965638e+03
1.068584195516636782e+03
1.068046037298737247e+03
1.045507895174505393e+03
1.043891084266299913e+03
1.065947450122833743e+03
1.075795924465501002e+03
1.071750191528487903e+03
1.058032888201318656e+03
1.055321902951521224e+03
1.073615066266624126e+03
1.045528216642893767e+03
1.063548638501143387e+03
1.040300173265613921e+03
1.064138757792708930e+03
1.065700648111498140e+03
1.051965397301015855e+03
1.061492314086593524e+03
1.059363628871771652e+03
1.049303370857615164e+03
1.069738166661760033e+03
1.082104091710500143e+03
1.043470828724652847e+03
1.058540202204562775e+03
1.056280353125493775e+03
1.065469532714245361e+03
1.045411166251825762e+03
1.059621021012806978e+03
1.061822363490589396e+03
1.050635123986122835e+03
1.042072899101729945e+03
1.060597507508746276e+03
1.066738113131264527e+03
1.058276190164558557e+03
1.059456192713856353e+03
1.048530577113361005e+03
1.063658482250207726e+03
1.059256030244861904e+03
1.063572092427117695e+03
1.062657116645426868e+03
1.049950966056134575e+03
1.058244981322945705e+03
1.062511063135639233e+03
1.062777091655924323e+03
1.057434929982525546e+03
1.048316464706599390e+03
1.056574380316584666e+03
1.055903644056614212e+03
1.064119118341209060e+03
1.060612750278933163e+03
1.051110674651847830e+03
1.058665482954126674e+03
1.065977961444114499e+03
1.052523814519356165e+03
1.066239566640794919e+03
1.059746463825304090e+03
1.073130581523210822e+03
1.047492330040996649e+03
1.051183988347534068e+03
1.055125728013566459e+03
1.060170306004452868e+03
1.067387582699009727e+03
1.057927933388058591e+03
1.064118064888515619e+03
1.063888549311276392e+03
1.041005095267953720e+03
1.055769140770157037e+03
1.061665362132783230e+03
1.067866103662228625e+03
1.044987503357942387e+03
1.047160365701919090e+03
1.048221964380585405e+03
1.034669591947456411e+03
1.043256276945595800e+03
1.065020511764251978e+03
1.064116461356623631e+03
1.063528009509699586e+03
1.061572960244232036e+03
1.054265619349243934e+03
1.061138346261892139e+03
1.074723806663103232e+03
1.055776433974938755e+03
1.077725232707636223e+03
1.053531381481981953e+03
1.042945849165295613e+03
1.058364914902083910e+03
1.067009073338491362e+03
1.050209930486402982e+03
1.057378894418842492e+03
1.058764888611939114e+03
1.064095024427740555e+03
1.057860977743120884e+03
1.055946427204021347e+03
1.051994459841558410e+03
1.061145577335111739e+03
1.060507479576124524e+03
1.058690219974549564e+03
1.054454645077347550e+03
1.072935040053748708e+03
1.051717830832520121e+03
1.050608875698438851e+03
1.063353430599685908e+03
1.049978539771462010e+03
1.060060648105421933e+03
1.063347901517336823e+03
1.063233805485437642e+03
1.047338016285576487e+03
1.051216817964388611e+03
1.041234334123209464e+03
1.061340447862362907e+03
1.058069323983372669e+03
1.051158821525270696e+03
1.058554088461807396e+03
1.052193068202862605e+03
1.055548733381604279e+03
1.055259931754399759e+03
1.064278204744946379e+03
1.064395772553931010e+03
1.059449829323343693e+03
1.046056492748799428e+03
1.046689031266687834e+03
1.046639749202163785e+03
1.060588016064780959e+03
1.072605538290146342e+03
1.063447157423624276e+03
1.065915521000731587e+03
1.056676943466952252e+03
1.045036039712008687e+03
1.056567220576954696e+03
1.053285051853108143e+03
1.051324200451423621e+03
1.060446642027334974e+03
1.035674574726359424e+03
1.071173292784617388e+03
1.047855514912190756e+03
1.065349962186486209e+03
1.068876558199601050e+03
1.049117010319228257e+03
1.050562428805302034e+03
1.059261853874823146e+03
1.064915989119665255e+03
1.065808719193722482e+03
1.074156533622524421e+03
1.051549804722925956e+03
1.054914430038081036e+03
1.047542916007428175e+03
1.046417304551788902e+03
1.046694545869929698e+03
1.056702765189604634e+03
1.044799281025566643e+03
1.060656527089475730e+03
1.065870388465296401e+03
1.061736143403836650e+03
1.050174466761170152e+03
1.052058118859023580e+03
1.055532289651533119e+03
1.051345166451738805e+03
1.050653178637115616e+03
1.054454557356830719e+03
1.056681216653608089e+03
1.036972619022898471e+03
1.052180721832187146e+03
1.061833870415855472e+03
1.052016605097898719e+03
1.048865492237926446e+03
1.062456328097347523e+03
1.051648836932750783e+03
1.050741787766192829e+03
1.053054411561266761e+03
1.059526873813048951e+03
1.061561654414603026e+03
1.049907641535699895e+03
1.064191446706681290e+03
1.063903327716939202e+03
1.050230338461983365e+03
1.042029401178063154e+03
1.070144864094831973e+03
1.051214313001851224e+03
1.052473905184773230e+03
1.068536414108979443e+03
1.056314692270397018e+03
1.063603998279916823e+03
1.058722487978877325e+03
1.057493425033336507e+03
1.068654509648577687e+03
1.062752275008848528e+03
1.057394652270434790e+03
1.041401723187087555e+03
1.048751967902388060e+03
1.063422476356502102e+03
1.068826315242854434e+03
1.066621338122624365e+03
1.053632545793115241e+03
1.053824645072052590e+03
1.045858934899162023e+03
1.039011836665258670e+03
1.066383646656091742e+03
1.062047058309586191e+03
1.059281184039343316e+03
1.066973177907045283e+03
1.068622359852782665e+03
1.055788123730889083e+03
1.046139195083670529e+03
1.061610089136799161e+03
1.067401254541202889e+03
1.043877373930782596e+03
1.062621974925900076e+03
1.043474244094885762e+03
1.062094569533512185e+03
1.052826328452074904e+03
1.068840325272311929e+03
1.059865844804882499e+03
1.050986946311297288e+03
1.056111972929841841e+03
1.039563601442296886e+03
1.050478560996069973e+03
1.047477497569344223e+03
1.044098921105229692e+03
1.046019147885358052e+03
1.045109703479063000e+03
1.057638306957686837e+03
1.033554184955051824e+03
1.063275052040426090e+03
1.056586544247973507e+03
1.068915113775965892e+03
1.055966395115847718e+03
1.053672661598367768e+03
1.049081564901156753e+03
1.055605471058223429e+03
1.051266477963876696e+03
1.069226073277034629e+03
1.066873732775634608e+03
1.053671049118511974e+03
1.054978719631114927e+03
1.059131875582220800e+03
1.065023691281249057e+03
1.062735572632120693e+03
1.056416872265116581e+03
1.059511693834454036e+03
1.057921801548424810e+03
1.052745347428929335e+03
1.055068330852567669e+03
1.044949075664130760e+03
1.052669801665992054e+03
1.057421566895312026e+03
1.040531047548424795e+03
1.054267006046482720e+03
1.032872759522404067e+03
1.052030280992345979e+03
1.050794641584429883e+03
1.057771393850627192e+03
1.048493901585895856e+03
1.049054390681781342e+03
1.062308543271367853e+03
1.062126636451219156e+03
1.064072970979990259e+03
1.054405101265244639e+03
1.043461674383717309e+03
1.044235676305475636e+03
1.045456250844263650e+03
1.057865154060140412e+03
1.041289044231211847e+03
1.040428671641087021e+03
1.030522546060334889e+03
1.049720682633774913e+03
1.048003443620203370e+03
1.053053614304394159e+03
1.057890828578090805e+03
1.036598610367289439e+03
1.046196687533493105e+03
1.041602924776021155e+03
1.044511674279156296e+03
1.037068497873360684e+03
1.041951514598772519e+03
1.031502530327237764e+03
1.054992923465259082e+03
1.061820755857661652e+03
1.035186904819968731e+03
1.059926946455811049e+03
1.045994861431755680e+03
1.036946362093561220e+03
1.041069558767498165e+03
1.054876938893968372e+03
1.036107916916866316e+03
1.044135329381344945e+03
1.034397062421040118e+03
1.043305925457088279e+03
1.037730134570816745e+03
1.052436465804518775e+03
1.056308581780594068e+03
1.051296224756143829e+03
1.036427860338660594e+03
1.051400211588258571e+03
1.032731657637466469e+03
1.049927652938996744e+03
1.043419959844342429e+03
1.044714051226666470e+03
1.044277608701999270e+03
1.058739607115011040e+03
1.050620022217069163e+03
1.053968442901014441e+03
1.036206177639140378e+03
1.051382535608385524e+03
1.049571696208586445e+03
1.041200976316526521e+03
1.049756779610423337e+03
1.051487926778180054e+03
1.047166276767855607e+03
1.045506948031900720e+03
1.052612649799739074e+03
1.042562599045383649e+03
1.060574218570520088e+03
1.050597163405049287e+03
1.037629538434165624e+03
1.027543760440874394e+03
1.043028278503400543e+03
1.035801140280723303e+03
1.035284298285445175e+03
1.037669116929472466e+03
1.043350039177088092e+03
1.046891663332421558e+03
1.047049173356511346e+03
1.026954037294699447e+03
1.051125139790295179e+03
1.050277690257165887e+03
1.053195346867520129e+03
1.043339479674258882e+03
1.043311421555103379e+03
1.042594343209082581e+03
1.042285766828199257e+03
1.063015016609696431e+03
1.038484046202401942e+03
1.039704069348312714e+03
1.042710075875895654e+03
1.029025214987359504e+03
1.048757684585215657e+03
1.042158397991298671e+03
1.038839844791288215e+03
1.040862692341843740e+03
1.043753063019161800e+03
1.049592032266471506e+03
1.029062628747994722e+03
1.042610530522836825e+03
1.041980989693867514e+03
1.062638756613049736e+03
1.045727381570172611e+03
1.039190784025241101e+03
1.051344273761484601e+03
1.045244975596281620e+03
1.043111588924335592e+03
1.037289154875789791e+03
1.037439136681493892e+03
1.039713264391403754e+03
1.041107736173109970e+03
1.049366087327876812e+03
1.040185965425802351e+03
1.044040253369144693e+03
1.026291692689572983e+03
1.048095659915158649e+03
1.050554762304360793e+03
1.038186195566025845e+03
1.040953198543564440e+03
1.045982535703845315e+03
1.049018412074743537e+03
1.036460770332440916e+03
1.033066252591204375e+03
1.044367687355713770e+03
1.037870479260010143e+03
1.041317463972018231e+03
1.023213915365370212e+03
1.043355230055848097e+03
1.041736711719285267e+03
1.043756814367384322e+03
1.012934766233223854e+03
1.022230922063912089e+03
1.048420741301469207e+03
1.037988689869669543e+03
1.033591416804146547e+03
1.040388421931477524e+03
1.045835946104687991e+03
1.031661170723778469e+03
1.025588285602720362e+03
1.056354675724198842e+03
1.031332739663927896e+03
1.034438598276979064e+03
1.046115942636640284e+03
1.046787201822472980e+03
1.052042583721616893e+03
1.043168665356291513e+03
1.029500612099824139e+03
1.033235577441234682e+03
1.044825028631880286e+03
1.027576585516972273e+03
1.033362013097549834e+03
1.033037728513990942e+03
1.042403123369685545e+03
1.037738790166369654e+03
1.033747789683098290e+03
1.029121701417967415e+03
1.051335523806155152e+03
1.041916012081260533e+03
1.037254805194286291e+03
1.027006369789813562e+03
1.039462505421073956e+03
1.039896181450205631e+03
1.042653921545379262e+03
1.042934889503852673e+03
1.028843046011912065e+03
1.027226256140349506e+03
1.019390081353756386e+03
1.028685101190122623e+03
1.025747521432914709e+03
1.037926399173301206e+03
1.047647406768317069e+03
1.043102255951853749e+03
1.028482232300840224e+03
1.049633630988931372e+03
1.029310648520958466e+03
1.028816234292758054e+03
1.026677048472296974e+03
1.026726687250866689e+03
1.044294474463168626e+03
1.031939318802636762e+03
1.034424187050517503e+03
1.045506964164391775e+03
1.017774477550510710e+03
1.025356172463522853e+03
1.023375200103512157e+03
1.018967686586190553e+03
1.030970890183783922e+03
1.024069417009594645e+03
1.041833742664438887e+03
1.034816441428928783e+03
1.033240166666812001e+03
1.033045026363289253e+03
1.013906524501110880e+03
1.026724998136490967e+03
1.027362351564154551e+03
1.042686490900460285e+03
1.016591794482426849e+03
1.026675042534069689e+03
1.033659878510327644e+03
1.028424588157292874e+03
1.030633990011367132e+03
1.037022687454301604e+03
1.021730244440052047e+03
1.029265252771513133e+03
1.037000984970238278e+03
1.033865220746539308e+03
1.036053684043844669e+03
1.029053230666665513e+03
1.019351122681852530e+03
1.023869216848858969e+03
1.024987143938935560e+03
1.013045608375089728e+03
1.035468141920154721e+03
1.013369128875468959e+03
1.033070259842872474e+03
1.027070319084157745e+03
1.037227536104775027e+03
1.035480651927089184e+03
1.027952454102335423e+03
1.018884756686411492e+03
1.031912174755104388e+03
1.011394971597345602e+03
1.031627953130179549e+03
1.021079975869060945e+03
1.027587507619861526e+03
1.038174110392336843e+03
1.029455813969022984e+03
1.023310799063661307e+03
1.021841021779264111e+03
1.018540134266735208e+03
1.020944865826216301e+03
1.023401859911770998e+03
1.030105203590328301e+03
1.032631857843669877e+03
1.014935859558008701e+03
1.016582843048272480e+03
1.002515870663570695e+03
1.027205879385995786e+03
1.024574423766665177e+03
1.017076670493677057e+03
1.020993695689515562e+03
1.042416076286354837e+03
1.027721758008947290e+03
1.024407930543256498e+03
1.031843809919085516e+03
1.028025333697324413e+03
1.023375629753579005e+03
1.017755349874047397e+03
1.017864630224699340e+03
1.036782302631352650e+03
1.026654424839317471e+03
1.020899061230833240e+03
1.032321988410347331e+03
1.038058898252771542e+03
1.010570629380794003e+03
1.010147058231141273e+03
1.026906948999024280e+03
1.017292238053313440e+03
1.021607978496229180e+03
1.030987022539139844e+03
1.017883461588104183e+03
1.026241634682904078e+03
1.024717594883786205e+03
1.006094176182137517e+03
1.022213581721725859e+03
1.009096903857310508e+03
1.014786923070623743e+03
1.020835435847276813e+03
1.026204182992373262e+03
1.023609379495338771e+03
1.028635822933416421e+03
1.021328072325286485e+03
1.020992764384001021e+03
1.017118639398254800e+03
1.005164412987092987e+03
1.010527397988723123e+03
1.022712866964306158e+03
1.023079715417712350e+03
1.017774696427832168e+03
1.003873138051161050e+03
1.028279374146623240e+03
1.010182473832292089e+03
1.020900976726403087e+03
1.020152155195541809e+03
1.018590722463084148e+03
1.018528820950637055e+03
1.015115470710083628e+03
1.005124586866559525e+03
1.017229893197253659e+03
1.016328681251755143e+03
1.011659514086579065e+03
1.022968925807783535e+03
1.022903761244112275e+03
1.021664593663457481e+03
1.007860770404067694e+03
1.032766463291273112e+03
1.017674000404650087e+03
1.009971626384353726e+03
1.003811294779319951e+03
1.015021250054886536e+03
1.033999426403150892e+03
1.015733601373965143e+03
1.022024186600457369e+03
1.033116915874419647e+03
1.005107475885901749e+03
1.017325286002251687e+03
1.017217355083467737e+03
1.006814623651307556e+03
1.012141090941655875e+03
1.013914360601396538e+03
1.003847253072883632e+03
1.011762730211251437e+03
1.013915314577326740e+03
1.013917610780088808e+03
1.019409549884485159e+03
1.018714999076516051e+03
1.016296705923081390e+03
1.023990319147877699e+03
1.010971592995743208e+03
1.013669194674464961e+03
1.003731744768525914e+03
1.020194174822576315e+03
1.016510621920387393e+03
1.022544511181591588e+03
1.006573084511459342e+03
1.018857805591062288e+03
1.006203445167509585e+03
1.013615698633720285e+03
1.019880121723119146e+03
1.021759616727517823e+03
9.977888487563679973e+02
9.913635890373194570e+02
1.004674028500824420e+03
1.019677971695281713e+03
1.006337206623598490e+03
1.018036336055188940e+03
9.990666515416478433e+02
1.014040627013327708e+03
9.926322607710208104e+02
1.017854511313478952e+03
1.017109128265721210e+03
9.910779544283871019e+02
1.005560120507247007e+03
1.011561022121538372e+03
1.002280878829979997e+03
1.005126236394583430e+03
9.997961033958242751e+02
1.009485296642294770e+03
1.013715672062572366e+03
1.006540918539348354e+03
9.986906264828244275e+02
9.929437359957594254e+02
1.018343456784757677e+03
1.007535402101706495e+03
1.002563147271724119e+03
9.957348361094143456e+02
1.000121709746718579e+03
9.942015744766514445e+02
1.005093883812517788e+03
1.013206871357366026e+03
9.806510752687548802e+02
1.008170427023323896e+03
1.015954493636925008e+03
1.010310182428771896e+03
9.997709854661680993e+02
9.930045214944786949e+02
9.998196771760656247e+02
1.003915751029536978e+03
1.009316380665348333e+03
1.001499027792910056e+03
1.008370015542206602e+03
1.004753560528586377e+03
1.010154044864305092e+03
9.996304630366337278e+02
1.003618176288480299e+03
9.870947573881537664e+02
9.969487126759324838e+02
1.008984895031335782e+03
1.013499382468726026e+03
1.014360156518372833e+03
1.003345416419868116e+03
1.002077993482193278e+03
9.996049135642635974e+02
9.938902343384947926e+02
9.988268599359489599e+02
9.963780262017107816e+02
9.963202551635331474e+02
1.008453301689803652e+03
9.996771734367955560e+02
9.954325867115348956e+02
1.008902680451236620e+03
9.931714340744101719e+02
9.907077330373747373e+02
1.005058875328134832e+03
1.016692121026899940e+03
1.012388994305223150e+03
1.002443170731709074e+03
1.011538803598289178e+03
1.007837008286246828e+03
1.013775432379108224e+03
9.942868046349440192e+02
9.927595473068267893e+02
9.963922452991293994e+02
1.000246873506441261e+03
1.012297379014071112e+03
1.000109686451827201e+03
1.000872412061739396e+03
1.001905600473233335e+03
1.022897533962321404e+03
9.894529157443136000e+02
9.906949637270467974e+02
1.017721178590640420e+03
9.908598324089380185e+02
9.784300686615483755e+02
9.978253808569209014e+02
9.990136719362967597e+02
9.933678727705355413e+02
9.915647344837298078e+02
9.918039665483449880e+02
9.973163492739201956e+02
9.801637547571174309e+02
9.867077692678009271e+02
9.757924778048286498e+02
9.739517370684336584e+02
9.792010770030967706e+02
9.920394216256773916e+02
9.931026741977625534e+02
9.902692105172922084e+02
9.911893653573005167e+02
9.842818966753516179e+02
9.892695925992043158e+02
9.899791103410609594e+02
9.943126869639336292e+02
9.963317924531326071e+02
9.998209045997266458e+02
9.959084754958919348e+02
1.005491566808690550e+03
9.882526055138346237e+02
9.888453751462561740e+02
1.000528587465324790e+03
9.871764752976463342e+02
9.791034729449331735e+02
9.970386310171036257e+02
9.921579965852768055e+02
9.944930277083208239e+02
9.757688442741031167e+02
1.009044836173965678e+03
9.731009928115033745e+02
9.725977994869915619e+02
9.898133496418604409e+02
9.895845760732800045e+02
9.811292273383180600e+02
9.900238491002758110e+02
9.799139724822291555e+02
9.890885859545057883e+02
9.767023580626497505e+02
9.866895891896205057e+02
9.775836546367424944e+02
9.835778588551834218e+02
9.878661306013740386e+02
9.812922221161372818e+02
1.002532235747525419e+03
9.811649509645235412e+02
9.797276149963633998e+02
9.774386071028520746e+02
9.907718757972595540e+02
9.825607880836903405e+02
9.916882680263299790e+02
9.891189397203813769e+02
9.891944161102208000e+02
9.802761265966530573e+02
9.827531039296795825e+02
9.871367384042450794e+02
9.905978523867743206e+02
9.897529692383105839e+02
9.928520846140473850e+02
9.851679519508217027e+02
9.835264047951479824e+02
9.672253424017210364e+02
9.826019994511342475e+02
9.815675261687979400e+02
9.913574505289200260e+02
9.930771200576330102e+02
9.809044785929829686e+02
9.818628526148698938e+02
9.763502379686095765e+02
9.904225021990732785e+02
9.879004590230798613e+02
9.905938824214356373e+02
9.708878958092373068e+02
9.862753144761245494e+02
9.752358607150771377e+02
9.840160790247228988e+02
9.577169415782698252e+02
9.817874569545120949e+02
9.901901406910959622e+02
9.724255449588954434e+02
9.731952182004331462e+02
9.735918118147769746e+02
9.825648107731237815e+02
9.756403832395542395e+02
9.650469758962767628e+02
9.924181120082594134e+02
9.668189720860725629e+02
9.698013380677681425e+02
9.699358575565661340e+02
9.762191499214064834e+02
9.654208986425355761e+02
9.706971802268892588e+02
9.693999231876193790e+02
9.634958164475472131e+02
9.790190128807156498e+02
9.839216290199783543e+02
9.584641019302164295e+02
9.793733834900403963e+02
9.667280558948241378e+02
9.649425009710063250e+02
9.720620794092701544e+02
9.740242497704853122e+02
9.691268865209875685e+02
9.741634245332481896e+02
9.633937340188246026e+02
9.708269295897018765e+02
9.591422091271772388e+02
9.768626277828966522e+02
9.399990386656048713e+02
9.803421828600706931e+02
9.512116177822099417e+02
9.791346682387238616e+02
9.704669491130989627e+02
9.688123021038538809e+02
9.883076747059878926e+02
9.563554571820443471e+02
9.784296512649643773e+02
9.639197649458822070e+02
9.743792102084478302e+02
9.646611094325637623e+02
9.793898141881606989e+02
9.529934851274579160e+02
9.657552588515329717e+02
9.706380708418824952e+02
9.619106488312820602e+02
9.745678432482835660e+02
9.632404627477554868e+02
9.604510524720260491e+02
9.550858627594527661e+02
9.640500382669243891e+02
9.743861147491570591e+02
9.642259038639417668e+02
9.632637672795775643e+02
9.538733879986592683e+02
9.669144708153792180e+02
9.400806504698537083e+02
9.657091757163518650e+02
9.636176356934449814e+02
9.783649340794493128e+02
9.582419901044916060e+02
9.688947839113745886e+02
9.594313082772150665e+02
9.488045451585840055e+02
9.636158900878203895e+02
9.587298997710897766e+02
9.490702603442632608e+02
9.559470278564064074e+02
9.637857464153760247e+02
9.524645048864485943e+02
9.580486447347441299e+02
9.599875200696670845e+02
9.463066777558839249e+02
9.570173299520962473e+02
9.576295807541469003e+02
9.537432458849559680e+02
9.671025713098072174e+02
9.610662472053372767e+02
9.596903721557594054e+02
9.621509321842154350e+02
9.373026793783049015e+02
9.512401634858397301e+02
9.792137751694550616e+02
9.522523396777990001e+02
9.414810408925753791e+02
9.597370402411029318e+02
9.537815468179724121e+02
9.502876989126926901e+02
9.404682271441797639e+02
9.473394621039429921e+02
9.524024225402945376e+02
9.494420625944394487e+02
9.506250615568171725e+02
9.740100213414502832e+02
9.554833724462880582e+02
9.679392900523162098e+02
9.446722675686417006e+02
9.464412676995543734e+02
9.533328612630782573e+02
9.572372597090741237e+02
9.497612211813573140e+02
9.498856922538750496e+02
9.467006882465682338e+02
9.565161109180883159e+02
9.521152739832905354e+02
9.566458167346856953e+02
9.536413451229917655e+02
9.468588564534368288e+02
9.453446261897182694e+02
9.367339023566545393e+02
9.565250986560996580e+02
9.494986098970081230e+02
9.479691341950583592e+02
9.630674595555983615e+02
9.393798237125954529e+02
9.352725291767442286e+02
9.552293365317884763e+02
9.407958481323530577e+02
9.584905650213345325e+02
9.493550800072594029e+02
9.259965398385288609e+02
9.456383362160780734e+02
9.391298313998647700e+02
9.387124273868487307e+02
9.543735193726577108e+02
9.536011366340660516e+02
9.652041497122395413e+02
9.614264253486994676e+02
9.438892645544333391e+02
9.504274485325704518e+02
9.391346068107474139e+02
9.397776280927305379e+02
9.288613358316723634e+02
9.269660559024450777e+02
9.374600166065918074e+02
9.315326241337008923e+02
9.363512049520313667e+02
9.419048599035652387e+02
9.400871664281901303e+02
9.455507021301710893e+02
9.436037710535348424e+02
9.477928292410733775e+02
9.550055502058239654e+02
9.322584026301901758e+02
9.432144639405634052e+02
9.409334698439311069e+02
9.338194612082288586e+02
9.327249664365765511e+02
9.447888257359390991e+02
9.295954656874250759e+02
9.348088460937971149e+02
9.264882979531859064e+02
9.375435366423539563e+02
9.479621943605523029e+02
9.442412576881870336e+02
9.398302515609469765e+02
9.528436401781241329e+02
9.342274681606065769e+02
9.305524859791958079e+02
9.283397854977572479e+02
9.383693644337743081e+02
9.322186406024052303e+02
9.354285033247765568e+02
9.416063061123800253e+02
9.220796623570827251e+02
9.246373385739716468e+02
9.235018316034521604e+02
9.347550308943943946e+02
9.152254654325874981e+02
9.362561023373482385e+02
9.335513095809401420e+02
9.154556423877952511e+02
9.269966052051420320e+02
9.346761895156435003e+02
9.310765699897171999e+02
9.352772089782129115e+02
9.238550873541794317e+02
9.296113724445152684e+02
9.222871252172902814e+02
9.348003156771851536e+02
9.324078160542235310e+02
9.387299051190771024e+02
9.301505824976602526e+02
9.165887032103939873e+02
9.350030437157993219e+02
9.130119251744422399e+02
9.209717910060053327e+02
9.162193225477652732e+02
9.165431348210386204e+02
9.358965920836021724e+02
9.348628246459563798e+02
9.185069628556582302e+02
9.146301096658809229e+02
9.116446213061798289e+02
9.316882924892312303e+02
9.477558573002968387e+02
9.164592524817898038e+02
9.191071429559260650e+02
9.189981016294111669e+02
9.203207542616689807e+02
9.177323965436052049e+02
9.141242378374402051e+02
9.182122080509838042e+02
9.160469377095057553e+02
9.194999410371750628e+02
9.301793294074245750e+02
9.182797948494264801e+02
9.174593550542698495e+02
9.081972622595367284e+02
9.179801617617475813e+02
9.199233274136998944e+02
9.155851584295819521e+02
9.100498127817304521e+02
9.205021911411907922e+02
9.231370806407662712e+02
9.104759828304368057e+02
9.109183178652104971e+02
9.185770018274620270e+02
9.069713921653957414e+02
9.129715638317782123e+02
9.277382750992383080e+02
9.046992744206331736e+02
9.048405793091146734e+02
9.187138453525096793e+02
9.096272860540263991e+02
9.014516131706753868e+02
8.849145743578619658e+02
9.056685311272824492e+02
9.144848450978829533e+02
9.101264247879921641e+02
9.133577732831489584e+02
9.086308668335375387e+02
9.100535744215160321e+02
9.023854351351712921e+02
9.024719385872351722e+02
9.111182058305712417e+02
9.088466373779061769e+02
9.119377252516735552e+02
9.114481644491924044e+02
9.126620930745226588e+02
9.016319211046048849e+02
9.058321713275743150e+02
9.113945668686994850e+02
9.041286184775490256e+02
9.044180955451067803e+02
8.955950975488524364e+02
9.266216968333974364e+02
9.091858547390878584e+02
9.066972791564708132e+02
9.012676065673556423e+02
9.104106532895049213e+02
9.017942494754017844e+02
8.950639050707627575e+02
9.012709088430976863e+02
9.018323187582329865e+02
8.992381787800816255e+02
8.937972668635850368e+02
8.789637840770913044e+02
9.076816043312981037e+02
9.101644486186107770e+02
9.019134135496780118e+02
9.075399105630215217e+02
8.873987427651857161e+02
8.935937011291059662e+02
8.985677065970328385e+02
8.907121576149345401e+02
8.893931842755757771e+02
9.008411003537466968e+02
8.887594974764303970e+02
9.028519417740246809e+02
8.975500975745960659e+02
9.117428130837784011e+02
9.035765077986458209e+02
8.963012123049619504e+02
8.981718189117339080e+02
8.923709397659982869e+02
9.010807911778076686e+02
9.037534952453729602e+02
8.959429508172504484e+02
8.961362278293300960e+02
8.935269479021644656e+02
9.050703681426302865e+02
9.022535624048363161e+02
8.845873359494696615e+02
8.870610815442653347e+02
8.684544603385620576e+02
8.822851743942151188e+02
9.118334351637688542e+02
8.760494338246472807e+02
8.902053942708005252e+02
8.900205062477000411e+02
8.966151428018974912e+02
8.991459456569366466e+02
8.739131454607907017e+02
8.942442400550371531e+02
8.933263941337169172e+02
8.854075350921427798e+02
8.918703873668044935e+02
8.951153748221462365e+02
8.861396749725477093e+02
8.863325781045784879e+02
8.902755716842023048e+02
8.774195913017122166e+02
8.947062692798538137e+02
8.657343717482133343e+02
8.888919883699734328e+02
8.898933180016591677e+02
8.765402001105121599e+02
8.843168150668350336e+02
8.775748255308692478e+02
8.719409645436990104e+02
8.900101242928515148e+02
8.754238612612914494e+02
8.853139742865935204e+02
8.723647397470300575e+02
8.919565983188568907e+02
8.711037760096373859e+02
8.757132154594637541e+02
8.762695135264834789e+02
8.716642044616659177e+02
8.760468941392188071e+02
8.810485429827180042e+02
8.642997514088235675e+02
8.824235875340618804e+02
8.849742872281206019e+02
8.807051717700037443e+02
8.872084578135181800e+02
8.633857121222474689e+02
9.025879242683481607e+02
8.685741402157558468e+02
8.670191008644000021e+02
8.840234810247247879e+02
8.890057119567878772e+02
8.742269789513377418e+02
8.682697125759082155e+02
8.729157775792139091e+02
8.763758015885690611e+02
8.615587422944822720e+02
8.637414228572067714e+02
8.749224728252897876e+02
8.831694834940778946e+02
8.690598660185280551e+02
8.604438390428251751e+02
8.678716893086277651e+02
8.676171108363259918e+02
8.731599332879442272e+02
8.589626087521016871e+02
8.758639908346876837e+02
8.663724845199672018e+02
8.740739922069859631e+02
8.630076548233621452e+02
8.618246544942022638e+02
8.558680519655119951e+02
8.655119911162979633e+02
8.545506495269012248e+02
8.505946723108511378e+02
8.790994448338235543e+02
8.544361796625124725e+02
8.614447919902324884e+02
8.529052296542961358e+02
8.636676497550920431e+02
8.667040809751487132e+02
8.662102241326881540e+02
8.619477748669307857e+02
8.682936288373498428e+02
8.547775571531285550e+02
8.536031568037061561e+02
8.694714116921397817e+02
8.739677138185032845e+02
8.798862669111326795e+02
8.710177800681265126e+02
8.516172289223987946e+02
8.562142538212929139e+02
8.551148423980348525e+02
8.466527756820914874e+02
8.504616418678856462e+02
8.518215316305590932e+02
8.518004465798859428e+02
8.643291454015850377e+02
8.526325051791612850e+02
8.460579145166450417e+02
8.534802589909484141e+02
8.514002397554806976e+02
8.528254889693030236e+02
8.494571093437422178e+02
8.480275453080103034e+02
8.457368155801406147e+02
8.446593330603081995e+02
8.575397688287604296e+02
8.471661338979191669e+02
8.507376606455102319e+02
8.509519330180881980e+02
8.455092588789379988e+02
8.447327022617830607e+02
8.605152973512651897e+02
8.271197154201190642e+02
8.453496158303503307e+02
8.469922730506599464e+02
8.653636789572502721e+02
8.426455300890547733e+02
8.427590296284063243e+02
8.480805939962875755e+02
8.399137009358221349e+02
8.353039417340322643e+02
8.636539607008238590e+02
8.440913897109444406e+02
8.541834317649265813e+02
8.503265730178503645e+02
8.454606778829074756e+02
8.525561545228749765e+02
8.415815279125274628e+02
8.391883273959983853e+02
8.383285521978320958e+02
8.353073657454528984e+02
