9.768374432679904658e+02
9.755880729798010407e+02
9.637358910499806370e+02
9.850306212250525277e+02
9.712506429244667743e+02
9.928382745437717176e+02
9.855550461058048768e+02
9.664685838489702974e+02
9.721168955369655578e+02
9.853057030464876789e+02
9.878988003430563367e+02
9.835315601949068878e+02
9.894352823171698219e+02
9.831433560372668126e+02
9.731151712650276977e+02
9.799075017920661139e+02
9.777370563631543519e+02
9.845261244137331005e+02
9.867506946450982923e+02
9.730193341368315032e+02
9.775300039710490410e+02
9.792047696406390287e+02
9.777880899597327016e+02
9.797657791312886957e+02
9.690983867126515179e+02
9.802939708994557577e+02
1.002132075032458260e+03
9.849188110386767221e+02
9.872108246819722126e+02
1.001094497457348552e+03
9.831269250243415172e+02
9.957363776718015060e+02
9.782718183584026974e+02
9.850515777035299152e+02
9.890262755563492192e+02
9.828390651330088303e+02
9.832069049593500267e+02
9.778069346284347603e+02
9.754353846284374185e+02
9.835553853583913906e+02
9.988294046226627643e+02
9.674953678254504439e+02
9.860726206416019295e+02
9.833303498702167644e+02
9.839963911125885261e+02
9.737022697510411717e+02
9.800503216524025447e+02
9.970523411614075258e+02
9.866527813665755957e+02
9.987215115841274837e+02
9.650720594888310870e+02
9.752810761742296108e+02
9.980401794579515808e+02
9.933253436481936660e+02
9.689438744336534910e+02
9.767202394090113557e+02
9.933577170455806709e+02
9.963456823714496977e+02
9.855163543998866089e+02
1.007095405657563560e+03
9.849595836450258730e+02
9.931052374954023207e+02
9.932064895609246378e+02
9.909283533846487444e+02
9.928685746528535674e+02
9.843322984926304571e+02
9.784531317523575353e+02
9.726254464678002023e+02
9.881466266031724217e+02
9.881727942621160992e+02
9.853754358951523500e+02
9.825791652024879568e+02
1.001364689756297480e+03
9.864285337453791271e+02
9.943668520362456320e+02
9.843961298333534842e+02
1.000653217081721095e+03
9.882740836813231908e+02
9.860264801650187110e+02
9.852238235248200908e+02
9.867783681376354252e+02
9.891114962413108742e+02
1.010142232673963463e+03
9.976628661174202080e+02
9.865080774087068676e+02
9.832872276173073942e+02
9.955470503866984018e+02
9.979427696516827382e+02
9.803503113792172599e+02
1.001958062677707403e+03
9.944880823421415244e+02
1.000529366118470762e+03
9.824080904344384635e+02
9.846154860359063150e+02
1.008298305856662864e+03
9.933746260682756883e+02
1.000728799925574776e+03
9.959487989301012476e+02
9.893655330384939361e+02
9.972193293972195534e+02
9.944349369068349915e+02
9.994549151745700328e+02
9.910951873040446571e+02
9.982807010545675439e+02
9.922623260409568502e+02
9.864723620159383017e+02
9.934568358642362682e+02
9.698983022710643809e+02
9.861925912158142182e+02
9.945079056827599970e+02
9.876305535045188435e+02
9.916748871880882916e+02
9.853492414009733693e+02
9.867567657306802857e+02
9.860570612906500401e+02
9.838172915240505745e+02
9.926391991047522652e+02
9.896706296029005898e+02
9.910355589810154697e+02
9.901638540923094070e+02
9.871565489685964394e+02
9.942946724257761844e+02
9.832601019652892091e+02
1.010350225332352352e+03
9.984750634519914456e+02
9.867165948356858962e+02
9.862494533946958200e+02
9.838501840317959477e+02
9.932263877036735948e+02
1.003616528671362289e+03
9.981074250990546943e+02
1.001948121488992683e+03
1.003416928041532628e+03
9.981494975065344306e+02
1.004606571302244788e+03
9.895739513147974549e+02
1.002805785165672091e+03
9.928248330660977672e+02
9.841026833300606995e+02
9.771742026355409507e+02
9.983114256860474143e+02
9.962905144502636858e+02
9.954771251161746477e+02
9.967266976625977577e+02
9.873461196701550762e+02
9.984510187620229544e+02
9.999011106479379123e+02
9.998669235413644856e+02
1.008940705478570862e+03
9.932457214907287835e+02
9.919842036498874904e+02
9.985222566456031927e+02
1.006427411102490737e+03
9.973266159333801397e+02
1.004434270130145705e+03
1.011110662782673558e+03
1.005569602751984803e+03
1.000085326367863672e+03
1.010637993234249279e+03
1.009300883365425989e+03
9.978953587128127083e+02
1.001226134737164102e+03
9.906604828913194751e+02
9.874338051497060178e+02
1.004558091880765005e+03
1.001646656203840848e+03
1.008864706815467457e+03
9.998929415650428609e+02
1.019293494043181227e+03
1.010744410424624562e+03
1.013881883741986030e+03
9.984230030215667284e+02
1.005771425595115829e+03
9.933994981360317524e+02
1.010309601301630437e+03
1.007727369169232475e+03
1.000334257378443795e+03
1.000645584102329167e+03
1.013774945522053031e+03
9.784996108047471353e+02
1.000518381830227099e+03
9.970903019867216699e+02
9.975088697622345535e+02
1.016124300801222034e+03
1.002395420615796979e+03
1.013374613719485865e+03
1.004461671505298455e+03
9.963728427937087417e+02
1.003650319253627913e+03
1.010444920760035302e+03
9.970214327396510043e+02
9.990347996489889510e+02
1.014972250552843434e+03
1.010149512078897260e+03
1.016774360210972645e+03
1.000351265578981952e+03
1.008826644983412507e+03
1.013740928639781146e+03
1.015448598048669169e+03
1.006441643511714460e+03
1.017241365834407361e+03
1.016731108171303958e+03
1.002638848623330432e+03
1.004915826885547403e+03
9.964948745361833744e+02
1.011574768604443079e+03
9.981086637568463402e+02
1.003295448137365611e+03
1.009085648932474214e+03
9.999868834740316288e+02
1.004770421975341037e+03
9.988710158451211782e+02
1.004132942363064785e+03
1.006396274835112081e+03
1.011867944373840146e+03
1.006592619178098857e+03
1.001696958825940555e+03
1.013456223674542343e+03
9.931027339835430894e+02
9.994212216284007582e+02
1.002489068405587545e+03
9.969571839852633275e+02
9.969250575406803137e+02
1.008833200057924614e+03
9.851349671719056005e+02
1.001528969359188864e+03
9.963211265397652596e+02
9.995962947311264770e+02
1.007388135832359239e+03
1.016757772297153679e+03
9.984302372041097442e+02
1.008462653630858313e+03
1.013472640907442496e+03
1.014222163744545469e+03
9.970286374291258653e+02
1.013069186285024330e+03
1.016295635634541895e+03
1.011652962598050749e+03
1.000182263202544732e+03
9.994568157141236497e+02
1.002338197024597321e+03
1.024874888262866534e+03
1.022580755931977137e+03
1.008255589397502831e+03
1.004023397715574333e+03
1.020401970007520163e+03
1.008540166207642642e+03
1.012207814894557828e+03
1.001334863674452777e+03
1.012612988333322619e+03
1.010335297613385137e+03
1.011416499827551661e+03
1.005254450528118809e+03
1.007561190234360879e+03
9.972404630365947469e+02
1.009030262349062923e+03
1.010244569369918281e+03
1.014275036596528366e+03
1.010684484198218456e+03
1.016930593435819105e+03
9.948591419286149176e+02
1.013919668819366279e+03
1.001017927179649746e+03
1.014584645491245055e+03
1.007118345390540185e+03
1.006092663092336920e+03
1.004711500206214964e+03
1.004752113318930355e+03
1.012467996142038373e+03
9.976688223969118781e+02
1.019470752648147027e+03
1.015295842456901823e+03
1.020542625349438140e+03
1.010118586885883701e+03
1.018479110571487809e+03
1.023678606075565654e+03
1.017237024438332696e+03
1.017439207406214791e+03
1.002697072177810242e+03
1.020271221714391800e+03
1.027191189119393812e+03
1.018571019586044372e+03
1.022215362910238582e+03
1.026146062707055989e+03
1.008210973697779764e+03
1.024895595525314548e+03
1.027492847065042724e+03
1.002725051635020009e+03
1.017309499046372935e+03
1.020801158682911478e+03
1.026910835266083041e+03
1.007885352181651001e+03
1.009014732810351688e+03
1.019384176941745409e+03
1.008260491285569969e+03
9.987732640441849981e+02
1.017157244115498088e+03
1.012037200942764002e+03
1.020814214886547234e+03
1.017063321217012458e+03
1.013706192147742399e+03
1.023502761049311857e+03
1.022113375585631275e+03
1.003691915944369043e+03
1.002559020955485721e+03
1.026095819208713692e+03
1.010446598112468450e+03
1.016906382942142727e+03
1.007341308983228487e+03
1.013745822491393824e+03
1.019929056657489809e+03
1.016333482406923508e+03
1.025551539211708132e+03
1.019184412522912226e+03
1.021125435056805941e+03
1.014940548894715334e+03
1.020843208796683712e+03
1.017145981869335742e+03
1.016352713689247366e+03
1.008710448751058379e+03
1.028382025451478512e+03
1.019166744095401214e+03
1.011529151826602515e+03
1.014265247784326789e+03
1.016055052488101524e+03
1.025636007462987209e+03
1.021370935048668457e+03
1.028898241592984732e+03
1.010048764432979397e+03
1.028174767048027206e+03
1.030710288147434085e+03
1.025058036541018737e+03
1.022973239571258773e+03
1.024105790996021597e+03
1.011273254078786977e+03
1.029666121130366037e+03
1.022930844373190098e+03
1.016837609200146176e+03
1.024708440102630675e+03
1.020422396592699215e+03
1.001498158259874458e+03
1.008825825590719319e+03
1.006345404261250565e+03
1.001426264054874650e+03
1.020960805973508741e+03
1.037211291421840087e+03
1.017195868940283390e+03
1.034891012911406278e+03
1.019001938197843174e+03
1.028551175421940115e+03
1.016891534934582069e+03
1.024349509293448591e+03
1.012421389451119467e+03
1.010186852203811554e+03
1.016261129840293393e+03
1.033688836356368029e+03
1.027866637409916848e+03
1.017165191529409867e+03
1.026037287935938139e+03
1.022959733760814856e+03
1.026965550181416575e+03
1.023304252374767884e+03
1.029333181774275317e+03
1.017245077619775088e+03
1.028893736997220230e+03
1.014892238972300902e+03
1.006528508943655652e+03
1.032255921561704099e+03
1.028369018835861652e+03
1.028356309594357299e+03
1.027979223497623252e+03
1.027017232270102340e+03
1.021067201557397539e+03
1.031607511613767429e+03
1.042251672229392852e+03
1.030581866255706473e+03
1.031301776673299855e+03
1.024463849097973934e+03
1.025428863488257775e+03
1.014354229619845796e+03
1.023686519945513282e+03
1.024224521034621830e+03
1.011891629046735375e+03
1.029785637627402366e+03
1.024207234223942578e+03
1.025031905276370026e+03
1.044822064924834422e+03
1.021427293150096602e+03
1.014800344705350881e+03
1.034569888415765718e+03
1.042160684499039917e+03
1.030523633477498379e+03
1.025766361434115424e+03
1.040185211042484298e+03
1.016480155789119749e+03
1.032580510168749470e+03
1.024559100088386913e+03
1.043768971319439061e+03
1.021796449259081214e+03
1.031613359921820802e+03
1.029941030310226324e+03
1.030103690043654296e+03
1.011513936606285256e+03
1.024205646627487340e+03
1.024400591536852971e+03
1.023195376640977543e+03
1.032756412121459789e+03
1.024396809929290839e+03
1.008755902083952492e+03
1.017096063725375416e+03
1.009056464728215701e+03
1.037407842333419921e+03
1.012809144131988887e+03
1.040131486628210496e+03
1.017313045230547459e+03
1.029560351994105758e+03
1.030436730370224950e+03
1.027256601005905850e+03
1.020538301886820591e+03
1.031722484945221595e+03
1.034091270352781294e+03
1.024380005148595274e+03
1.028868386222110075e+03
1.046525353040502296e+03
1.008289981306174582e+03
1.024389814622982612e+03
1.037361300753600972e+03
1.035517770533375597e+03
1.032103798661415794e+03
1.037364609631205212e+03
1.040324692740948194e+03
1.037083016678367358e+03
1.028927059217854094e+03
1.011318553019490082e+03
1.028773417864529392e+03
1.033964222093921308e+03
1.060210411928751228e+03
1.031479076419432204e+03
1.022194963228256825e+03
1.045654720131184149e+03
1.032801088939750798e+03
1.044367025993738480e+03
1.047499872611882893e+03
1.010350726682949130e+03
1.034321761415620131e+03
1.026569381663462536e+03
1.026225113957730855e+03
1.041395107787783445e+03
1.040853741352592351e+03
1.030583802233856431e+03
1.016540886761619390e+03
1.028288242820363166e+03
1.044535092343823862e+03
1.024274272524080288e+03
1.029936669335438182e+03
1.033881106711041411e+03
1.033469195445849664e+03
1.036069426116551313e+03
1.044280496192203145e+03
1.020573340903953522e+03
1.026292546483557089e+03
1.018364494764356209e+03
1.028841409482058225e+03
1.029922854846560995e+03
1.045035679176349959e+03
1.048589592663231997e+03
1.021977049004654418e+03
1.030321642106695208e+03
1.026602990494019650e+03
1.030787726262555225e+03
1.021464804232728284e+03
1.044948585989315916e+03
1.039057329889114044e+03
1.044374583521592058e+03
1.026776403898233411e+03
1.022913492962113651e+03
1.050138022539135818e+03
1.041826752989593388e+03
1.035047764828193976e+03
1.042497327570252764e+03
1.037921651377012722e+03
1.034126092055510526e+03
1.042966269677132459e+03
1.031227825859723225e+03
1.033596965080325617e+03
1.027294118191709003e+03
1.027759626379717929e+03
1.048270632616944567e+03
1.046181708849759389e+03
1.039942374442533264e+03
1.029000417274067104e+03
1.041656492800860860e+03
1.036564172792353475e+03
1.031932449628951190e+03
1.031277664061850601e+03
1.027520080933512418e+03
1.046027559354762388e+03
1.052740647560972775e+03
1.020890985701959039e+03
1.037538362380305216e+03
1.028515676001029306e+03
1.034110681145850094e+03
1.051271142679969898e+03
1.021675923058334547e+03
1.055258854923217541e+03
1.069784393161374965e+03
1.044633978458528190e+03
1.034330057371306339e+03
1.036655455137647778e+03
1.048315448138200736e+03
1.053828519460102143e+03
1.045843622855694321e+03
1.019061992971377890e+03
1.052916404155241025e+03
1.046208833363528584e+03
1.042346378373534208e+03
1.021931962264746858e+03
1.046447500104056871e+03
1.050420186839817916e+03
1.039449858375896611e+03
1.053016575631024580e+03
1.039859701248352849e+03
1.034122965510230870e+03
1.030764305768489976e+03
1.038277564518759846e+03
1.052363520167406250e+03
1.035065627511254206e+03
1.027216403633322443e+03
1.036696795007789660e+03
1.042649132278789011e+03
1.051995161938622005e+03
1.036985618545081024e+03
1.041307065396679263e+03
1.035342267269800459e+03
1.049884558293769260e+03
1.049129653346650684e+03
1.051586754371377310e+03
1.050886468007064650e+03
1.041555528837649717e+03
1.051054463866433252e+03
1.045737621580455652e+03
1.060407073528452202e+03
1.041540471977078141e+03
1.021851340288220626e+03
1.049371422724575723e+03
1.049659477196860735e+03
1.043743588722074492e+03
1.030280937979260216e+03
1.058166265298871849e+03
1.036131354057280305e+03
1.045327692181026578e+03
1.021500307005571131e+03
1.049912973272268118e+03
1.055159019113526938e+03
1.030688881434417226e+03
1.036809133544796396e+03
1.050796898621721539e+03
1.050455378359991983e+03
1.045927301543888461e+03
1.048084769430293818e+03
1.043309005194995734e+03
1.036874419365189397e+03
1.050589110828417915e+03
1.048883349819257774e+03
1.040308985045228383e+03
1.044483585133824590e+03
1.031685861310477321e+03
1.048705631682181320e+03
1.050055331540458837e+03
1.047302597039152715e+03
1.052896813215734028e+03
1.039664742021250277e+03
1.058189673908690338e+03
1.043169236034588721e+03
1.043068113246934445e+03
1.064118510128713979e+03
1.045032655755621590e+03
1.042741666635066167e+03
1.054068662403770759e+03
1.052617534095831843e+03
1.062274517803357639e+03
1.044681745116588445e+03
1.055401473231817135e+03
1.063106008097722452e+03
1.056101681534152021e+03
1.050175657934208630e+03
1.057961778895182988e+03
1.055078033772801973e+03
1.044524447980212017e+03
1.055186682232614430e+03
1.051656468338501782e+03
1.045598376841469417e+03
1.049083458622316812e+03
1.034625828160828860e+03
1.048941840577558423e+03
1.050006718409066025e+03
1.040791398055551781e+03
1.051783682297681253e+03
1.070413140630183761e+03
1.057849468499081240e+03
1.055369375164015537e+03
1.050339273234384791e+03
1.052017314895790832e+03
1.061614561366217004e+03
1.063158716001286621e+03
1.052514979327943365e+03
1.040002546251141894e+03
1.045225543879135557e+03
1.051680714351881306e+03
1.041288121800738736e+03
1.046980128145753724e+03
1.044854125439250083e+03
1.050986160026100151e+03
1.054322750792852048e+03
1.051774816471546501e+03
1.051593057614498548e+03
1.059503598849332548e+03
1.047282330000126876e+03
1.063568656657924748e+03
1.045105475989890010e+03
1.051389110730072616e+03
1.044826249244524206e+03
1.061018003780770414e+03
1.050303163293909392e+03
1.058017975800045633e+03
1.043153214221933695e+03
1.042221604644613080e+03
1.066226138514013428e+03
1.056506158613601656e+03
1.049921875438457619e+03
1.057739383516513499e+03
1.053434329768324233e+03
1.045791019357792720e+03
1.060533647806634917e+03
1.070279991082117476e+03
1.046240974638349826e+03
1.045902439703659866e+03
1.056534482775930655e+03
1.052824763331534996e+03
1.061202273421720520e+03
1.046921685025436318e+03
1.053694784908370593e+03
1.057499685366162794e+03
1.075100705605815392e+03
1.036645338216630762e+03
1.067684895436958186e+03
1.059677435669508668e+03
1.074479147297641703e+03
1.057347846806528651e+03
1.072212746667820511e+03
1.056393462563662069e+03
1.061713185071798989e+03
1.072820977619325959e+03
1.037633075405040927e+03
1.052441406864604232e+03
1.054657781656766474e+03
1.050933048744381495e+03
1.065748199345234752e+03
1.041604053442132908e+03
1.052259990128412710e+03
1.052584522642287993e+03
1.073444710444233579e+03
1.046828944710683345e+03
1.054703239994574460e+03
1.057502279342470501e+03
1.057311189428452280e+03
1.074334539245871156e+03
1.064919074378973392e+03
1.040216309262606956e+03
1.065733918723915622e+03
1.046852250378623694e+03
1.072058389657177258e+03
1.054448205887557833e+03
1.069460910974852368e+03
1.050955017110347171e+03
1.058246846875063056e+03
1.068421660773044323e+03
1.058320690499789407e+03
1.055456379789739913e+03
1.054529885545675370e+03
1.062441056198091474e+03
1.056029410116068220e+03
1.047453611782571897e+03
1.065749116760468951e+03
1.079092196304046638e+03
1.060504639454972903e+03
1.058567509960497318e+03
1.057399861120605919e+03
1.058767672609188594e+03
1.081402029752657427e+03
1.060443693764160798e+03
1.063266773011314172e+03
1.062149666076357335e+03
1.060068052607085519e+03
1.047965218923697648e+03
1.067769269947324119e+03
1.066184194523703127e+03
1.070515449586357818e+03
1.039414211190686274e+03
1.056340509485716211e+03
1.055418158554200545e+03
1.052628039630484636e+03
1.072142364970169183e+03
1.057302317479216981e+03
1.062560361141387602e+03
1.056039053664148469e+03
1.047160757333696438e+03
1.049989488260757980e+03
1.061998316870731514e+03
1.060239134051436395e+03
1.065076309196298553e+03
1.073897429744455621e+03
1.069452083469505169e+03
1.071789952310096851e+03
1.061213028169955805e+03
1.070227315661460125e+03
1.066352520487024321e+03
1.080933255065408503e+03
1.076377405917317674e+03
1.069309810045930362e+03
1.075694036924391185e+03
1.063209013820242490e+03
1.069838617786846271e+03
1.069454797836788202e+03
1.072538557024306101e+03
1.074934213419000116e+03
1.075521401187479569e+03
1.069716773163396738e+03
1.051352824542544113e+03
1.066624321567924426e+03
1.072404844073304503e+03
1.065774957691476857e+03
1.067888341280576242e+03
1.066182191933701915e+03
1.046713660800826574e+03
1.067509850088422809e+03
1.060912686324528295e+03
1.063185558096438172e+03
1.088815158937976094e+03
1.050393589698053347e+03
1.078116583559508399e+03
1.070753925124862008e+03
1.064614931761291245e+03
1.050909198549217990e+03
1.062648730458004820e+03
1.053035119049660580e+03
1.071163768805678274e+03
1.072259985720645318e+03
1.057541133912268378e+03
1.064390292439894665e+03
1.069801757515055442e+03
1.065734960299414524e+03
1.067647495628561501e+03
1.074507473495802969e+03
1.074287698697153473e+03
1.063559296617369910e+03
1.072283162602011316e+03
1.050558992856523446e+03
1.068845763507047877e+03
1.050052729674008788e+03
1.059537781108918352e+03
1.068066865947545693e+03
1.064132147513175369e+03
1.074145267111432304e+03
1.067917818843654231e+03
1.056874493056933034e+03
1.077504523497685113e+03
1.076773156472503160e+03
1.062163905198124667e+03
1.077115549104916909e+03
1.064536905998552811e+03
1.063943208006329542e+03
1.059751594200301724e+03
1.065317381604856791e+03
1.071860310956606554e+03
1.074143514872326023e+03
1.073643442675870574e+03
1.068052000819009663e+03
1.070041087716063203e+03
1.071241159334117810e+03
1.085485246968489946e+03
1.053968909432240252e+03
1.054878229959653709e+03
1.067717143897221604e+03
1.085617686257373407e+03
1.081418665408977176e+03
1.085090751654620362e+03
1.088285860525015778e+03
1.067839889237345460e+03
1.065134295947088731e+03
1.082097143648157726e+03
1.073651521284520868e+03
1.077362952778812314e+03
1.051063601079323917e+03
1.066841743758818438e+03
1.063104817419281289e+03
1.071802262484755602e+03
1.069303052865431710e+03
1.053337046085887323e+03
1.057261121966883820e+03
1.053718106865167101e+03
1.086640793030114992e+03
1.060579222708146062e+03
1.075445056608988807e+03
1.082105462451092990e+03
1.074444484868717609e+03
1.061341883303348141e+03
1.070652335642374737e+03
1.070254431720032471e+03
1.080608090894601901e+03
1.067119310067487731e+03
1.076963884455063862e+03
1.077328869485636915e+03
1.073724898390365297e+03
1.080812676540269649e+03
1.073682779086261462e+03
1.086228856222982358e+03
1.096250969731494024e+03
1.085280726617877917e+03
1.091158197100670122e+03
1.082534292786161359e+03
1.081393080486608369e+03
1.081818809284348163e+03
1.072482442274860887e+03
1.080897822723266927e+03
1.071308661503980375e+03
1.078206662047562986e+03
1.075444032626618764e+03
1.062306543431251157e+03
1.077312150644684380e+03
1.079253016271819888e+03
1.071146893919172271e+03
1.081418872843209783e+03
1.082223310856323906e+03
1.068708398441202917e+03
1.071363064242187193e+03
1.071664756735955734e+03
1.065773505679125037e+03
1.082460196755624338e+03
1.088214939379256748e+03
1.076820426733309660e+03
1.075152873997710003e+03
1.067846083236677487e+03
1.076653270979900299e+03
1.091767871901226499e+03
1.066759219306244177e+03
1.077204288054588005e+03
1.095357180512961122e+03
1.089603854842934879e+03
1.086089286402647303e+03
1.094311832172456661e+03
1.091672151359191048e+03
1.090016790832586594e+03
1.074311942227432837e+03
1.066070495028617643e+03
1.073147834915688009e+03
1.061401557246213770e+03
1.087499599314436409e+03
1.070494626435198143e+03
1.061672579451889987e+03
1.073768002580394068e+03
1.077550777655465481e+03
1.099656419216831637e+03
1.088051757197317556e+03
1.091143149944743755e+03
1.079400001612365941e+03
1.085481372532294927e+03
1.101531066761399643e+03
1.085225236123538252e+03
1.076103870864830924e+03
1.063671814892341672e+03
1.074156379261498614e+03
1.069781833206420742e+03
1.082180428014670952e+03
1.086378334601500001e+03
1.082811837430716196e+03
1.073103396400792917e+03
1.085464047859398079e+03
1.070290924054437937e+03
1.073629454694700598e+03
1.104069142405187677e+03
1.075996771209835742e+03
1.081011788921875223e+03
1.081258014762116090e+03
1.072242085912474977e+03
1.091550388663723425e+03
1.083063524408598823e+03
1.076011558978472976e+03
1.087171132727017721e+03
1.085952903349157850e+03
1.088831812930228807e+03
1.088910883177834648e+03
1.075712433426934695e+03
1.085045079069707754e+03
1.091896940620519445e+03
1.084707539163803176e+03
1.091927472655542260e+03
1.094516349024690498e+03
1.071303445888995611e+03
1.077546457649540343e+03
1.085031862794012341e+03
1.086748141916855502e+03
1.094252362969014484e+03
1.097367277496432962e+03
1.087581865790290522e+03
1.090504900523012338e+03
1.088704492417153460e+03
1.083742463481921504e+03
1.088007691186745205e+03
1.088597408908570515e+03
1.085437357662317936e+03
1.075275708873756003e+03
1.083716990315443809e+03
1.086433248225632951e+03
1.081409040047528379e+03
1.088630087600251954e+03
1.094129600251827469e+03
1.091034069000542331e+03
1.089864870760051417e+03
1.086254325525884269e+03
1.089416657040306745e+03
1.074275585189539697e+03
1.081091038459636820e+03
1.098672747956428339e+03
1.087916691869958413e+03
1.078530480752205676e+03
1.078095336772612200e+03
1.095715009210180824e+03
1.082729109084115407e+03
1.101780423642313963e+03
1.079145533819908451e+03
1.094305083898174871e+03
1.090671334617632965e+03
1.081021478467183897e+03
1.093573374424054464e+03
1.069854200526594923e+03
1.086246850950514272e+03
1.084709390741139032e+03
1.082131596719423897e+03
1.094099252818268496e+03
1.095392312890821131e+03
1.088162629761099424e+03
1.097574853742860114e+03
1.100945055158998457e+03
1.087833121807004318e+03
1.099680691012322313e+03
1.093872075437862804e+03
1.075689904338402130e+03
1.101922609931993293e+03
1.090685229948637016e+03
1.090597405103834944e+03
1.109063135736564846e+03
1.076080009941010985e+03
1.092186877800997991e+03
1.092726126879526646e+03
1.094671139440268007e+03
1.087328410646791781e+03
1.110841419952425667e+03
1.090676373129924968e+03
1.085508038188390401e+03
1.098535196306389025e+03
1.097451556873392519e+03
1.105948416510158040e+03
1.090268046866728810e+03
1.104987306619241053e+03
1.088469176640147452e+03
1.087735843780669484e+03
1.102744032254942795e+03
1.100508211279810894e+03
1.077584556015068529e+03
1.071858872575808164e+03
1.090998684959439288e+03
1.090085157560520884e+03
1.091829691673208345e+03
1.074945063000718847e+03
1.108281752870969285e+03
1.084211114403993861e+03
1.084396047677629895e+03
1.084122554115841467e+03
1.109924915913859877e+03
1.100646607750063595e+03
1.093850610928689775e+03
1.085807703359900870e+03
1.087302272123121838e+03
1.092875641248283500e+03
1.096321983246973787e+03
1.091899978763199897e+03
1.084967590112148628e+03
1.112122671607608936e+03
1.084355953148821072e+03
1.104350403351561454e+03
1.096929163665364740e+03
1.102951077462559397e+03
1.083200772399799462e+03
1.102373645858350073e+03
1.086457558611222794e+03
1.095709695051782091e+03
1.087083977380019633e+03
1.099731772279896404e+03
1.110517636294696786e+03
1.098309717392308357e+03
1.088271876127877249e+03
1.096235365755976773e+03
1.098998549915761942e+03
1.095225036011936254e+03
1.108351863669883642e+03
1.102923964233384368e+03
1.075218566459690237e+03
1.083530794254653756e+03
1.097501446476721640e+03
1.116199154187012937e+03
1.105473135522533539e+03
1.111421196309163633e+03
1.090341814653502524e+03
1.095925468823310439e+03
1.101189675996564347e+03
1.085962260697118609e+03
1.103371579825883373e+03
1.086613079928761408e+03
1.109480986425934816e+03
1.086317932680922013e+03
1.087453601557409911e+03
1.088619444898021811e+03
1.100177479551085980e+03
1.078729727631529386e+03
1.083368880585018132e+03
1.102368396961498092e+03
1.086496465909064455e+03
1.100351631265379410e+03
1.088206035564891181e+03
1.092773041894723974e+03
1.084049579856278569e+03
1.114189720532646334e+03
1.077233060173622562e+03
1.085304980063214771e+03
1.096720136802693560e+03
1.111595427603539747e+03
1.085706427343589439e+03
1.095760213616864121e+03
1.112915244811790899e+03
1.077843088509605423e+03
1.092999429702736961e+03
1.093200205230125221e+03
1.107429665421635264e+03
1.098504374272679115e+03
1.094940691109880845e+03
1.106450285756521453e+03
1.098974242094961710e+03
1.097551158237629579e+03
1.110634405342470700e+03
1.093545906795490055e+03
1.109628745632439632e+03
1.111768482144383825e+03
1.102307447270901321e+03
1.087372284384555314e+03
1.099313557627889622e+03
1.115451481687970272e+03
1.105540489764889116e+03
1.098884178040392044e+03
1.104645798248714982e+03
1.092698087539144581e+03
1.112117956123714748e+03
1.107224416929924701e+03
1.098479435899340388e+03
1.108281587233533628e+03
1.102152956062935118e+03
1.099233063224864736e+03
1.093219128670965347e+03
1.090864062273562922e+03
1.110008857910755069e+03
1.100237634527808041e+03
1.095091738753091249e+03
1.113348815613032457e+03
1.104213762126306619e+03
1.117183297509381418e+03
1.102999163014862233e+03
1.111467542523793554e+03
1.106956961880164044e+03
1.098411681768052631e+03
1.085797157038967271e+03
1.096319649986666263e+03
1.098975157548698917e+03
1.102644121445653582e+03
1.098671101637377660e+03
1.108761729912059309e+03
1.090886981264965470e+03
1.098390869813237714e+03
1.109324817247361125e+03
1.097256780164650763e+03
1.107933582666164057e+03
1.107866001376585245e+03
1.097669134935074908e+03
1.106194197109561401e+03
1.105524374818376828e+03
1.107224688854234500e+03
1.103911742801610671e+03
1.110382859876368457e+03
1.102346081565867735e+03
1.095591653030664247e+03
1.094896890883492688e+03
1.101191475209035843e+03
1.100461609553886092e+03
1.109440636095805075e+03
1.115802395830868591e+03
1.108890900326099882e+03
1.111210194134014046e+03
1.103507501519341304e+03
1.110590817644211938e+03
1.111688567244322712e+03
1.104775789727757683e+03
1.089557551588874730e+03
1.116008305674845587e+03
1.103030151247364529e+03
1.094336098262480618e+03
1.114718305131474153e+03
1.115428595042314782e+03
1.112977515945943878e+03
1.109823046654314112e+03
1.104654982715998131e+03
1.105208936117487156e+03
1.111029704482106354e+03
1.105850309639520219e+03
1.106931505436644557e+03
1.121823280209510813e+03
1.114711329862910134e+03
1.102256028502061554e+03
1.099277126849209708e+03
1.104843144735301394e+03
1.106152138881777546e+03
1.117407810421333124e+03
1.103481859950074977e+03
1.105196845535600914e+03
1.117469926210489803e+03
1.119423584095268552e+03
1.113247114169385441e+03
1.116795694891253106e+03
1.114939981924336735e+03
1.113376126344303430e+03
1.102637732576599319e+03
1.117439369064256653e+03
1.123694291914860059e+03
1.103543014259509164e+03
1.129489769308182076e+03
1.112726144103977731e+03
1.123174048461885832e+03
1.115552399068758859e+03
1.106510719543175583e+03
1.095434841990946552e+03
1.101398573248446155e+03
1.118018838938122599e+03
1.108948471446878557e+03
1.106724607706333700e+03
1.095733636786035731e+03
1.104533091265904659e+03
1.115828871732841890e+03
1.102525656891348035e+03
1.104712671127405201e+03
1.109887753540468111e+03
1.130196774913249556e+03
1.095351537789508029e+03
1.102565029839814997e+03
1.114874757163890990e+03
1.117623492354174005e+03
1.121611101277819898e+03
1.126180189701601421e+03
1.129377672493126965e+03
1.118155009015289124e+03
1.104268672708840541e+03
1.110387810381816735e+03
1.098591248009542369e+03
1.122770959406340808e+03
1.110911761455580972e+03
1.108926315215539489e+03
1.126876938784710319e+03
1.110210666607534222e+03
1.108310111457929452e+03
1.114872270194616704e+03
1.104097488791638852e+03
1.104909870121996164e+03
1.113082759579553340e+03
1.116085437071648357e+03
1.107597421479644026e+03
1.110319729183193431e+03
1.103395713691215406e+03
1.131730690771684522e+03
1.122488499215292450e+03
1.121133234892359724e+03
1.116227131762789668e+03
1.101704704724728799e+03
1.119542619893156825e+03
1.114218557146365356e+03
1.113253412143973947e+03
1.124228387548248747e+03
1.108484024313868531e+03
1.113813829643258032e+03
1.107554183313246085e+03
1.098448901548181766e+03
1.113405775337465002e+03
1.113643727661816001e+03
1.121588961701802646e+03
1.106222803549343325e+03
1.101458209540179723e+03
1.101890270016499926e+03
1.118721033145303636e+03
1.114127654247586406e+03
1.116120831126092526e+03
1.107534895681953913e+03
1.120779297182032678e+03
1.115923055676744980e+03
1.106440803292207647e+03
1.122065249751632109e+03
1.116229736138146109e+03
1.111695251851942885e+03
1.115422095913232624e+03
1.125815534880206769e+03
1.114340232928027945e+03
1.106057906691368544e+03
1.111456710977557805e+03
1.122421407538278345e+03
1.122676401154472387e+03
1.121880083269970328e+03
1.113193780038758632e+03
1.118646927403604877e+03
1.113128422954725011e+03
1.121678340286639468e+03
1.110660483536565607e+03
1.139662133347552071e+03
1.121250741249992188e+03
1.127531755467912035e+03
1.127579267780745568e+03
1.112348205699732262e+03
1.105947879276932326e+03
1.119299306575454239e+03
1.118247607745354799e+03
1.125089899250310964e+03
1.129108764777431134e+03
1.111179384361760867e+03
1.103603001704394728e+03
1.127743383307820750e+03
1.107564448475142626e+03
1.135622558408467057e+03
1.113329477022551146e+03
1.124848488828619111e+03
1.118055700139508644e+03
1.129616335375613971e+03
1.118397336168119637e+03
1.135692018286860048e+03
1.112761058686330216e+03
1.119645850357550216e+03
1.117880324419792260e+03
1.121468418285801818e+03
1.132839750267339241e+03
1.114682208617399056e+03
1.141658089346044790e+03
1.106189852653610842e+03
1.124838816237793480e+03
1.114426875199184224e+03
1.112302103622377899e+03
1.121660030006507441e+03
1.130105806681053991e+03
1.110776853475139887e+03
1.105187017136779104e+03
1.121377802532295618e+03
1.110000581357361852e+03
1.130885270112710941e+03
1.143260943012627877e+03
1.129740650956157197e+03
1.113447139538345027e+03
1.121446741046148873e+03
1.129590629599965951e+03
1.102250384441672395e+03
1.127960962777998020e+03
1.128382239468543958e+03
1.124304494785097177e+03
1.119200778915314004e+03
1.120034535051825515e+03
1.115567522530943506e+03
1.123666425008384294e+03
1.122985572498933379e+03
1.126425222712596678e+03
1.127286578191405397e+03
1.115532052285250074e+03
1.120810170866767294e+03
1.125273046172285603e+03
1.140187388439141841e+03
1.113649102073076165e+03
1.126165391318023921e+03
1.128428196175271751e+03
1.114103621063388800e+03
1.121587522838719678e+03
1.120722682303361353e+03
1.112396544844164964e+03
1.127353569054002264e+03
1.123016891643124382e+03
1.126499487751962761e+03
1.114115949600859267e+03
1.133612477787706666e+03
1.125715042986745630e+03
1.117281926238988490e+03
1.138728482172872646e+03
1.132061703859448471e+03
1.125743729206303442e+03
1.114771937915920262e+03
1.122434032067620592e+03
1.111163694901729514e+03
1.128820317208263077e+03
1.130962675362471145e+03
1.132609112084736125e+03
1.130598342160626999e+03
1.131944619481246946e+03
1.121979269604848469e+03
1.129412511327087714e+03
1.130631531595152410e+03
1.120850761168422196e+03
1.136024246979937971e+03
1.130963382040840997e+03
1.113079533008114595e+03
1.128853610548903134e+03
1.125177975651079123e+03
1.121505083263026791e+03
1.111170691915849375e+03
1.137765598987041358e+03
1.128512619530257780e+03
1.121273955334808534e+03
1.129330082290043265e+03
1.135654362260697553e+03
1.132189092502004542e+03
1.123447883326064584e+03
1.128345194513627348e+03
1.132515124451605288e+03
1.128017077740297054e+03
1.114587694144759325e+03
1.123331012909577112e+03
1.141918446916124367e+03
1.108544372211877771e+03
1.130877125744588284e+03
1.133970895626972833e+03
1.137996214512965707e+03
1.128701963032325466e+03
1.123655667069718675e+03
1.131358734216831635e+03
1.132658806771499030e+03
1.133291494755161011e+03
1.152252282153070382e+03
1.139939200819510233e+03
1.127520217777539983e+03
1.136241684673301506e+03
1.128307506166264602e+03
1.133914490267265364e+03
1.120057451478987559e+03
1.129839173516086248e+03
1.119969289400993375e+03
1.135722290047751358e+03
1.122349637975264386e+03
1.140841216214214001e+03
1.115095758535381492e+03
1.125429899183436191e+03
1.148422971106916748e+03
1.137226595080448078e+03
1.138155189419605904e+03
1.132949857807104763e+03
1.130819740126359193e+03
1.139049781580066792e+03
1.135885123408321988e+03
1.126392024760705908e+03
1.144935898118218120e+03
1.129043176866924114e+03
1.130687364993540086e+03
1.135780199020409327e+03
1.130016509764300054e+03
1.144791313936536199e+03
1.137992561606828986e+03
1.140226596659632605e+03
1.116750990573048512e+03
1.134658541659203138e+03
1.135275260676835160e+03
1.138062518714507632e+03
1.126289412373812638e+03
1.146634044601515598e+03
1.154153982506544480e+03
1.124078675301523617e+03
1.131355460184853882e+03
1.125564986363534445e+03
1.141988519935149952e+03
1.132360995359248363e+03
1.141784767384107454e+03
1.128351402441609252e+03
1.150724278836297572e+03
1.130770450669253933e+03
1.112294695615056298e+03
1.122709873115475148e+03
1.122323260719211930e+03
1.147070890185355211e+03
1.124840289046370117e+03
1.112443710536218077e+03
1.137637638388479900e+03
1.149438609161939667e+03
1.130898818777303404e+03
1.133277662617627129e+03
1.128365096600590732e+03
1.137363546180752337e+03
1.133749269123264412e+03
1.133012236155974733e+03
1.133277072665450760e+03
1.129355494993645152e+03
1.126127418626332428e+03
1.132847073072179910e+03
1.149773355661696087e+03
1.136884404068180402e+03
1.139133183153917116e+03
1.134957496606454470e+03
1.133292790907368499e+03
1.129577324697787162e+03
1.146761792175276469e+03
1.138036133653982233e+03
1.142384807518427579e+03
1.121789524278306999e+03
1.129189521919715162e+03
1.124056434039936221e+03
1.135850064577726471e+03
1.122555164706227970e+03
1.142857719367520303e+03
1.143245523679815506e+03
1.131544675570232357e+03
1.133206772295404107e+03
1.115534923836015878e+03
1.124253747532276975e+03
1.124891931428571752e+03
1.129409905022447447e+03
1.138261723488127700e+03
1.124964753399424126e+03
1.129820338788342042e+03
1.117463893590216230e+03
1.147543017561905344e+03
1.120138020325169464e+03
1.128733147706895579e+03
1.150897303072423483e+03
1.133760568008150358e+03
1.137916395454577923e+03
1.139060873413392528e+03
1.140037252219762422e+03
1.124864142997635327e+03
1.119487621850649475e+03
1.139791359835261801e+03
1.130402569767476734e+03
1.143969304734739353e+03
1.141369117751860358e+03
1.123567470604848950e+03
1.149792647563326000e+03
1.130696818712302957e+03
1.143046311685124465e+03
1.131933061242131316e+03
1.134104024174722554e+03
1.126099702659840887e+03
1.136257014341500508e+03
1.142300409235502229e+03
1.146748731984454025e+03
1.130614332655285352e+03
1.133579792781275046e+03
1.145334344530800536e+03
1.134314471952406620e+03
1.138289348961598535e+03
1.147835885740793174e+03
1.147216942728402728e+03
1.144607501953955762e+03
1.137583862297184851e+03
1.130255618765942927e+03
1.139942991838437365e+03
1.139717696847687421e+03
1.138625343699993664e+03
1.130074285666663400e+03
1.131976311638776906e+03
1.134121510013192164e+03
1.137483593101210772e+03
1.146671795293083505e+03
1.142754980704307172e+03
1.127188951368864082e+03
1.147716965357481286e+03
1.145054021571564817e+03
1.138016944909225003e+03
1.163168840789311616e+03
1.148012519585460950e+03
1.156930366926079842e+03
1.136371748751164205e+03
1.135201095894251921e+03
1.130392976846190777e+03
1.150961780035065658e+03
1.133104947530860727e+03
1.155025950897862003e+03
1.154409438401558873e+03
1.123695530797127958e+03
1.137431587114887861e+03
1.138474850727342528e+03
1.148019095627273600e+03
1.137814173490182611e+03
1.145915809029726688e+03
1.152247255415146583e+03
1.151694756341835728e+03
1.149791865105658644e+03
1.139656674577017839e+03
1.157476403791536086e+03
1.132536639408962856e+03
1.154851642198261288e+03
1.158578415173033136e+03
1.136283778550400939e+03
1.139888612617353601e+03
1.141694825171785396e+03
1.134421520361459898e+03
1.147297464562473806e+03
1.136781348997630403e+03
1.147645742125916968e+03
1.146231738655251320e+03
1.143723804435146349e+03
1.141056090271769563e+03
1.141415749892565600e+03
1.139310749142646955e+03
1.142761938744211420e+03
1.139588217358510292e+03
1.149011431609165584e+03
1.145986636747495140e+03
1.143844268330232580e+03
1.154127121281982681e+03
1.142558829729861600e+03
1.148761644531670299e+03
1.138100051726057245e+03
1.138870349912362144e+03
1.138530517906940986e+03
1.129730533665019038e+03
1.136549804018788791e+03
1.153278469766479702e+03
1.153865491972660493e+03
1.146992589175267767e+03
1.137165562688368027e+03
1.137739631183947949e+03
1.147556283775945303e+03
1.146816439534713709e+03
1.148776438488080885e+03
1.149724884143111467e+03
1.135944924728723663e+03
1.153109667490096172e+03
1.144562998299408946e+03
1.140957926814093526e+03
1.143685413902378286e+03
1.137058212318975848e+03
1.142823836087716472e+03
1.153419130391172530e+03
1.155052644385861640e+03
1.144219948825887968e+03
1.142835178112146650e+03
1.147827388900281676e+03
1.151402084992877917e+03
1.162078224027142596e+03
1.137308258503725710e+03
1.152765667421000444e+03
1.134003720261419630e+03
1.130966021211098678e+03
1.146575634238115754e+03
1.151032642367940070e+03
1.145672815653324506e+03
1.142781889731078991e+03
1.144951362856978903e+03
1.147021778810074920e+03
1.152499447365390779e+03
1.152817728977461229e+03
1.149586184467412750e+03
1.147354632334875987e+03
1.148032026122402613e+03
1.142461966317422593e+03
1.152693932860054474e+03
1.131380832915745486e+03
1.140552644711776111e+03
1.148983391186508925e+03
1.141481047763829793e+03
1.156188843213036535e+03
1.155492800168938629e+03
1.142430129929421128e+03
1.141782654383973750e+03
1.160269013881060800e+03
1.152859770689521383e+03
1.158869482469561945e+03
1.177042640701956543e+03
1.156864378250658092e+03
1.149274984028382505e+03
1.146089108903100396e+03
1.169700957999178627e+03
1.134220290661901572e+03
1.155035044099951847e+03
1.151460755020527358e+03
1.141476345817588026e+03
1.137428096762505220e+03
1.163537237977985797e+03
1.141370491471144533e+03
1.152834765960509458e+03
1.149390664721243411e+03
1.149850269470936610e+03
1.148464487820108161e+03
1.148650671284668078e+03
1.148500105431291104e+03
1.161669114988422052e+03
1.138076814381101485e+03
1.154549704092399452e+03
1.130607863829485723e+03
1.157698830609742117e+03
1.133143292863339184e+03
1.133202999509062920e+03
1.135489255838139570e+03
1.140705790829824309e+03
1.148220699798251871e+03
1.155971507120394790e+03
1.141886771213605243e+03
1.158257166705879399e+03
1.153295831689758870e+03
1.150820187877039871e+03
1.157849159105712488e+03
1.144842547262486050e+03
1.155779863951613834e+03
1.159377210136694202e+03
1.160332458036486059e+03
1.155146049962769439e+03
1.168935800176099519e+03
1.156007858367154540e+03
1.151143047309583153e+03
1.143593719196872598e+03
1.156886893091793809e+03
1.150017994104418676e+03
1.145493173932546597e+03
1.155965888074393888e+03
1.157945032958800311e+03
1.154712718016731515e+03
1.157922702920338907e+03
1.153168575875305123e+03
1.157745355986843606e+03
1.167497690045443960e+03
1.168289886217517733e+03
1.149656184939862442e+03
1.160335177275893784e+03
1.143475519954183937e+03
1.162709087602321688e+03
1.158485562925012118e+03
1.143626194520349600e+03
1.145078087000922324e+03
1.151815652962455033e+03
1.148395347081795762e+03
1.163839424628989946e+03
1.144616472801115833e+03
1.153346554716957598e+03
1.154206035876360829e+03
1.147843511504660910e+03
1.172306578544422109e+03
1.161674652544613764e+03
1.160970309406901379e+03
1.136928097719330481e+03
1.145826721526546862e+03
1.152829396556973734e+03
1.171620968531344943e+03
1.166089178497499006e+03
1.180844985574252178e+03
1.159026051953946762e+03
1.152244138318183559e+03
1.148071564117164144e+03
1.152557021934023169e+03
1.153213093304583253e+03
1.152801085156411773e+03
1.152094164596887140e+03
1.151386738624317786e+03
1.169258151476680951e+03
1.159570963252430374e+03
1.148149288785427188e+03
1.156040163904398241e+03
1.138453744451904413e+03
1.149564984744872845e+03
1.152839696659775200e+03
1.147289598930601414e+03
1.150862035749695451e+03
1.161271996281194788e+03
1.142419322429633439e+03
1.161971444119797752e+03
1.150267162366272942e+03
1.151917114748689983e+03
1.152999785344963357e+03
1.159079770845609119e+03
1.153472956068705571e+03
1.169895806029940104e+03
1.172499598900774572e+03
1.162901567608909772e+03
1.153463607940879228e+03
1.176124525138848867e+03
1.157287144900947396e+03
1.170136689430536535e+03
1.162982312411216299e+03
1.148490196007287523e+03
1.141665330736251235e+03
1.149855947957031049e+03
1.160824846774003163e+03
1.150911114965043225e+03
1.153583551870518477e+03
1.175383946483410000e+03
1.154175278391935535e+03
1.159512082376710168e+03
1.147623136983134600e+03
1.146733478907074186e+03
1.142916347998716219e+03
1.159913148805306037e+03
1.176570862412872202e+03
1.156385881913706044e+03
1.156368271220346969e+03
1.152088545055501527e+03
1.161056225933354654e+03
1.163494061344122429e+03
1.166193572071821791e+03
1.138105981832933821e+03
1.165651885813371791e+03
1.131639799045444079e+03
1.157440014397728419e+03
1.153021649156118656e+03
1.155473105273171541e+03
1.156994489963056367e+03
1.162013197364416783e+03
1.171774429576523517e+03
1.153119291096857978e+03
1.167654645999357399e+03
1.166669100248782343e+03
1.153682554605497671e+03
1.162838255180455690e+03
1.167395909123066303e+03
1.142093292464307524e+03
1.162022625487269124e+03
1.164353962730844614e+03
1.140454769531279226e+03
1.158659152809812895e+03
1.179966999499317126e+03
1.164522688772306537e+03
1.149737243195437941e+03
1.163913781347917165e+03
1.170298517403369488e+03
1.140231214977698755e+03
1.164030080566972401e+03
1.148651249352178411e+03
1.167758704187264584e+03
1.175891195683387650e+03
1.164485890208995215e+03
1.153205182691948721e+03
1.167877754363734994e+03
1.159641025545038474e+03
1.153661665132049166e+03
1.165646544166755575e+03
1.161349601619855321e+03
1.162773193404423182e+03
1.171283115042736881e+03
1.155412377078157306e+03
1.165873322511063634e+03
1.160959812754061431e+03
1.144145509384511570e+03
1.158819077039790045e+03
1.172311391731245294e+03
1.154674271934801254e+03
1.176807100745743128e+03
1.158384261190646157e+03
1.164283978110311637e+03
1.162539189314241412e+03
1.153344478470505692e+03
1.167301743811370216e+03
1.168039722461969177e+03
1.174452257573263523e+03
1.181373980477770374e+03
1.156303413824470908e+03
1.167753735881158264e+03
1.169103123747493328e+03
1.169372012363942758e+03
1.159467492182025808e+03
1.154693848656642331e+03
1.176560837393319389e+03
1.157052813021646898e+03
1.163859018001291133e+03
1.154820237600908513e+03
1.164348007351920387e+03
1.159159132641871111e+03
1.153764305092849554e+03
1.163851471852127816e+03
1.148985207204546668e+03
1.148534274254703632e+03
1.157816141282389481e+03
1.157543725463485544e+03
1.150070989534553064e+03
1.142200290715045412e+03
1.153954728660264209e+03
1.161120390915964663e+03
1.154210447108290964e+03
1.162719680041966967e+03
1.165517068871389256e+03
1.158602465478809791e+03
1.160325141015594681e+03
1.167818508215030761e+03
1.159141104922510749e+03
1.163898028976838077e+03
1.183371767301982800e+03
1.174445307194206634e+03
1.156060520992473585e+03
1.165553530031901346e+03
1.167094993033796300e+03
1.170048742624023134e+03
1.161306519987464753e+03
1.154731659518443166e+03
1.156881624650716276e+03
1.155282368192210242e+03
1.184192556178278892e+03
1.173718829394755630e+03
1.152265245521919269e+03
1.165933774732931624e+03
1.170596969456691795e+03
1.157080322274014634e+03
1.173169320025807792e+03
1.173983794985184431e+03
1.172064097544247261e+03
1.154678708865975068e+03
1.159647165225072513e+03
1.175625204651280455e+03
1.168304535295511641e+03
1.150468037063746351e+03
1.165949240851632112e+03
1.150018657986284097e+03
1.155272241986805966e+03
1.154294786302833245e+03
1.152867551766305724e+03
1.168819785252522024e+03
1.158650176419577974e+03
1.173143100301046161e+03
1.163758476020980197e+03
1.177996394054655184e+03
1.157645193729956645e+03
1.165099062448363156e+03
1.164716456298768662e+03
1.172340088901798481e+03
1.159069100235315773e+03
1.154217845349371373e+03
1.157337093455307468e+03
1.166440457979079156e+03
1.170598785057055466e+03
1.166134422825938145e+03
1.174791956296089438e+03
1.174429227942460784e+03
1.167124327982368186e+03
1.153397546629656290e+03
1.172646556519209980e+03
1.175218673571684349e+03
1.170579949307684728e+03
1.165448494131921279e+03
1.154700639705666617e+03
1.161400238119468668e+03
1.166449205190712519e+03
1.180813128069488585e+03
1.153110065008228730e+03
1.177958163091836241e+03
1.153122614178389313e+03
1.157394181525753993e+03
1.171884894881533683e+03
1.169618466574902868e+03
1.171419226079617829e+03
1.169037149477999264e+03
1.159616810767192646e+03
1.168800707413565760e+03
1.179902741364525809e+03
1.167058330050832183e+03
1.176491718642894284e+03
1.151322229575905112e+03
1.159687978241105384e+03
1.171051714812999307e+03
1.174964468929633313e+03
1.169298750196353012e+03
1.166427317517498977e+03
1.159913627570404742e+03
1.172032604558550929e+03
1.159265238226372276e+03
1.163738478426089614e+03
1.167134212529045271e+03
1.171980721125987657e+03
1.170225224364738779e+03
1.171422041489889580e+03
1.169669838397026979e+03
1.168937655789299697e+03
1.164509303756284680e+03
1.171627332377967605e+03
1.165660839925187702e+03
1.156445875644075613e+03
1.173255642546942681e+03
1.164220858813728682e+03
1.168858305837616399e+03
1.159964350175503114e+03
1.168261097710555305e+03
1.184653970013787330e+03
1.170207118558347474e+03
1.163432071761364796e+03
1.171295723584708412e+03
1.168817506124660440e+03
1.183761864177636426e+03
1.162597786186341182e+03
1.163163885668827334e+03
1.164978909010334291e+03
1.170543096407238409e+03
1.173525324484273142e+03
1.162622950560106801e+03
1.167149739963293541e+03
1.178263156960958213e+03
1.165079014875891289e+03
1.181138707635727542e+03
1.166916956443902336e+03
1.184657821250205416e+03
1.175043835771547947e+03
1.158941052906813638e+03
1.173789385904884966e+03
1.178622351206623762e+03
1.172272298926584199e+03
1.170597887058802826e+03
1.158204842074374938e+03
1.168049614404140129e+03
1.177141001616540052e+03
1.151518501816512298e+03
1.154259023626663065e+03
1.183505009600315361e+03
1.154227424939841967e+03
1.161178426498458521e+03
1.170883928458016499e+03
1.173426906665146134e+03
1.167345907026432769e+03
1.176483357713337909e+03
1.175739899859705019e+03
1.179986063109856332e+03
1.173915893765934698e+03
1.167813836430747870e+03
1.164009602410882962e+03
1.181312201995764326e+03
1.169528582364290287e+03
1.176747375386321892e+03
1.171589575790678737e+03
1.191622042120758351e+03
1.176099139982699171e+03
1.159789141407018633e+03
1.171370683787599546e+03
1.175094922915711322e+03
1.155857492821029382e+03
1.156834695573826821e+03
1.170043593257998054e+03
1.172397531232733627e+03
1.173094944529583927e+03
1.178891969039746527e+03
1.175753201247273182e+03
1.180425054031444006e+03
1.168588650762880889e+03
1.169350496602251496e+03
1.163168668068595025e+03
1.178318730271542336e+03
1.192473997604933402e+03
1.173532338959252911e+03
1.164529116247801312e+03
1.163583797344344248e+03
1.183553935992891184e+03
1.174325528795675609e+03
1.170147914017433777e+03
1.182147448453793459e+03
1.169373554777332174e+03
1.172663655819981614e+03
1.155949713243446467e+03
1.181407951139942725e+03
1.161653463750650417e+03
1.171398267714779877e+03
1.163724628464739453e+03
1.174112667248763273e+03
1.172573898571569089e+03
1.168800642956312004e+03
1.184474402119886463e+03
1.161686102783914293e+03
1.164642815260715679e+03
1.169035173322352421e+03
1.175390206828052897e+03
1.182401356089108958e+03
1.163224987137068183e+03
1.179019380991312573e+03
1.179301831317272672e+03
1.169815279034818559e+03
1.159925532176251409e+03
1.170062392296027610e+03
1.181435229447073652e+03
1.192855133223163421e+03
1.174547962143285531e+03
1.171967561439675592e+03
1.158757294465476662e+03
1.193292636597396722e+03
1.167108903835910724e+03
1.173283001263472215e+03
1.169676362881754130e+03
1.181073419061111963e+03
1.169360348820462150e+03
1.171809285114647082e+03
1.159322290877770911e+03
1.180905558039629796e+03
1.177171939663738840e+03
1.160119137051267671e+03
1.170099178194880551e+03
1.171175806423842232e+03
1.173372546228464444e+03
1.182604382777662295e+03
1.172865550796795560e+03
1.181721603661489553e+03
1.183303560269397622e+03
1.179943779839253921e+03
1.167401588748798986e+03
1.176561054536884740e+03
1.171586223429812890e+03
1.164382658809435497e+03
1.165083418602128404e+03
1.172782648318410793e+03
1.177113189911564177e+03
1.166891396958272480e+03
1.178956752792245425e+03
1.183345068495186752e+03
1.172086673502315989e+03
1.170551488776403176e+03
1.168791366325151785e+03
1.174061988724932917e+03
1.156748590558421483e+03
1.172368953215331203e+03
1.178395825919673825e+03
1.160374106544706137e+03
1.174809286581328934e+03
1.184996899150163472e+03
1.184885905315403988e+03
1.185739657201326509e+03
1.173973487418471677e+03
1.186719419044180995e+03
1.179311936824132545e+03
1.168441865918073290e+03
1.178707821148308994e+03
1.175883862762584840e+03
1.174542568259369091e+03
1.186992741641645353e+03
1.179455323998725817e+03
1.180921860509029557e+03
1.178102511957809611e+03
1.166296772222146728e+03
1.188884384940912696e+03
1.178554389387768879e+03
1.171441658978455052e+03
1.185965677033654629e+03
1.180544584670151380e+03
1.181727087934221800e+03
1.167232653236789929e+03
1.176396417945659550e+03
1.188596315192912698e+03
1.170187129779628776e+03
1.182511451047899754e+03
1.166538541546393844e+03
1.181540779498672009e+03
1.178308914678254041e+03
1.178971880982987159e+03
1.182083713262870560e+03
1.168768037495757198e+03
1.175081669688218881e+03
1.184280725139602509e+03
1.168873585310110457e+03
1.179843002343151738e+03
1.176692398384784383e+03
1.179927479481082855e+03
1.176814532229175711e+03
1.174586768815737742e+03
1.174203032407466708e+03
1.186188602091719758e+03
1.179821060557332885e+03
1.178469813111692702e+03
1.171019289312696174e+03
1.182117941750044793e+03
1.165930184622542583e+03
1.164042299376404117e+03
1.180732969709994904e+03
1.183723836371488005e+03
1.171823487987623821e+03
1.179165819759605483e+03
1.190318309893806372e+03
1.184777869433678916e+03
1.181692737926181508e+03
1.183168076208726234e+03
1.186426512684516183e+03
1.173130121617536815e+03
1.176895539007732850e+03
1.165494942839728083e+03
1.190728663071489791e+03
1.191317199324887042e+03
1.183254709378181587e+03
1.173726582314460074e+03
1.174471177795422591e+03
1.187404762010070044e+03
1.173155681522740906e+03
1.189485484287746431e+03
1.164851818381784597e+03
1.192301681339816923e+03
1.192009939272735664e+03
1.182364814462648155e+03
1.186989460651718218e+03
1.162705549059254508e+03
1.175315847412642370e+03
1.179880523481258479e+03
1.188459927929669448e+03
1.169343917679166225e+03
1.175998059594607639e+03
1.175100502664260375e+03
1.176032131869162185e+03
1.190129482466835043e+03
1.179692784526706873e+03
1.175126970631604763e+03
1.181407383747345193e+03
1.180886001988470525e+03
1.172269229492020486e+03
1.182509178087565715e+03
1.177019631655194871e+03
1.182424257864381161e+03
1.167704102105364200e+03
1.175600432018123684e+03
1.160897992929083330e+03
1.170300381391658448e+03
1.176108057142537746e+03
1.186017613710321939e+03
1.172222000553283578e+03
1.164879771012107994e+03
1.167693157548119189e+03
1.181278135027738472e+03
1.194475190198373866e+03
1.163056397980381917e+03
1.167015247187520572e+03
1.181724157653094835e+03
1.168769686247216441e+03
1.176576884840454568e+03
1.191764598865561311e+03
1.181914553207418749e+03
1.167008558135197063e+03
1.176913522871109762e+03
1.189593202662414569e+03
1.184988638411909051e+03
1.189235754782553613e+03
1.179692502420829896e+03
1.168929261207521222e+03
1.180019095235585837e+03
1.171075003359964967e+03
1.170995763647658805e+03
1.170280162237849026e+03
1.179089428542732094e+03
1.183700835078858063e+03
1.179158765101324207e+03
1.168535113388067430e+03
1.171769761939369118e+03
1.191368260526398444e+03
1.176193374262882799e+03
1.172239379982803939e+03
1.170455988705793288e+03
1.170329144549745706e+03
1.179875730404095066e+03
1.170715172716137886e+03
1.170744283828273637e+03
1.189400326680494800e+03
1.175290088892302265e+03
1.179360300897136312e+03
1.180888193570599014e+03
1.186180431252548260e+03
1.179937925445577321e+03
1.165323062997766556e+03
1.183660110843403800e+03
1.159422039412872437e+03
1.164502338833115573e+03
1.181078239075639431e+03
1.181732822871406825e+03
1.186042561612802274e+03
1.171468888314861488e+03
1.188780950498252651e+03
1.177681267575053425e+03
1.177206777523554820e+03
1.173212993789552229e+03
1.178174981785901309e+03
1.172440555815857351e+03
1.167901401513287283e+03
1.186025960367117477e+03
1.190858077351084376e+03
1.185149544657391289e+03
1.181662335174946747e+03
1.198268065754969939e+03
1.170152782250190057e+03
1.180896419707158429e+03
1.181333166258900746e+03
1.173056897928935769e+03
1.180421795755239600e+03
1.172907976518124997e+03
1.169881047258378430e+03
1.180604623579979489e+03
1.190609388939226847e+03
1.188592126851498506e+03
1.175223515207788978e+03
1.168089483868596062e+03
1.175887423999145540e+03
1.188458147641948017e+03
1.178489902908008844e+03
1.178994179547304384e+03
1.163456761124355353e+03
1.162537807932606938e+03
1.177291305463825893e+03
1.169110575322252771e+03
1.185980792190395505e+03
1.168857413914286553e+03
1.175558726154943997e+03
1.165313644000583281e+03
1.181256003069775261e+03
1.179633005138982526e+03
1.179072329455948875e+03
1.172180066919237106e+03
1.191958159744992145e+03
1.163084016188080113e+03
1.185952367252246177e+03
1.188744113420610574e+03
1.187570383652868259e+03
1.189057246727605843e+03
1.182631562224879872e+03
1.178674901229890111e+03
1.184126831011745253e+03
1.181724969431219961e+03
1.186327337972619262e+03
1.187119948066387906e+03
1.181377098380450434e+03
1.177693297413152322e+03
1.167091356299634072e+03
1.176426534827320893e+03
1.169507340166001768e+03
1.181787892276079901e+03
1.177932080569881009e+03
1.168944408681712730e+03
1.172691036155415759e+03
1.167506668834912944e+03
1.164873711076985501e+03
1.160327542962197413e+03
1.177731153926746629e+03
1.181935829045282844e+03
1.189907213873811770e+03
1.175109076230589380e+03
1.169531292139154402e+03
1.172331192889300837e+03
1.169205377692330785e+03
1.172287724332534481e+03
1.176632825428790284e+03
1.177086748843192254e+03
1.193732379628118224e+03
1.192666681871467972e+03
1.187223910370677459e+03
1.182389940339746317e+03
1.177347272500612007e+03
1.170682995535330974e+03
1.174349156773783534e+03
1.180579497347864617e+03
1.183246825282866212e+03
1.171005339677060419e+03
1.169542437632209385e+03
1.193961962918133395e+03
1.189356620657269104e+03
1.175334322166310585e+03
1.184128543214579167e+03
1.178146369610641841e+03
1.175940672073945962e+03
1.181411947824944036e+03
1.181353013628892086e+03
1.187104829424441505e+03
1.172336985976228107e+03
1.193129726777414135e+03
1.185263608992745731e+03
1.181503096312257185e+03
1.170531589565964396e+03
1.185110358434741556e+03
1.178473880817462259e+03
1.185935114666528079e+03
1.182277064523296531e+03
1.176071197033677436e+03
1.158486117588906609e+03
1.172970643279164051e+03
1.170091113564147236e+03
1.184425372436798853e+03
1.164116482694903198e+03
1.162085494003128815e+03
1.181227571335333778e+03
1.168673942047860464e+03
1.181982790995843288e+03
1.181809207362007555e+03
1.185619673507990228e+03
1.190529290642715068e+03
1.165011965742404072e+03
1.176401117562030322e+03
1.171263030798517320e+03
1.179165370709277568e+03
1.174619803535259962e+03
1.172894599542851438e+03
1.179722076099576270e+03
1.183533634246743077e+03
1.189554435124588736e+03
1.176819685490230995e+03
1.160877705937057044e+03
1.180891015934758570e+03
1.165341095974209338e+03
1.169331296254463496e+03
1.175050537264996819e+03
1.167849505322550385e+03
1.171099623913490177e+03
1.179167704313822014e+03
1.173833761282079422e+03
1.196712214622318697e+03
1.181699751285279490e+03
1.192000057034010297e+03
1.192936825833158991e+03
1.174028811759081009e+03
1.172293116931968825e+03
1.178805202816348810e+03
1.167136757401409113e+03
1.171559764756196500e+03
1.173699049073889000e+03
1.177372026085475227e+03
1.188658466782141659e+03
1.173443085538551031e+03
1.175149594962773335e+03
1.172833199194854615e+03
1.185382952760158105e+03
1.185713104127555425e+03
1.183411460490832724e+03
1.168229047963798394e+03
1.178756336302314594e+03
1.170954182288499396e+03
1.172275284306826507e+03
1.164443653829221603e+03
1.193423704960377790e+03
1.166693971432200442e+03
1.177165568331207396e+03
1.189932901362759139e+03
1.173158404627274649e+03
1.171125997633703037e+03
1.178101874518637487e+03
1.186139156773240074e+03
1.169313294074033138e+03
1.174810198562695632e+03
1.162809024007902053e+03
1.182766777024353360e+03
1.179727351913516713e+03
1.171250805902329830e+03
1.191679189827288383e+03
1.173957247854953948e+03
1.189891012875270917e+03
1.180489835072298547e+03
1.189842435105384993e+03
1.171552373427026623e+03
1.179714490959638852e+03
1.171682829804902212e+03
1.194099291938664464e+03
1.176645989705472175e+03
1.188724059620154094e+03
1.186276880282415732e+03
1.179022432916212438e+03
1.186745025098848828e+03
1.177045578965633013e+03
1.179091696345791433e+03
1.179385480895642786e+03
1.181588513619096148e+03
1.181590787272892157e+03
1.182784859635904013e+03
1.189605958973193992e+03
1.187942620945678755e+03
1.182134067485559626e+03
1.182721236685840267e+03
1.185292689800658309e+03
1.187721447543426621e+03
1.176719542492505298e+03
1.192734515049905667e+03
1.164052286135943632e+03
1.182776633863109964e+03
1.174539277094275576e+03
1.175474332563232110e+03
1.185342580046577268e+03
1.165758809852356308e+03
1.179492153413431879e+03
1.181081787716038207e+03
1.167617279825432888e+03
1.188170391523018679e+03
1.180154143231310627e+03
1.172192160418749836e+03
1.187448196975564088e+03
1.174393570540698647e+03
1.185860040825827582e+03
1.170878219801134264e+03
1.186124631938004541e+03
1.179004539709517530e+03
1.169907549849129055e+03
1.181296246524713752e+03
1.165734342699413673e+03
1.167972613793924438e+03
1.179345621982924058e+03
1.183641543636617826e+03
1.173996877486716812e+03
1.171490537257445112e+03
1.166823108159753474e+03
1.167781892632566951e+03
1.184866823813496694e+03
1.188393252784100696e+03
1.187549856462274647e+03
1.179737728715859475e+03
1.173756700130719992e+03
1.178190791972318948e+03
1.176574881178331225e+03
1.183431412767973370e+03
1.173100820065065818e+03
1.168221633301005795e+03
1.173361372152042350e+03
1.171464190873729422e+03
1.185861571028868866e+03
1.188676801245381057e+03
1.184358387779460372e+03
1.160216622900304174e+03
1.170343304897275402e+03
1.175106676276667486e+03
1.174766490579764650e+03
1.183898276651322021e+03
1.166277185594662114e+03
1.179797930089708188e+03
1.172633051918010779e+03
1.164547306358067772e+03
1.176915821522909710e+03
1.186908477104821031e+03
1.162422437438039196e+03
1.181696389498500139e+03
1.173916942963263409e+03
1.168399371515972007e+03
1.166805786575723232e+03
1.171158738758825848e+03
1.165977067369540237e+03
1.161624842709562927e+03
1.163791319059962234e+03
1.178131810279250658e+03
1.167286988816588064e+03
1.166755617135765533e+03
1.166036475798090351e+03
1.183413008392907614e+03
1.170083855264567092e+03
1.184726455911008770e+03
1.170992141462882500e+03
1.177224432362352900e+03
1.179376342007346693e+03
1.180744194464732573e+03
1.166785937790788012e+03
1.177820873060289614e+03
1.185936532056192164e+03
1.166557173868031668e+03
1.159319328640190861e+03
1.172973853043497229e+03
1.178073649573185548e+03
1.181574992213988480e+03
1.170010816019578442e+03
1.171587119996312140e+03
1.165703766936328748e+03
1.178577170616535113e+03
1.162971644541802561e+03
1.173008153557608694e+03
1.175166407700746049e+03
1.166449510965455829e+03
1.161744403150042899e+03
1.187306820042527761e+03
1.163199371241637209e+03
1.154257767264680069e+03
1.159239365522051685e+03
1.172175623430650830e+03
1.172441282304993820e+03
1.170464964099028293e+03
1.157814207340424900e+03
1.166338337775082664e+03
1.178978986253076528e+03
1.189443809823066658e+03
1.189818612447472333e+03
1.160000519801982819e+03
1.176600363839037982e+03
1.167018917798388429e+03
1.191456240782426676e+03
1.171136997019184037e+03
1.188170934542664099e+03
1.187332548719788065e+03
1.182628294264412716e+03
1.174616862709325005e+03
1.187723734237387134e+03
1.185868376437267898e+03
1.180088809185083392e+03
1.165079949235787581e+03
1.173325521411159798e+03
1.156121045478811538e+03
1.178675965802983001e+03
1.161247982043584898e+03
1.175928966996279314e+03
1.159568447557451236e+03
1.155650536728352336e+03
1.163005230018001612e+03
1.174212533193701802e+03
1.175750127912244125e+03
1.183821714992739089e+03
1.174304243760016789e+03
1.172269166733435668e+03
1.182527349433703421e+03
1.165354453265577376e+03
1.173821719553093544e+03
1.178034337101114261e+03
1.178077502484435627e+03
1.172399377120736290e+03
1.167342283087577925e+03
1.164157304276770901e+03
1.172840642714903879e+03
1.171545527375876190e+03
1.170679046358154437e+03
1.162349396974297406e+03
1.166004852910065893e+03
1.171695576679291435e+03
1.150180703727935452e+03
1.170852538579277279e+03
1.160740934602201150e+03
1.174229237230963463e+03
1.180277709190670976e+03
1.173078396652936817e+03
1.176766392682602600e+03
1.159404931554169707e+03
1.161749836896320176e+03
1.173568324485072026e+03
1.183854794001161963e+03
1.160817655032875109e+03
1.172584890811226842e+03
1.160891621434012677e+03
1.170381198984821594e+03
1.175095729530075459e+03
1.165231073129645438e+03
1.176308394877315095e+03
1.172185055359795342e+03
1.169114362417661596e+03
1.176649274521534608e+03
1.171269548945030920e+03
1.181552755934827474e+03
1.164259739618814820e+03
1.157707709046798527e+03
1.167965064140428012e+03
1.148907065955847884e+03
1.180611878940193264e+03
1.176466324974171130e+03
1.180523207095315456e+03
1.178983279114022935e+03
1.171288803316922667e+03
1.165806032410323041e+03
1.182453697917665750e+03
1.174942711777668137e+03
1.166338610022986813e+03
1.173315324760113981e+03
1.158320413573919495e+03
1.175881325120990596e+03
1.167781766846709161e+03
1.157935354214043400e+03
1.162984965877781860e+03
1.169569739008288025e+03
1.175353693677871433e+03
1.173159183676991688e+03
1.159739648992063167e+03
1.174301162764423680e+03
1.159778908500374655e+03
1.166895768077226649e+03
1.175564956729432424e+03
1.151824042341859013e+03
1.155143282280293079e+03
1.170074757741720305e+03
1.185786479506910837e+03
1.185892222086053835e+03
1.179395499048835973e+03
1.167776718626726051e+03
1.169206199524802742e+03
1.162591009143793599e+03
1.168205667788885421e+03
1.156429003169158477e+03
1.165451755279350209e+03
1.153102089709570464e+03
1.173672790651887453e+03
1.175285176243992055e+03
1.172414214191979227e+03
1.167077683233129846e+03
1.168884285159458614e+03
1.160071046452710107e+03
1.163193095299666311e+03
1.157821780051237283e+03
1.159271548037426101e+03
1.160100457673950132e+03
1.184699400431575214e+03
1.153285146167136872e+03
1.166160309273980374e+03
1.168461715942658884e+03
1.175258047740591792e+03
1.171503076370652479e+03
1.160264801024349254e+03
1.150718373344217753e+03
1.164307315477198927e+03
1.171081262845127185e+03
1.156956344458770900e+03
1.162674203625207610e+03
1.171892832610618143e+03
1.167392780153432795e+03
1.151742832396209451e+03
1.167021347992323172e+03
1.170481683049610638e+03
1.168020208406215261e+03
1.174159326901897884e+03
1.162847221797148222e+03
1.159042129700463192e+03
1.158279702143899840e+03
1.162335794051161201e+03
1.173804146749300799e+03
1.170491092743665149e+03
1.153462734657698775e+03
1.169037459072779029e+03
1.150048494463614816e+03
1.170458662295055774e+03
1.159441391008167557e+03
1.163325052222608292e+03
1.162294133012742122e+03
1.165302630935334719e+03
1.151124294101147598e+03
1.162200910239700079e+03
1.167202070014405763e+03
1.172482631470535352e+03
1.156519112491585247e+03
1.167813630660621129e+03
1.163835763755668950e+03
1.162958836582776257e+03
1.146134801575441770e+03
1.166108511674675128e+03
1.163164850058698448e+03
1.168986661011674869e+03
1.168340400007022708e+03
1.161747909273639152e+03
1.165378840592316010e+03
1.159307277811618178e+03
1.166797937127426621e+03
1.162255306953157969e+03
1.150713074555257208e+03
1.155661499784546777e+03
1.160515955192433466e+03
1.166009154911012047e+03
1.161254435644108071e+03
1.163657305633802480e+03
1.171028783944812403e+03
1.156747589346870654e+03
1.143813714046107862e+03
1.169729681252969613e+03
1.160146737498404491e+03
1.163478754784908006e+03
1.165500817138183493e+03
1.159994830476237212e+03
1.172043162211479967e+03
1.172133760246466409e+03
1.144688427488927346e+03
1.168584987331390494e+03
1.145340844674869686e+03
1.155619978847483480e+03
1.167398824031083677e+03
1.130176496895795708e+03
1.179349899080770456e+03
1.148933603482548961e+03
1.166718162729352343e+03
1.148152323661055561e+03
1.158485268319020861e+03
1.151210651818267934e+03
1.166377666014860324e+03
1.161563760980532152e+03
1.147649594821656819e+03
1.161258508982136846e+03
1.158764015678051919e+03
1.148984981008113891e+03
1.156217390748133084e+03
1.150235740111122368e+03
1.160010150592486298e+03
1.154780372028932561e+03
1.144872084172194263e+03
1.146421612087630820e+03
1.167072973781147994e+03
1.161188599681932146e+03
1.173600768578829047e+03
1.163230873424413403e+03
1.166165600803782581e+03
1.153928136148951353e+03
1.145194980406988407e+03
1.160792950600597806e+03
1.150479558580701223e+03
1.146085252029522735e+03
1.163250519638019796e+03
1.145749210529971606e+03
1.165651522990265448e+03
1.161687040506035146e+03
1.168972016152626566e+03
1.160512359918978063e+03
1.157766966380438134e+03
1.156819239172478092e+03
1.143108237217202486e+03
1.169812148843086106e+03
1.152907774909229602e+03
1.163933207438472209e+03
1.153623491043924105e+03
1.149050746164320344e+03
1.166585071444897267e+03
1.152048506308591186e+03
1.155485022604669894e+03
1.152249560112173640e+03
1.154680918969328332e+03
1.167504942905537519e+03
1.156318024252570694e+03
1.146385094925774183e+03
1.149521526888630433e+03
1.146094151828996019e+03
1.147352100424472383e+03
1.160895121302525013e+03
1.135097209803159103e+03
1.164424040311124827e+03
1.139585174846906057e+03
1.149983815581626686e+03
1.146069811641089700e+03
1.160666500304988404e+03
1.162537031262940218e+03
1.135466128782211172e+03
1.147614314609981875e+03
1.149090832632303091e+03
1.140525395408498071e+03
1.156666751884853966e+03
1.146384477022705823e+03
1.146363750213997491e+03
1.139487035841002125e+03
1.165644304763833816e+03
1.152436479983716936e+03
1.130368966647861271e+03
1.158412598276487415e+03
1.132644508135927026e+03
1.152855016233718743e+03
1.162573707058886157e+03
1.164728252711319101e+03
1.155626252425968232e+03
1.131489600586048027e+03
1.153389316917530323e+03
1.151911304725616674e+03
1.162646662541891374e+03
1.146896973489732773e+03
1.143356224747069973e+03
1.149678954125071868e+03
1.152362710380785302e+03
1.148249921404478073e+03
1.154744458811853292e+03
1.153014028281015953e+03
1.128865694540417053e+03
1.142572543894184037e+03
1.138899337834062635e+03
1.149332791750520073e+03
1.153991021255885244e+03
1.145702800464942129e+03
1.138415228223889017e+03
1.144693460187678738e+03
1.140576127248999910e+03
1.138120475631125373e+03
1.158771051431075648e+03
1.133590528701658513e+03
1.138425785598178436e+03
1.138496222011377313e+03
1.155125412256265008e+03
1.151073654352147969e+03
1.156801980459294100e+03
1.141581786949858497e+03
1.151384414086535799e+03
1.150173152038075614e+03
1.160085244811022903e+03
1.162831009600592324e+03
1.134880022307223044e+03
1.149695526106550460e+03
1.150636080418802976e+03
1.151374781127563210e+03
1.144897956597656275e+03
1.165663409336109453e+03
1.145759873755659783e+03
1.151676023165976403e+03
1.144011724036843134e+03
1.136558213033999891e+03
1.153280306619389194e+03
1.153452103199796738e+03
1.141133944229487497e+03
1.133612199438402286e+03
1.139481906148099142e+03
1.144735551062523427e+03
1.146257032138355044e+03
1.145770684455797891e+03
1.145148514011476436e+03
1.138632337633802535e+03
1.146374435672819573e+03
1.141557099152497585e+03
1.140659345446802490e+03
1.143665589617243768e+03
1.139920114765444168e+03
1.165251416160041344e+03
1.146910054170836702e+03
1.134741629921644744e+03
1.151892604602392339e+03
1.139907342554981369e+03
1.136052636007719912e+03
1.144123917007081445e+03
1.132609759327406437e+03
1.141019197540690357e+03
1.134746058298456774e+03
1.140213731547034286e+03
1.143397590075594053e+03
1.134267978305700581e+03
1.137215533172878395e+03
1.138772983950554362e+03
1.151208720000470066e+03
1.144967373111428515e+03
1.130051890753964244e+03
1.133261232117640020e+03
1.136617942853585191e+03
1.142941197882555798e+03
1.133279466310442331e+03
1.130464950317330477e+03
1.139342700798136775e+03
1.137590572903313841e+03
1.140120148180851629e+03
1.154810215601619348e+03
1.132447516962323789e+03
1.137639120760658443e+03
1.128036905098535271e+03
1.129834912383704705e+03
1.151497241197638232e+03
1.143980956033128678e+03
1.144070385742175404e+03
1.138243933254978174e+03
1.141338024322970796e+03
1.144524844596318644e+03
1.137074943130826568e+03
1.150554412270874309e+03
1.132259869766461406e+03
1.120881757457879075e+03
1.142278881697976885e+03
1.149429660650448795e+03
1.145258645099092291e+03
1.122200762809364505e+03
1.134555900250687955e+03
1.149303014377966292e+03
1.136991220808768958e+03
1.129784058371604942e+03
1.151956659690081096e+03
1.116197417692361341e+03
1.151920213582608312e+03
1.139759217019948665e+03
1.147028796020463233e+03
1.134338021739510395e+03
1.116298316256023327e+03
1.111516845974463877e+03
1.147317722155658885e+03
1.121594126454055868e+03
1.138405718102294486e+03
1.137505299957503439e+03
1.121062468281961173e+03
1.140918696620185301e+03
1.130647967570860374e+03
1.125212803179829052e+03
1.127699770504066464e+03
1.136539710409759209e+03
1.126989582829742858e+03
1.126344928849774078e+03
1.143151929832721407e+03
1.135639352029897282e+03
1.130661210180940088e+03
1.140047378713601120e+03
1.121919873236040758e+03
1.123784231314800536e+03
1.156860037788200998e+03
1.135571545176389918e+03
1.138247815305101540e+03
1.126367607952742446e+03
1.116132052776983073e+03
1.134752767960249230e+03
1.140485375853220376e+03
1.114815925973231515e+03
1.134069709253238670e+03
1.127112643729150477e+03
1.125597615469951734e+03
1.120987939308502519e+03
1.138366776686440289e+03
1.144351562313533577e+03
1.146707714726704125e+03
1.130497663009739881e+03
1.143506009720732663e+03
1.131573620155312028e+03
1.116363671789750015e+03
1.125842538665389384e+03
1.118061887739634585e+03
1.127666058523978336e+03
1.130517035555302527e+03
1.128752133512189857e+03
1.145646407699702650e+03
1.138219060727226406e+03
1.127270902856699877e+03
1.129470514454088971e+03
1.117357117385161928e+03
1.126523937375386140e+03
1.113566841325593941e+03
1.123367410063620810e+03
1.136083230129920139e+03
1.124548540137182044e+03
1.134951154921524449e+03
1.108489266718598401e+03
1.126920779949623920e+03
1.143412446995129812e+03
1.139955334447305404e+03
1.119705181273633798e+03
1.125081091900146930e+03
1.118161687407150112e+03
1.113012139732532205e+03
1.126032115009840481e+03
1.127513538155427341e+03
1.124861695412468180e+03
1.119420514096322222e+03
1.128681484558377861e+03
1.129694722775434002e+03
1.124685802231833122e+03
1.148017739832403549e+03
1.118832236623697099e+03
1.123435971387109703e+03
1.125447001527286602e+03
1.135335858949158592e+03
1.114191151985658053e+03
1.108937861939155027e+03
1.120455923322439048e+03
1.128550153942277120e+03
1.120660107070084905e+03
1.122258677121696792e+03
1.121868063912471371e+03
1.130300585356284728e+03
1.148062483332725606e+03
1.118985591468812800e+03
1.114164210026115143e+03
1.123742699125564286e+03
1.132377734210045674e+03
1.113646504211908905e+03
1.110747761653609132e+03
1.121983234325246485e+03
1.117417568563397708e+03
1.111248313531459416e+03
1.124357172945252387e+03
1.117573558966516885e+03
1.100124996771554379e+03
1.106265571357806721e+03
1.115018932290621478e+03
1.109467558224313279e+03
1.130640353856790853e+03
1.109348206064678607e+03
1.111659069067887003e+03
1.121533419543088939e+03
1.130332972049591717e+03
1.117082407178334051e+03
1.124258769858148298e+03
1.110672139114001311e+03
1.110166002106189808e+03
1.124793290150836356e+03
1.114968864443116900e+03
1.109434125739887349e+03
1.108715613919323459e+03
1.110869735324356270e+03
1.118914546023379216e+03
1.110538534046298537e+03
1.096305572349840986e+03
1.118578949378278821e+03
1.110635632447054149e+03
1.112054219966801838e+03
1.110184017889477218e+03
1.104897213020246681e+03
1.111463729172622152e+03
1.102326168070531139e+03
1.114257478498979026e+03
1.089987695348058651e+03
1.111042414484218853e+03
1.092888560739262857e+03
1.099678224323298537e+03
1.122036775726766791e+03
1.102791329783974561e+03
1.110143708224029069e+03
1.102083064253626617e+03
1.112219719309171978e+03
1.120682337638757645e+03
1.101231413154315305e+03
1.111939750143296123e+03
1.113791562217936644e+03
1.103523778472252616e+03
1.108279799476010567e+03
1.117517060978682593e+03
1.123164108485211045e+03
1.121683908085368103e+03
1.112434824100989772e+03
1.111300390967566955e+03
1.104412017489886921e+03
1.119326594663617698e+03
1.093402838785346603e+03
1.114343604208447914e+03
1.104432454309901686e+03
1.122099167231533102e+03
1.121598036193293865e+03
1.100134090129326751e+03
1.106875156028269657e+03
1.118539971399809019e+03
1.090601831490926315e+03
1.104545161268207721e+03
1.099304730956578396e+03
1.103503966337578731e+03
1.107762669415770006e+03
1.113752992354237222e+03
1.098642375393904786e+03
1.101148525130236521e+03
1.103768222633264941e+03
1.118558696774844975e+03
1.102435584812275238e+03
1.106041652337477444e+03
1.107019734385009315e+03
1.116716116880758818e+03
1.105417787980217099e+03
1.110732529873793283e+03
1.104585658933749301e+03
1.124402075357733793e+03
1.096811783138460214e+03
1.107363508415360684e+03
1.089331172445790571e+03
1.107029952472041487e+03
1.107156193168832033e+03
1.093059486686378023e+03
1.099475861665321645e+03
1.096526026208478243e+03
1.100538329748791284e+03
1.086929621474177793e+03
1.103424187416807399e+03
1.101300426563315114e+03
1.113564606869741738e+03
1.079739385036772092e+03
1.097049649601392048e+03
1.090750960199034807e+03
1.101922311747054437e+03
1.100272668923695392e+03
1.101996044100997551e+03
1.105742155188216657e+03
1.100896660790744363e+03
1.093209086905665345e+03
1.110583010937221388e+03
1.086013370967231367e+03
1.086350406334405534e+03
1.094897068541404224e+03
1.101875665136431053e+03
1.081175637720437862e+03
1.086826693443204704e+03
1.094550763500047879e+03
1.072054601201034302e+03
1.112118551172036632e+03
1.103614447072670373e+03
1.096878188320991285e+03
1.083953101506934217e+03
1.097776993412875981e+03
1.093090947970311390e+03
1.107619410989707831e+03
1.090661114543480380e+03
1.098036688257687274e+03
1.087100269347949279e+03
1.081876342261514537e+03
1.083959233458121616e+03
1.080314103444944976e+03
1.093659668524190920e+03
1.099653629324457143e+03
1.080269276642465229e+03
1.071235466471140171e+03
1.096890124896768157e+03
1.088624289706579020e+03
1.087733839544147258e+03
1.083915076053776147e+03
1.096643369637219621e+03
1.090174434706171724e+03
1.088584236553122764e+03
1.087077301085513682e+03
1.088357510149800191e+03
1.098804971459791204e+03
1.093303268740928615e+03
1.081433223020652576e+03
1.095317674824737651e+03
1.080236419047941126e+03
1.103844032673886431e+03
1.090339297139055589e+03
1.094539610452333363e+03
1.093231233195433560e+03
1.088090950835518015e+03
1.095517660487334979e+03
1.089232363393613468e+03
1.069782168373878903e+03
1.087195548080753724e+03
1.094992080199935344e+03
1.082374685043528643e+03
1.075535923655476381e+03
1.090958319673679171e+03
1.084645493673355759e+03
1.069670730850459449e+03
1.083509167508167366e+03
1.080587917001548021e+03
1.079382400713361676e+03
1.061715496035078786e+03
1.084328419739215406e+03
1.097316744401890901e+03
1.088638093913662487e+03
1.089388166141709235e+03
1.073552017023873532e+03
1.075403918979468926e+03
1.090191754902582261e+03
1.079473642154501022e+03
1.093111088484123911e+03
1.076515528243863400e+03
1.088614162643237478e+03
1.065929537511245144e+03
1.070759579853671539e+03
1.082425612261083643e+03
1.072533993948269881e+03
1.083759448352137269e+03
1.067776389557117227e+03
1.080216148577575495e+03
1.073929258527018646e+03
1.072692754757373905e+03
1.066598398086167663e+03
1.089144791043780970e+03
1.066446758765582899e+03
1.080564537051671550e+03
1.062992620520773471e+03
1.074122683134557747e+03
1.078076246492823429e+03
1.070164453221530039e+03
1.082859379184340014e+03
1.066479063334473949e+03
1.072652029533584255e+03
1.071446259601939573e+03
1.068990901519073986e+03
1.066025621588879858e+03
1.063246926260149621e+03
1.079227695966784495e+03
1.071120100437502742e+03
1.082793191086012484e+03
1.068232615039814391e+03
1.069607599356765149e+03
1.074039084345441097e+03
1.096161813151207980e+03
1.082044040085001825e+03
1.070883827316383304e+03
1.046369506328192529e+03
1.074229958742543431e+03
1.053159586964471600e+03
1.083969027889800600e+03
1.075290120764199855e+03
1.067500474906078125e+03
1.068664742833099808e+03
1.074018086062574866e+03
1.078310974443043506e+03
1.067001540134659308e+03
1.055947653294810152e+03
1.071360265671472916e+03
1.078742497030175628e+03
1.066254617892129318e+03
1.063634333948567928e+03
1.066904195687963693e+03
1.062885732555851973e+03
1.075934713678882417e+03
1.051503438827629225e+03
1.058182123980065398e+03
1.066838653526695452e+03
1.077616727962511959e+03
1.062485740786828501e+03
1.060477919486467499e+03
1.063700703121350898e+03
1.073377176096784524e+03
1.068167586910775071e+03
1.066075695610713410e+03
1.076763162488972057e+03
1.061530525729016290e+03
1.068256314627333268e+03
1.067532606357231998e+03
1.051105405163325486e+03
1.065845244547471339e+03
1.045169229830365566e+03
1.062981868911709398e+03
1.060883315629222125e+03
1.060005127999342676e+03
1.070225534260403492e+03
1.045616517688764134e+03
1.064381036036611476e+03
1.053538690304536658e+03
1.066199019045737941e+03
1.068076092158375104e+03
1.056062859099499292e+03
1.058719767556417537e+03
1.045845910599681247e+03
1.066357178389786441e+03
1.070047580359180074e+03
1.050125557283677608e+03
1.069586527908081962e+03
1.060834995786588706e+03
1.071410305151035573e+03
1.059913865049622473e+03
1.046897366207083905e+03
1.071102726195879768e+03
1.055715425497310889e+03
1.066804803766087389e+03
1.045403512480784229e+03
1.064120343523569318e+03
1.051265687894989014e+03
1.054550414579744938e+03
1.037174795544624885e+03
1.061129651005093137e+03
1.065368889055887848e+03
1.061549518893595405e+03
1.051026053112847876e+03
1.054260247153100636e+03
1.050583182153040525e+03
1.051747901569218129e+03
1.043948292544549759e+03
1.068756106861609624e+03
1.055483390042649489e+03
1.054754476108176277e+03
1.046947343293265476e+03
1.047551820540467816e+03
1.045785854404126894e+03
1.053531243784658727e+03
1.045290426770678323e+03
1.037462360280863322e+03
1.054092133114972285e+03
1.039919081554517106e+03
1.053173693710223006e+03
1.036319134737280365e+03
1.059755650837430949e+03
1.040487148264984171e+03
1.047639583521192890e+03
1.039606054411133300e+03
1.050457193826293860e+03
1.042015441507375044e+03
1.061784232019932006e+03
1.037420187733908733e+03
1.041305074384409181e+03
1.047407009463610166e+03
1.045412408081369449e+03
1.028276861671098686e+03
1.036083066167880816e+03
1.048257670692862575e+03
1.043565409966304969e+03
1.048560306084576723e+03
1.041595911527044109e+03
1.060072887845657078e+03
1.042720868771030382e+03
1.050761378973583533e+03
1.028532982792923349e+03
1.052514760466636289e+03
1.048263267928884034e+03
1.030839761030597401e+03
1.041370849134607624e+03
1.054669646969690120e+03
1.031204612458724796e+03
1.038930458816869304e+03
1.048289469985490996e+03
1.047056111034232799e+03
1.034858772975519059e+03
1.053534835266444816e+03
1.048593369378712168e+03
1.049341201634129675e+03
1.038494203312126274e+03
1.045589592636159296e+03
1.026106028212270985e+03
1.036608415150873270e+03
1.047581498033692242e+03
1.032311385804737256e+03
1.038300004616954766e+03
1.030619852336687927e+03
1.023193035573791690e+03
1.035416276388582219e+03
1.046407765003473969e+03
1.041385093451510556e+03
1.033642941081700883e+03
1.053482128978591390e+03
1.035469239828099262e+03
1.032000510173586008e+03
1.037265074884448950e+03
1.023677789741768606e+03
1.035277096922356804e+03
1.039079695166916281e+03
1.028263992120110743e+03
1.030684211029185462e+03
1.038163876568961768e+03
1.036125351845246314e+03
1.030288423182162660e+03
1.040814274898463736e+03
1.041725865797037159e+03
1.030979758532631195e+03
1.028268473840045772e+03
1.033573207194982388e+03
1.029288606305900203e+03
1.036809983535084939e+03
1.033358515495711117e+03
1.020002846760156899e+03
1.040505714870514794e+03
1.041266723824178371e+03
1.025856454863253020e+03
1.032972406638400798e+03
1.028379711919641977e+03
1.025063624903740674e+03
1.027935833227836611e+03
1.017633175414806374e+03
1.030362582386590475e+03
1.034780002657239038e+03
1.033111379053465953e+03
1.031204463506649745e+03
1.020966981232546573e+03
1.011488436651327333e+03
1.012553516186895081e+03
1.056172555874004502e+03
1.021963864506347591e+03
1.010666329957300491e+03
1.015341927806468334e+03
1.023024980405533711e+03
1.020896246997797334e+03
1.021872887936551933e+03
1.028249604422539960e+03
1.024438032210951405e+03
1.032902445819476952e+03
1.038878258394596514e+03
1.034707289755279135e+03
1.014320861849406015e+03
1.001760804770196728e+03
1.024081467090095657e+03
1.010223382202249923e+03
1.015511877377903261e+03
1.016621677560886610e+03
1.025026471048431176e+03
1.022903462484111060e+03
1.014096752962243272e+03
1.023764901516756026e+03
1.013338016469537706e+03
9.916540423764589605e+02
1.017637679767831969e+03
1.021367733311416146e+03
1.017582609631109449e+03
1.014377916194030263e+03
1.010421998818425777e+03
1.014709853041039082e+03
1.023292883814687116e+03
9.997202335535223483e+02
1.012493382405078137e+03
9.999308069483720374e+02
1.011261728796650118e+03
1.017235776106831509e+03
1.000295961547257320e+03
1.004637088041998027e+03
1.015618225178938815e+03
1.016437831623277816e+03
9.904629797470779522e+02
1.014039237039212708e+03
1.008419891081090896e+03
9.923619736760944079e+02
9.864987344463316958e+02
1.013536263872110908e+03
9.884079769829045290e+02
1.002923755727486878e+03
1.017535449373190318e+03
1.003668951201289929e+03
1.007713009256604778e+03
1.011741574276794495e+03
1.006183774629946129e+03
1.004192670248685772e+03
1.004992383975099187e+03
1.023884466607976719e+03
1.006098136542423163e+03
1.002680557357036037e+03
9.979338143051240877e+02
1.000608361709318274e+03
1.013003104026968572e+03
9.873496676871584441e+02
1.010169271129913113e+03
9.844558517202091252e+02
9.952582182305113747e+02
1.002344276179607732e+03
9.947391895465316338e+02
9.951616975528169178e+02
1.013262425208036916e+03
9.882461839964746559e+02
1.007012870673852149e+03
9.958403485447034882e+02
1.001802436221571043e+03
1.004572958141645245e+03
9.849525219105894394e+02
9.878992268459597881e+02
9.796199904770560352e+02
9.869244771343137472e+02
9.891425215684753312e+02
9.971641328414204963e+02
9.740737208102126488e+02
1.003182602799430811e+03
9.873732179296752065e+02
9.946345739581029193e+02
9.855390840248137465e+02
9.816659369243928950e+02
9.992145759784075381e+02
9.965490611407193455e+02
9.936977880036454280e+02
1.001138555716903511e+03
1.002355580087059593e+03
1.006509084931438224e+03
9.902982960107550525e+02
9.861788899459637605e+02
9.909757906255388207e+02
9.800024517881090560e+02
9.961368979457048454e+02
9.910675943107737567e+02
9.884032315102281245e+02
1.006500794945170128e+03
9.807445111528733150e+02
9.944044985654650191e+02
9.749628003453732390e+02
9.838435633496776518e+02
9.861909428918645517e+02
9.703471551569160738e+02
9.778780888625103671e+02
9.793891980750962603e+02
9.790309792814634875e+02
9.902552446496558787e+02
9.705205756708263607e+02
9.822852139306993422e+02
9.969133948206215337e+02
9.794167817706839969e+02
9.757825591509468950e+02
9.865857768982314155e+02
9.742448446086583544e+02
9.820668098416196017e+02
1.002065921771842227e+03
9.662760044934591406e+02
9.610342771644390041e+02
9.959032488052233703e+02
9.882594122978870246e+02
9.786972883829437251e+02
9.878601559339282403e+02
9.755053085655802079e+02
9.689195781051088261e+02
9.880640661925583572e+02
9.858003444023063366e+02
9.876119448648616981e+02
9.757692277129912100e+02
9.546126916520836403e+02
9.844204322052818270e+02
9.872480313934547667e+02
9.620798242342447111e+02
9.743330785886768126e+02
9.673101525895983741e+02
9.746317648035761749e+02
9.754164106310480520e+02
9.683755452207897179e+02
9.827339586730820429e+02
9.828088553381390966e+02
9.723511576443934246e+02
9.629943573114164792e+02
9.613158708455838450e+02
9.661318445352543449e+02
9.807128951155317509e+02
9.660337462567574676e+02
9.710984293360996844e+02
9.708934357447025150e+02
9.831927350734937363e+02
9.692886861463460946e+02
9.597321635144500078e+02
9.670015444508970859e+02
9.603861031855906276e+02
9.615570448850104412e+02
9.560308146099918076e+02
9.615232105264904021e+02
9.627348140513907992e+02
9.500174049978813855e+02
9.577624501040097584e+02
9.527838419632270188e+02
9.695243923559474979e+02
9.733409663759106252e+02
9.561875347943761199e+02
9.650450118715235703e+02
9.694682324529964035e+02
9.572191846429226416e+02
9.576681987962514313e+02
9.530594520485542489e+02
9.684752450234108210e+02
9.590353159216614358e+02
9.708365844827113733e+02
9.632975676752121217e+02
9.604188442755773849e+02
9.521828604795837236e+02
9.541831943130259788e+02
9.626596472027921436e+02
9.534589462103218693e+02
9.529493540332223347e+02
9.470997681820315393e+02
9.432885110430009945e+02
9.505455357915095647e+02
9.445293619583391092e+02
9.502111475066891444e+02
9.482092014313348045e+02
9.436399316475702790e+02
9.310450353940077548e+02
9.454790323671413717e+02
9.613243287929383314e+02
9.533907702313181289e+02
9.562953824403703038e+02
9.513206660980356446e+02
9.375189919107481273e+02
9.408490297974042278e+02
9.625143455860671793e+02
9.362416565463774987e+02
9.494994369621308579e+02
9.412859937710527447e+02
9.449102817191530903e+02
9.474735530364904434e+02
9.333126008179284554e+02
9.571799837603778087e+02
9.453334590900601597e+02
9.388330687622845971e+02
9.358199707409970642e+02
9.456359405741478668e+02
9.398967770281736875e+02
9.554329977101624536e+02
9.476733651040119639e+02
9.418671314120256284e+02
9.546251650304693612e+02
9.236033246078864067e+02
9.521959247277596887e+02
9.304109745583505173e+02
9.381329096114886852e+02
9.468593199727439469e+02
9.371339982615889994e+02
9.382136025616605366e+02
9.356570062019146690e+02
9.379483266938664201e+02
9.362801247088284526e+02
9.508670255627913548e+02
9.348652867129703736e+02
9.626088850486490855e+02
9.211907582788126092e+02
9.483469073791209212e+02
9.269815808090380642e+02
9.450645161722378589e+02
9.487347884836296998e+02
9.272962110994305931e+02
9.361538320841599443e+02
9.347672378631187939e+02
9.197942657948883607e+02
9.312334561634947931e+02
9.263300028004916840e+02
9.385262914095640099e+02
9.372153423391150682e+02
9.236923919223876283e+02
9.156112767780044805e+02
9.148451290617231280e+02
9.235471245125842188e+02
9.125624292036727638e+02
9.358091040598511654e+02
9.175112178175668305e+02
9.289683798632711387e+02
9.251842845563570563e+02
9.172060195765187700e+02
9.166748132037131427e+02
9.278895366573124193e+02
9.188520212687888034e+02
9.177692824468251729e+02
9.273278076015213855e+02
9.131885794894964192e+02
9.237280051617316303e+02
9.280155278945898090e+02
9.178199041964414846e+02
9.257092795038711301e+02
9.317936077575097897e+02
9.223450172586397002e+02
9.129662900057464867e+02
9.069426473314620125e+02
9.217410592164301306e+02
9.113315697219287586e+02
9.172282991176492715e+02
9.096676596408325395e+02
9.128094276167786347e+02
9.082352428853026822e+02
9.104771588562653051e+02
9.034478928178879187e+02
9.235063656187127208e+02
9.051865776464843520e+02
9.049033765270320373e+02
9.079313228551435486e+02
9.075193755483564928e+02
9.128866347049519163e+02
9.069550686293389390e+02
8.918282382679539069e+02
9.264415560487288985e+02
9.083761715931281060e+02
9.078655682724198641e+02
9.093570642477893671e+02
9.141423281610256026e+02
9.194651648564451989e+02
9.109029464771454059e+02
8.998839419154944608e+02
