9.001168449298932046e+02
9.160030761821697070e+02
9.245530065715513501e+02
9.300577206884889847e+02
9.108519347490650944e+02
9.274123395714118487e+02
9.179465368217207697e+02
9.126397610847756141e+02
9.171801857246055079e+02
9.250460635282171324e+02
9.127715289113217523e+02
9.181298141179379400e+02
9.131464976952972847e+02
9.378989767778914484e+02
9.269567036133840929e+02
9.212469027742361050e+02
9.192628836428800696e+02
9.139976717508033062e+02
9.127807525236041784e+02
9.270186095909585902e+02
9.120579948232557399e+02
9.180833370213014177e+02
9.217076700609021600e+02
9.211806311674137078e+02
9.160789628714501305e+02
9.088693240979697521e+02
9.247209658960354091e+02
9.470448166244158301e+02
9.279284080659879237e+02
9.222373060706426031e+02
9.181230850296303743e+02
9.372308058613321009e+02
9.344931667297067861e+02
9.202216064347621796e+02
9.301914591033674924e+02
9.249386312550667526e+02
9.199221906368352393e+02
9.097757159556744000e+02
8.969435647576807469e+02
9.224610212729561454e+02
9.349270202294604815e+02
9.176337836940523403e+02
9.270205425681878069e+02
9.307096373558186997e+02
9.388308979697362702e+02
9.209700175411109058e+02
9.354570065273265982e+02
9.096015309226003183e+02
9.285924482891805383e+02
9.227226957460432004e+02
9.184878325025215418e+02
9.278270296912354524e+02
9.299252552207569806e+02
9.175906980015820409e+02
9.200269198710822138e+02
9.372925751321713506e+02
9.216894133278466370e+02
9.212102404158994204e+02
9.127054567860160432e+02
9.307999829799528015e+02
9.139829746354719191e+02
9.189742739407649879e+02
9.369200374215397460e+02
9.246680496562403277e+02
9.299554764397553299e+02
9.311220415772007755e+02
9.357174247504323148e+02
9.159926050383523943e+02
9.072349908879173199e+02
9.353645931427989808e+02
9.259859058355183379e+02
9.308643423972746405e+02
9.324658671431357106e+02
9.354431274460525856e+02
9.194978802563219915e+02
9.114483525043001464e+02
9.164850665129673644e+02
9.345472026067453726e+02
9.250562833102422928e+02
9.380185979179915421e+02
9.158477082229825328e+02
9.292513065875691609e+02
9.289875472039782380e+02
9.208429776844772050e+02
9.167251293489946420e+02
9.145967818739090944e+02
9.192785147543168023e+02
9.107027316285831375e+02
9.202323092026530276e+02
9.334616260272994168e+02
9.296192432256400480e+02
9.292594970639688654e+02
9.277062232344072754e+02
9.217310816168009069e+02
9.381901537047757529e+02
9.344970548656954179e+02
9.299248558110475642e+02
9.280986270291117535e+02
9.217262281728187645e+02
9.341007361249352243e+02
9.274737511669286505e+02
9.319511191003732620e+02
9.273313925058597533e+02
9.393679168657612308e+02
9.267765283173409898e+02
9.349266263925975409e+02
9.265924675540155704e+02
9.147830731780341011e+02
9.283492319002752993e+02
9.329293899454777375e+02
9.341613781721456462e+02
9.212561239230806223e+02
9.163783626991770461e+02
9.217004628218195421e+02
9.255583075489319071e+02
9.281769816492981136e+02
9.246926688084972739e+02
9.119850832616900789e+02
9.224517840970383986e+02
9.254781670479097784e+02
9.364306464713663445e+02
9.282319395337523247e+02
9.358936875647475517e+02
9.375554949405614025e+02
9.286682637378314666e+02
9.311799129356236335e+02
9.419238998911206409e+02
9.346992500774265409e+02
9.237454201761648847e+02
9.353072454892367205e+02
9.368428619756533635e+02
9.396005287544081739e+02
9.414582561479510332e+02
9.366350284184603652e+02
9.292063079500438789e+02
9.362089915045293083e+02
9.326007660254126677e+02
9.310900803648892179e+02
9.459889829446600515e+02
9.381888572822442711e+02
9.287981673455868759e+02
9.147381630093886997e+02
9.259459160435727654e+02
9.410577884921141276e+02
9.395937637491318810e+02
9.291145581245791618e+02
9.152165934898679325e+02
9.346496518934191045e+02
9.387031142324466373e+02
9.272532399561516741e+02
9.396341357850377562e+02
9.370858848701635679e+02
9.316045647388849602e+02
9.217855720584425399e+02
9.340285588716238863e+02
9.274057116545699273e+02
9.256196474998230315e+02
9.419954067839206573e+02
9.207514107874262663e+02
9.145562983103076249e+02
9.277606108181975060e+02
9.129567701937432957e+02
9.303953983904114011e+02
9.380651766056651013e+02
9.318249200794746230e+02
9.239652721142133487e+02
9.306442099987148140e+02
9.352413180880336085e+02
9.165188996312776908e+02
9.403189681212238611e+02
9.201339359888097533e+02
9.217488674093044665e+02
9.420826462908992198e+02
9.242389933830226028e+02
9.469019118145948823e+02
9.406649512564192719e+02
9.379257113811613635e+02
9.438673398046171314e+02
9.362006034747777221e+02
9.338342081494437252e+02
9.446207789289040875e+02
9.313123789085126418e+02
9.305873307633745526e+02
9.473951462069273930e+02
9.185449837162076392e+02
9.308133439090961474e+02
9.274054409757247868e+02
9.253861255499610934e+02
9.485232323722410683e+02
9.398181743355979734e+02
9.400130962365827827e+02
9.466145102389892827e+02
9.326511850519697191e+02
9.421091592869310034e+02
9.384607796663690351e+02
9.264912305367014369e+02
9.410770642361335376e+02
9.575693988456654324e+02
9.359873841005450004e+02
9.545261071296681621e+02
9.268426429154728794e+02
9.187007595335705901e+02
9.376288243388950150e+02
9.423442793699143749e+02
9.234568451338631121e+02
9.458480896486931897e+02
9.394793499435464810e+02
9.541861493697125525e+02
9.361864503630297349e+02
9.421011958850779138e+02
9.366727329332466070e+02
9.401708435134866022e+02
9.197031718359322667e+02
9.431159873944899346e+02
9.340525792543437547e+02
9.376152078139751893e+02
9.359318605739077839e+02
9.438890678726420447e+02
9.380770569136229824e+02
9.453809724145509108e+02
9.432154618778012036e+02
9.428503841852307232e+02
9.308589918338414009e+02
9.440217415383964408e+02
9.435072052042703490e+02
9.304884886165276612e+02
9.442805425531043966e+02
9.269452640981885452e+02
9.398867254788576702e+02
9.286183263378852644e+02
9.458897201455506547e+02
9.280122819560482412e+02
9.378025364292464019e+02
9.335873417341002778e+02
9.559710253542884857e+02
9.504949288159789376e+02
9.378333970830167345e+02
9.291764735185117843e+02
9.265127596486780703e+02
9.437718038776957883e+02
9.303657273046218279e+02
9.447508768155712460e+02
9.446124435578007024e+02
9.207586939652071578e+02
9.415232692656718427e+02
9.242108548616116650e+02
9.277115568708400133e+02
9.612011109241865370e+02
9.519653532273189285e+02
9.402796065936306604e+02
9.298229504754310710e+02
9.461353655123040198e+02
9.326020657164533532e+02
9.345524321313810105e+02
9.382869952876433217e+02
9.393123423253347255e+02
9.310941644824796413e+02
9.417858513553185276e+02
9.377593444013865565e+02
9.441009034382674372e+02
9.344071718845875694e+02
9.334977556737246687e+02
9.369987396690321475e+02
9.350891960558524261e+02
9.482501505831957047e+02
9.344916913827032658e+02
9.317526007069672005e+02
9.416254274356541600e+02
9.364830034085746320e+02
9.281317748668587910e+02
9.445043163149313159e+02
9.392109357379384846e+02
9.527356336365512561e+02
9.381050700905743724e+02
9.399425528425689436e+02
9.311773281576274712e+02
9.588499434816433222e+02
9.492022109665113021e+02
9.215586138109896410e+02
9.468192473448216333e+02
9.486692925294801171e+02
9.364332645839183442e+02
9.424029914799870085e+02
9.178633710231025589e+02
9.379377678774816331e+02
9.589787958396008207e+02
9.387318783800678830e+02
9.574076877660635319e+02
9.403667135156078984e+02
9.476329381121672668e+02
9.442442859562819422e+02
9.342748986913869658e+02
9.285585766719485719e+02
9.565702779241377129e+02
9.487743689995156728e+02
9.356207389486086186e+02
9.449253235680457692e+02
9.486268080886206917e+02
9.309064266494144704e+02
9.421043593250504955e+02
9.487913810667241705e+02
9.482519200999105351e+02
9.417789980772038234e+02
9.335436569488770147e+02
9.452863091919750786e+02
9.513224476011912429e+02
9.497706011560829893e+02
9.458133155395548783e+02
9.376654321537530450e+02
9.479280920987276886e+02
9.481315706978734852e+02
9.568094373251786919e+02
9.468609373590734322e+02
9.421171637449656373e+02
9.395390332624378971e+02
9.361765332443688976e+02
9.514356620875398676e+02
9.412490589834646926e+02
9.414148283311099021e+02
9.328343401159580708e+02
9.379398522264870053e+02
9.420994235333412234e+02
9.526362839741007065e+02
9.433075705350339604e+02
9.462600953722671875e+02
9.545120821448907691e+02
9.378588039138925296e+02
9.457961623689139969e+02
9.423372616525593912e+02
9.317709233562454756e+02
9.365507817522050118e+02
9.454530753954747979e+02
9.376141992477590748e+02
9.359117963986567474e+02
9.608886688944479602e+02
9.389707921454113375e+02
9.355859270478176768e+02
9.678747855827720059e+02
9.580190247808335471e+02
9.588005825733811207e+02
9.501445921064018876e+02
9.392746460617461253e+02
9.532122323332347378e+02
9.522893888836704264e+02
9.366245895322517754e+02
9.411798902042214650e+02
9.430513890902396952e+02
9.355720769230352971e+02
9.476974828828532509e+02
9.209854776046090592e+02
9.456773175901394097e+02
9.427923947196934478e+02
9.456094769743820052e+02
9.430798604902271336e+02
9.628452726619354962e+02
9.470163979467907893e+02
9.421268034605099047e+02
9.347175329712695202e+02
9.439257267214380818e+02
9.659068053521563115e+02
9.396627385040648051e+02
9.610302679547141906e+02
9.430123201681238925e+02
9.581687112079923736e+02
9.616045922881282877e+02
9.581939814420967423e+02
9.491874927436548433e+02
9.483968025460522995e+02
9.444775931222957297e+02
9.528170049931665062e+02
9.463609721172665559e+02
9.705097473403881168e+02
9.562851685096741221e+02
9.417668899881757625e+02
9.618720079374854777e+02
9.540596580050005286e+02
9.292919100256929141e+02
9.509179966177138112e+02
9.371651996630079111e+02
9.521325799918471375e+02
9.253068817451600125e+02
9.521172719442619155e+02
9.560134524351620939e+02
9.625868290043878233e+02
9.575211260703598555e+02
9.624139878282547897e+02
9.443145709879894412e+02
9.461320785624099017e+02
9.594504163127829770e+02
9.562095025035125673e+02
9.521183435775593580e+02
9.510060354699102163e+02
9.658317576915144400e+02
9.562013713545456994e+02
9.447470826651311882e+02
9.432272033934488036e+02
9.347759255056416805e+02
9.510026646656625644e+02
9.571882285844435501e+02
9.543794973967684427e+02
9.477903712153743072e+02
9.687156355456093024e+02
9.535406991520950442e+02
9.491572218051463778e+02
9.489022963471143157e+02
9.455432676721671896e+02
9.416123817737474155e+02
9.647750898563082274e+02
9.529551008358916988e+02
9.518639484616726349e+02
9.632282809562142347e+02
9.529164605235732779e+02
9.344249559408225423e+02
9.604164632208808143e+02
9.491263126032417858e+02
9.593605726400857066e+02
9.406523429061344359e+02
9.490642840104384277e+02
9.352329446235142996e+02
9.628042270353452068e+02
9.348864882319347771e+02
9.674066809616748515e+02
9.626243284188682310e+02
9.672690746161551942e+02
9.493604758021443786e+02
9.435413354787406206e+02
9.296101515938258899e+02
9.469993221212414483e+02
9.639595886820141004e+02
9.537020189638304828e+02
9.730565919955308800e+02
9.596189637175726830e+02
9.608867648642349195e+02
9.481398623959469205e+02
9.500296526345924804e+02
9.540025320926549739e+02
9.601300057822826375e+02
9.719708471004330477e+02
9.590445354510163725e+02
9.412330154239213016e+02
9.627987553064906479e+02
9.569011092291116256e+02
9.610477169747177868e+02
9.390756382029711631e+02
9.483024015036372703e+02
9.624757018473345624e+02
9.636166282529003411e+02
9.582420856019432449e+02
9.615969442952226700e+02
9.735090044047674382e+02
9.575523480840317916e+02
9.455036883793777633e+02
9.414206975137951758e+02
9.536290414041010308e+02
9.741647426818532267e+02
9.633612876576228246e+02
9.546825538050723026e+02
9.504102403756000967e+02
9.496385803048134449e+02
9.555077274981096025e+02
9.620473525206261911e+02
9.435626638358179434e+02
9.622359466426903509e+02
9.566704332190837476e+02
9.532723962090509531e+02
9.501330615785587952e+02
9.456485401621067695e+02
9.584399551446878149e+02
9.501359564507813502e+02
9.408504655643557726e+02
9.522961673606675959e+02
9.560783981513678782e+02
9.660204999439365565e+02
9.573046869930166167e+02
9.511439768975299103e+02
9.584104646815446813e+02
9.536055992405723600e+02
9.613132792703418090e+02
9.623427586528415532e+02
9.567609855194391457e+02
9.708639272535275495e+02
9.518030412645084652e+02
9.604701863885632065e+02
9.527484445770644470e+02
9.562645520141534234e+02
9.559257782290103478e+02
9.470122170691603287e+02
9.625697653443235140e+02
9.578309823542767845e+02
9.681084551468272821e+02
9.416194578831363060e+02
9.633044398610178405e+02
9.611295329888464494e+02
9.580167947996320663e+02
9.592967933552538398e+02
9.590968751122395588e+02
9.511846771723971870e+02
9.668214279301821534e+02
9.574870204001538241e+02
9.476599138633508801e+02
9.477673400267755142e+02
9.501710111051640979e+02
9.525650701289823701e+02
9.578619818406828017e+02
9.524842114515893172e+02
9.557004915971031096e+02
9.589711736544354608e+02
9.552233527765579311e+02
9.545616878001846999e+02
9.681196272183670999e+02
9.507994802434049006e+02
9.596005304185789555e+02
9.655300232491048291e+02
9.524896123903142779e+02
9.652885387116230049e+02
9.578576649510227980e+02
9.747124240942918050e+02
9.628029441105340993e+02
9.796313108035400319e+02
9.508163066394895395e+02
9.712622356774327272e+02
9.551017067452077072e+02
9.650248646531807708e+02
9.632974024761443843e+02
9.630144428984627893e+02
9.506755344413805915e+02
9.620062564015300950e+02
9.677621043996349499e+02
9.576673882307572967e+02
9.533626714338023476e+02
9.615018525475434217e+02
9.599991558171271890e+02
9.760653822843255512e+02
9.669840588004560686e+02
9.703254636970194724e+02
9.563904475454497742e+02
9.567939438582621960e+02
9.641480558677658337e+02
9.570918637747276989e+02
9.572200833119860590e+02
9.469383477799308366e+02
9.657999747926850205e+02
9.498879325880891429e+02
9.733407069113253556e+02
9.474986950281756890e+02
9.649307233630495375e+02
9.471346891842595141e+02
9.448275135072769899e+02
9.601589315540584266e+02
9.586245704204015965e+02
9.691611767108786353e+02
9.663570547336822756e+02
9.707431204941958640e+02
9.575512230991771503e+02
9.568396776563380399e+02
9.431459092365239485e+02
9.480207236963636888e+02
9.678887611865275176e+02
9.556508023636409916e+02
9.752752575516518618e+02
9.495672864873558865e+02
9.521677331965743178e+02
9.496929397290674615e+02
9.618940335055741571e+02
9.562140846119370963e+02
9.549871663936166897e+02
9.784415873759338638e+02
9.558536468074477170e+02
9.654028691837963834e+02
9.625608448735890761e+02
9.630961226948587637e+02
9.558383406068795693e+02
9.619344903569209464e+02
9.719566445281019469e+02
9.695395293591859627e+02
9.720926519834721375e+02
9.642671217209608585e+02
9.572604137887042270e+02
9.560987428367824350e+02
9.614817145114114965e+02
9.676107405220577675e+02
9.444048930818340750e+02
9.750140327635850781e+02
9.599938185653435312e+02
9.613025566552275905e+02
9.586628566035035419e+02
9.688352119172682251e+02
9.509021979186874205e+02
9.549077915584673519e+02
9.606399186651584614e+02
9.782544995878054124e+02
9.717337827120283009e+02
9.662367151628558304e+02
9.806779250978333948e+02
9.683521307813475687e+02
9.707573583255683616e+02
9.615096077734397113e+02
9.584529485511934581e+02
9.600841755069445753e+02
9.788731608044762424e+02
9.637785935571471327e+02
9.456510881754381899e+02
9.670046045676440372e+02
9.642734459008048589e+02
9.669917102305456638e+02
9.668475633703498033e+02
9.591756061796764925e+02
9.752816900012924179e+02
9.633133632816973204e+02
9.497922253248641482e+02
9.616466277888073364e+02
9.825536740329695249e+02
9.712978795129370155e+02
9.748717419057055622e+02
9.659202118998217657e+02
9.553265811563704801e+02
9.541996830460138881e+02
9.755356748774470361e+02
9.574405363833704996e+02
9.579041165583311113e+02
9.526149146324256662e+02
9.679706132191936376e+02
9.767219152833648650e+02
9.737242101337712938e+02
9.619173629731799338e+02
9.695847195064444577e+02
9.838278595024636388e+02
9.539885425756214090e+02
9.592662650923272167e+02
9.508965433382257970e+02
9.760317284330217262e+02
9.651418471371107444e+02
9.670418395642957421e+02
9.584808035912697051e+02
9.688006314524766367e+02
9.639865721821204261e+02
9.754347783235299403e+02
9.636179332409881226e+02
9.639864871754290334e+02
9.713106780845416779e+02
9.646175257700333532e+02
9.711749159785118763e+02
9.779962073382453127e+02
9.589718452940493307e+02
9.657952678519454821e+02
9.685401646106735143e+02
9.718778230593975422e+02
9.597768041748031465e+02
9.656636772037903711e+02
9.784859134214901815e+02
9.695684022052525961e+02
9.650561704950480362e+02
9.750831485045956697e+02
9.664542783122768697e+02
9.658447822045191060e+02
9.535836203667429345e+02
9.668332230700254968e+02
9.742657535204020860e+02
9.640307167307976215e+02
9.616385220659697097e+02
9.564527936071849581e+02
9.597132359503295902e+02
9.721936931413237062e+02
9.762967024238522527e+02
9.641739044900028830e+02
9.781341869079412845e+02
9.556635260172987500e+02
9.618304590138926642e+02
9.697810611626277932e+02
9.607242437818148346e+02
9.743909870170216436e+02
9.738808538931896237e+02
9.707505787165569018e+02
9.715526645041745724e+02
9.705092039304458922e+02
9.710077942440345851e+02
9.738371619128374732e+02
9.797046503193209901e+02
9.691728460063652619e+02
9.580949705846093138e+02
9.672612237725164732e+02
9.733195064040232864e+02
9.767513361586452447e+02
9.685449502030639906e+02
9.682589399070961917e+02
9.721030515622502435e+02
9.696312506724210607e+02
9.752877471205283655e+02
9.711390189028971918e+02
9.729366668971559875e+02
9.605361084992872520e+02
9.788031730038341038e+02
9.688962727597916000e+02
9.760629672344314258e+02
9.630715878487144437e+02
9.700648067684439866e+02
9.713083978057096601e+02
9.753249756396377279e+02
9.792091061420154574e+02
9.804074351080444103e+02
9.735461779491209882e+02
9.703223197426950719e+02
9.678413561893119095e+02
9.717417067606168075e+02
9.545770618351439225e+02
9.758677592776456322e+02
9.806235477178546489e+02
9.790765857368603520e+02
9.657137668467363483e+02
9.534465472292500863e+02
9.755702835284633920e+02
9.518134849593229774e+02
9.684745783925643536e+02
9.691034704069585359e+02
9.603990830502185645e+02
9.682422782551628870e+02
9.766740217997556783e+02
9.648093487895513363e+02
9.631458518908375481e+02
9.724282296156437724e+02
9.774627447591661848e+02
9.828804606570138276e+02
9.742021602341975495e+02
9.763909928906651885e+02
9.831671204821905121e+02
9.779398099805364382e+02
9.814324837785312639e+02
9.601628993631290996e+02
9.699049187925812703e+02
9.706861126754100724e+02
9.796018297633496559e+02
9.883318104353074887e+02
9.576573414880247128e+02
9.662778702654337621e+02
9.683854237663772437e+02
9.676658746265610489e+02
9.828269931802701649e+02
9.690858598990537303e+02
9.736754411174870256e+02
9.661293317518581034e+02
9.744810815088205800e+02
9.656398808336314232e+02
9.776658698542130423e+02
9.537782807079611302e+02
9.925992507419788353e+02
9.776877081768629978e+02
9.737233572268821717e+02
9.721012598662157416e+02
9.641964539144076980e+02
9.808704533726148611e+02
9.629231866459922458e+02
9.817909790010509141e+02
9.772117066113842156e+02
9.565271201805255714e+02
9.729160447147577315e+02
9.811543182998776729e+02
9.696735033837952642e+02
9.799721119406173102e+02
9.853345984636883941e+02
9.806614872103914422e+02
9.796698690029759291e+02
9.597317016916904322e+02
9.893598898288639703e+02
9.685307787828778601e+02
9.776212658438657854e+02
9.800120013649573139e+02
9.776735945645117454e+02
9.814632617901784215e+02
9.830340759128230275e+02
9.773963616576513687e+02
9.752152599413576581e+02
9.612220709243046031e+02
9.939934220456243565e+02
9.748945172889431205e+02
9.737776248702601833e+02
9.676416489459503509e+02
9.769358868856405707e+02
9.715807633190486285e+02
9.777502091473070323e+02
9.720525071454813997e+02
9.826700995722735570e+02
9.632897104755417104e+02
9.854709392830079651e+02
9.659878463106699655e+02
9.707161899113460777e+02
9.665790521008049154e+02
9.731848473798122541e+02
9.726406800122820187e+02
9.674261876094295758e+02
9.647614717466337879e+02
9.771868542519368930e+02
9.695674038888639643e+02
9.891830691285201738e+02
9.837813410123329732e+02
9.881973605799635152e+02
9.687692841758089344e+02
9.778087058214889566e+02
9.675822779503635047e+02
9.817717062291718548e+02
9.724901745425021318e+02
9.781966686391106123e+02
9.634892675370402912e+02
9.823763957828483626e+02
9.836048151333900478e+02
9.701380002049364748e+02
9.616067354361377966e+02
9.813233537944876161e+02
9.704222225305497886e+02
9.710323146665240301e+02
9.768134607189894041e+02
9.801833398652769347e+02
9.857902449647749563e+02
9.890058504595933755e+02
9.745812740343782252e+02
9.895133748994933285e+02
9.736822017200064465e+02
9.631025955535141065e+02
9.745135939492408852e+02
9.725397415030622597e+02
9.618896066544459700e+02
9.769626741006813972e+02
9.778659710030639189e+02
9.768552507226938815e+02
9.854389873191134939e+02
9.864948171101405023e+02
9.830725801060488038e+02
9.850554317583996635e+02
9.793855403305996106e+02
9.785775566451632130e+02
9.633545806874482196e+02
9.822946290981180937e+02
9.706809213278776269e+02
9.768130297741786308e+02
9.747694207387268079e+02
9.664434895932548670e+02
9.803700648950978120e+02
9.762196144773497508e+02
9.579340075639109955e+02
9.688395987166582017e+02
9.899449988079759351e+02
9.833997746947821952e+02
1.000379108878968395e+03
9.871115404819231571e+02
9.750094599770627610e+02
9.849312907617061228e+02
9.757601608840026302e+02
9.936816654333308634e+02
9.788104698640497645e+02
9.707700597190686267e+02
9.800197561384685514e+02
9.756646164932633383e+02
9.665731197435303557e+02
9.824528551193295698e+02
9.942778041641985283e+02
9.785681194880077101e+02
9.615213363715340620e+02
9.624796089697674688e+02
9.753427895404572610e+02
9.845941494348264769e+02
9.788479858557385569e+02
9.899344462239948825e+02
9.915470962068975496e+02
9.793707576819343785e+02
9.747302715152936798e+02
9.866184235954756332e+02
9.940774328411729357e+02
9.697440223548899212e+02
9.848257290246411912e+02
9.707012040042832268e+02
9.694192654679618499e+02
9.741994581890875224e+02
9.914973133975523751e+02
9.778731635007828800e+02
9.799957866030125615e+02
9.673097750932266763e+02
9.733987107278391022e+02
9.786151219613327612e+02
9.712475145702900363e+02
9.960722153224112390e+02
9.748304249791889333e+02
9.811912569255874814e+02
9.795721577733345384e+02
9.783699973378376171e+02
9.727780467104647641e+02
9.775370118185676347e+02
9.846426321303551958e+02
9.883179240687277343e+02
9.770499233345399261e+02
9.921370936696969238e+02
9.844237833042602688e+02
9.757059678120403987e+02
9.865463655992020904e+02
9.951779848031085294e+02
9.692577186952430566e+02
9.900248401550459221e+02
9.756226066064670022e+02
9.733821200996576408e+02
9.858008998896959838e+02
9.967273285364989306e+02
9.796068107229410771e+02
9.948184041325381486e+02
9.892812182013714164e+02
9.753876289652091600e+02
9.858120626344125412e+02
9.790643700038554016e+02
9.702948364207777558e+02
9.740150467639480212e+02
9.712172045453506826e+02
9.824836460832011653e+02
9.884951617034084848e+02
9.702789039362523908e+02
9.891399407636810110e+02
9.944500391414561591e+02
9.842208183339395191e+02
9.928095208175697053e+02
9.890838366688107044e+02
9.901008478161369339e+02
9.870226375888462371e+02
9.911590218895066755e+02
9.902590462522504140e+02
9.699161137626504114e+02
9.956889227453664262e+02
9.923835905325856857e+02
9.677203076407762410e+02
9.914671997408619291e+02
9.752443431554180506e+02
9.910822224601758990e+02
9.839615580090065805e+02
9.705346569046995455e+02
9.904542219846701983e+02
9.842782037341609112e+02
9.745085785994521075e+02
9.783944582092622113e+02
9.834976318868361886e+02
9.700643830391998108e+02
9.839969097238515587e+02
9.848682084581373601e+02
9.927028332768272776e+02
9.618443189875675898e+02
9.764909208869423765e+02
9.949633301222795581e+02
9.946289173266955004e+02
9.785777398346624523e+02
9.920308189350984094e+02
9.929596917802784901e+02
9.946196568977584320e+02
9.988075755120651138e+02
9.886986712642416251e+02
9.854453735848945826e+02
9.774689996154858136e+02
9.970437334406527725e+02
9.869888049808670303e+02
9.858376566901854403e+02
9.939426731837080524e+02
9.880121764091358045e+02
9.864815864679457036e+02
9.653788189062255469e+02
9.823002089421452183e+02
9.763339600699075618e+02
9.849535778747092536e+02
9.933609531337884846e+02
9.925690018856876122e+02
9.843731633636652987e+02
9.765039635891142780e+02
9.879273648659265064e+02
9.924287566568616512e+02
9.914591268147263463e+02
9.890760469200220086e+02
9.862025230387480406e+02
9.954973892971256646e+02
9.839228974505077758e+02
9.736601875577467808e+02
9.869937541840916992e+02
9.849588949305098140e+02
9.941159172684831447e+02
9.918190825502153984e+02
1.008078130298043334e+03
9.803019145032384358e+02
9.941265769103208640e+02
9.835208076137525950e+02
9.894909984565382501e+02
9.887508696441148004e+02
9.828037167823495110e+02
9.774629147952606445e+02
9.759316623116177425e+02
9.834485558861658774e+02
9.938723010733995125e+02
1.000876788365280390e+03
9.831616697631770876e+02
9.931919350970576943e+02
1.000769905065404259e+03
9.812944792138631556e+02
9.780501056377970599e+02
9.744453707641945357e+02
9.941366992383880188e+02
9.856947855799392073e+02
9.840185881960995857e+02
9.836934402000830460e+02
9.925650202351298503e+02
9.753916443579330462e+02
9.851023822777118539e+02
9.874211296575634833e+02
9.944725203137279550e+02
9.681040095342488030e+02
9.866662958987288903e+02
9.910132421843422890e+02
9.763369504876493465e+02
1.015162130727098884e+03
1.012300847169000008e+03
9.748016760265769562e+02
9.835160265697957129e+02
1.001506985894458467e+03
9.976917496579795852e+02
9.826712481229460536e+02
9.797362528654798552e+02
9.920686502467195851e+02
9.648939122347417197e+02
9.982461473871617272e+02
9.981773868942633499e+02
9.819775484191421810e+02
9.799587081887013937e+02
9.949470006047678226e+02
1.008190541032552346e+03
9.688003343087680150e+02
9.799918893220743712e+02
9.747848299616491659e+02
9.810506873733403381e+02
9.973974797774947092e+02
9.854931885909861649e+02
9.801964890198571538e+02
9.840408253288142078e+02
9.907423680413274951e+02
9.981594748482946216e+02
1.000365402031878716e+03
9.930225395284257957e+02
9.866535114877842716e+02
9.726763283405131233e+02
9.876224976863518350e+02
9.855571482033520851e+02
9.968504898357476804e+02
9.919555330559330741e+02
9.907397263389497084e+02
9.920458952132016748e+02
9.896459358129599195e+02
9.908387982585950340e+02
9.962943154799954755e+02
9.870838461967396142e+02
1.000221663542107194e+03
9.922676206848843776e+02
1.004041351114914278e+03
9.931220432459924723e+02
9.854414755650624329e+02
9.910132652237243747e+02
1.008532162615898073e+03
9.813259767274035994e+02
9.894933635240377043e+02
9.811939891594798837e+02
9.658062911802724102e+02
9.739872875699413726e+02
9.819171202737662725e+02
9.760952309507049449e+02
9.870247690561418494e+02
9.848400247015632658e+02
9.819156557593419166e+02
9.850933506625884775e+02
9.766227731312123979e+02
9.945655604739948785e+02
1.000173891266182636e+03
9.914464351110038933e+02
9.834734044132059125e+02
9.887368747210632591e+02
9.881489431796403551e+02
9.852150973370690963e+02
9.863268576730421273e+02
1.007422296886376444e+03
9.953558825646051673e+02
9.877561030156093693e+02
1.004086786938403634e+03
1.003876017904163859e+03
9.974082660691002502e+02
9.877835172753610777e+02
9.915388406686772669e+02
9.924565496531339477e+02
9.871753354426508622e+02
9.928220133155616622e+02
9.808290806830182191e+02
1.008406662261479823e+03
9.794380379020479950e+02
9.945591904725929453e+02
9.940706805331436726e+02
9.937773793040239525e+02
9.948399429621265426e+02
1.006656604609768920e+03
9.873398561100865436e+02
9.743707692102700548e+02
9.845734943870530742e+02
9.890622109093790186e+02
9.998089500869410813e+02
9.886446044852821160e+02
9.872680923525268781e+02
9.868917197421462788e+02
9.789003870441899835e+02
9.798180510053513217e+02
1.005206150258261005e+03
9.954427152278620952e+02
9.911537478798109078e+02
9.996405640023610886e+02
9.865568270465910246e+02
9.896936145262399123e+02
1.015572472845397442e+03
9.852103479297747981e+02
1.001935239654461725e+03
9.929617238471919336e+02
9.830444455650163036e+02
9.890829048454552321e+02
9.969779082465311149e+02
9.912706414258140057e+02
9.928715040367708298e+02
9.838349291876077132e+02
9.975122099311993225e+02
9.857433113666146483e+02
9.961022257895094754e+02
1.004607831246802334e+03
9.955085505955722738e+02
9.878303008250054518e+02
9.925896079862949364e+02
9.981833269773004531e+02
1.005333522961261224e+03
1.007444090672514335e+03
9.889435032331573439e+02
9.864605089052456606e+02
1.006522217771601618e+03
9.858782971579893228e+02
1.007131406581913097e+03
9.861699519817104829e+02
9.857463811074102296e+02
9.998454449035742755e+02
9.794265830638817079e+02
1.003031873620612487e+03
1.003455532628002857e+03
1.015560289499412193e+03
9.895388593272134585e+02
1.000480878317606084e+03
9.931275790523334308e+02
9.801525679577248411e+02
9.838603693869229119e+02
9.698269555013725949e+02
9.997796273739940034e+02
9.881062984263683120e+02
9.935024798089737033e+02
1.000833108951333202e+03
9.783397846657322816e+02
9.780123045335416236e+02
9.843472075064585169e+02
9.748997994545190977e+02
1.003660969293670519e+03
9.897940271918203052e+02
9.907398898371848190e+02
9.901425626713680685e+02
9.924316247836815137e+02
1.005816114514584228e+03
1.013051412100261359e+03
9.874769372445313138e+02
9.945347025879987086e+02
9.999003817485991021e+02
9.953656018838461250e+02
9.946199127091833816e+02
1.004903089223677512e+03
9.935623624659192501e+02
9.893381022914276173e+02
9.948784483775305034e+02
1.003115419517208807e+03
1.001002005166734307e+03
9.910361113284308203e+02
9.966652957821478367e+02
9.858569516182818688e+02
9.974612961493672856e+02
1.005774984908333522e+03
9.911581816742120736e+02
9.853590870398446668e+02
9.979631059883491844e+02
1.004560101881333821e+03
9.948834125863596682e+02
9.842241280825495551e+02
9.773171150777415050e+02
9.963007555774001958e+02
9.793858852367401369e+02
9.855923099601847071e+02
1.004216836344948206e+03
9.883875891561609706e+02
1.005177126565997469e+03
9.976784534647752025e+02
9.966702864465723906e+02
9.911008259592699687e+02
1.001529612201816235e+03
9.989399889409259004e+02
9.939967809125148506e+02
1.004876722193900605e+03
9.847137507132404153e+02
9.761070331006690139e+02
9.855220452383066458e+02
9.985962114816786652e+02
1.014920028724145595e+03
9.911771909483095442e+02
1.004686316555913322e+03
1.002837556692601424e+03
9.880362855142385570e+02
9.985732227195688893e+02
9.939857477838901332e+02
9.984970794983324822e+02
1.002800599465653590e+03
1.011477562414202225e+03
9.917492964918217240e+02
1.012456661713546850e+03
9.933780227500952833e+02
9.931717386923310187e+02
9.965944551217044136e+02
9.956985321651735603e+02
9.901553461686366973e+02
9.987667102718776277e+02
9.786104251295768108e+02
1.012968007376491755e+03
9.934140281293668977e+02
9.981821349809507637e+02
9.977475924979336241e+02
9.869467718710117197e+02
1.010447295589720170e+03
1.001683827517900113e+03
1.005245526023650314e+03
1.001502583645531672e+03
1.002301198601741021e+03
9.978096659605754439e+02
9.913081963006673050e+02
1.007099378060251638e+03
9.971115983301150436e+02
9.989212439513745494e+02
1.007699566376404277e+03
1.006682241967294885e+03
9.950975149757019835e+02
9.919583277577864919e+02
9.917486209714314782e+02
1.002318902544573803e+03
9.982461617136995073e+02
1.010987596343755854e+03
9.809992638513862175e+02
1.006616852699984975e+03
1.001707001611779901e+03
1.001942230745481652e+03
9.796034831869284289e+02
1.004879960476583506e+03
9.968487173870890956e+02
1.002558313663964100e+03
1.009935646408471257e+03
9.844930863056465569e+02
1.002968428576135352e+03
9.812414536035179253e+02
9.927713865832060947e+02
9.964025416206749242e+02
9.960530135200928044e+02
9.878993497675402295e+02
1.005807384137664712e+03
1.012662578794264050e+03
9.962373810687054174e+02
1.024304045091496391e+03
9.899347563450654661e+02
1.001003445392855156e+03
1.003039407671708432e+03
9.854135275152898430e+02
9.922305157399885047e+02
1.007261788855967666e+03
9.789097286056241956e+02
9.965476011232869951e+02
9.856563154873383610e+02
9.957202237579253961e+02
9.999083849244194653e+02
9.951761389278195793e+02
9.932551828124284157e+02
9.987845327983386596e+02
9.932104629387358727e+02
9.973220390579879222e+02
1.002556861812794068e+03
1.003819197687963765e+03
9.954718746130256477e+02
1.000261568712120720e+03
1.003841571135856498e+03
9.899440050792317152e+02
1.000842671539702906e+03
9.942206345486415557e+02
9.996758892472042817e+02
1.013193297975431278e+03
9.977069582231625873e+02
9.934732448691328273e+02
1.010332088302525108e+03
1.001838921168356819e+03
9.914948617904141202e+02
9.892246764362606655e+02
1.003751826824914133e+03
9.945312407180764467e+02
1.009242661345714509e+03
1.006692646244186335e+03
9.870955731934420783e+02
9.862825316098488884e+02
9.927873707664845142e+02
9.947497344083230928e+02
9.904963360592157642e+02
1.000239844625414207e+03
1.000676741004490395e+03
9.910562559392658386e+02
9.913128229134962339e+02
9.972312756189141965e+02
9.934963499874294257e+02
9.947597093722423551e+02
9.991410127833269144e+02
1.010107024450818130e+03
1.004370978408593373e+03
9.978824099847971638e+02
1.004603236304123470e+03
1.014887140173104171e+03
1.008310304802659630e+03
9.928860699967198116e+02
9.927376599963299668e+02
1.028485223280446235e+03
1.001566633496199074e+03
1.009896213624662323e+03
9.966708839572005445e+02
9.919876163287625559e+02
9.973975983670328560e+02
9.937751330578607849e+02
1.003253792269987457e+03
9.982341749292560280e+02
1.011929772980674784e+03
9.807962894124958666e+02
1.005027129431912385e+03
1.002952161551053109e+03
9.858831851152287982e+02
9.929900222689759630e+02
9.935610447532475291e+02
9.914252641070053187e+02
9.879168913274776287e+02
9.815429856345368762e+02
9.893482095247517236e+02
9.990634009119690973e+02
1.005186210912217120e+03
9.916868409159078510e+02
9.947040075349020753e+02
1.005924151441209005e+03
9.961033443620916614e+02
1.003480936673990755e+03
1.012435010626959297e+03
9.869113021288495702e+02
1.014732578516438139e+03
9.939937596467372032e+02
1.006198903484544530e+03
9.960921960435346136e+02
9.913531632644380807e+02
1.002394433920352640e+03
1.006703397050412605e+03
1.004255897788535094e+03
9.917305332424723474e+02
9.977069657561188478e+02
1.002517901854428374e+03
1.000535916475013664e+03
9.914344760252159858e+02
9.930182742616244695e+02
1.008814204757358652e+03
9.950801109996621108e+02
9.952163087181147603e+02
9.929840429938975603e+02
1.001329951348944292e+03
9.946082939145884438e+02
9.889818645141212983e+02
1.007934416076877142e+03
9.991698736358813449e+02
9.951670640141494459e+02
9.932923835018425507e+02
9.917692100666810120e+02
9.792507964818593109e+02
1.007534819464329757e+03
9.963806010346079347e+02
1.018885716166265865e+03
1.007342090812467404e+03
9.882347069866145830e+02
9.995950932901951091e+02
9.983996553458364360e+02
1.013719698301698941e+03
9.890370792535010196e+02
1.016499542118144063e+03
9.998725277355156322e+02
9.993523045339383089e+02
1.009682330672642252e+03
9.985930508491989031e+02
1.002121364538739613e+03
9.919892883696619492e+02
1.001462980054731929e+03
1.001813319293996642e+03
1.002193845790231649e+03
9.918380438419598022e+02
1.000966491317088298e+03
9.992261546177526270e+02
9.911366920247228336e+02
9.809108325722617110e+02
9.999970012174836711e+02
1.009728947385157653e+03
9.988846636987774446e+02
9.967858687289957516e+02
9.963251195651100716e+02
1.005535263836358240e+03
9.922100811156677764e+02
9.917783077876423476e+02
9.985641727277475184e+02
9.924602996617907138e+02
1.004122761739411203e+03
9.901510025389188741e+02
9.923751783478675179e+02
1.008725266584376300e+03
9.867931761446484416e+02
9.837317248782641173e+02
9.997330948287765295e+02
9.976611803590900536e+02
1.003486130356621743e+03
9.973974128907373142e+02
1.011292279136938305e+03
1.015281112123751882e+03
9.876996477912405226e+02
9.903273373740250918e+02
9.887843905643429707e+02
1.003530534366723259e+03
9.966243557502959902e+02
9.978315640921396152e+02
9.786635041682060319e+02
1.002998127545181433e+03
9.925087682393153727e+02
9.988408567994767964e+02
1.001197014729723833e+03
9.978953569549280473e+02
1.004172144837637802e+03
1.012215364871935890e+03
9.946184134629764912e+02
1.005128508671489499e+03
9.900478693029613169e+02
1.003692129481993334e+03
9.920404043301034562e+02
9.876179245927532975e+02
9.853500280006700223e+02
9.983467032067518403e+02
9.936157504722466456e+02
1.000603219506789173e+03
9.867300876859482059e+02
9.958957245108299503e+02
9.938474824328199020e+02
9.940068947081933857e+02
1.012377648018714922e+03
9.992513107222819144e+02
1.010349136607546484e+03
1.006951327766643999e+03
1.012691450833484623e+03
9.925263469150684159e+02
9.998446306648943391e+02
9.819382690369586726e+02
1.016151891590156197e+03
1.003911191515835526e+03
9.863553917794959034e+02
9.911080843420750170e+02
9.904186591638717800e+02
9.955759314758297478e+02
1.017053478792370811e+03
1.002893113142756647e+03
9.998023824431300000e+02
1.000001696977458550e+03
9.981314429563898329e+02
1.008359778982501325e+03
9.981715056851718373e+02
9.978512888036261756e+02
1.010986593993369297e+03
9.894198985515806726e+02
9.995461844015937913e+02
1.013372108929551018e+03
9.877262436377247923e+02
1.004983932668513035e+03
1.004751548149830114e+03
1.001064966073363394e+03
9.937639786709677310e+02
1.005106214903278328e+03
1.008279357320637928e+03
1.010011880156514962e+03
9.877611847102240290e+02
9.801370177043753529e+02
1.003581909480839386e+03
1.003003375848175438e+03
1.000282335848332536e+03
1.001819853111010843e+03
9.804669620391448461e+02
9.958026337041367242e+02
9.981079633143834826e+02
9.921585065233230125e+02
9.815935550404476544e+02
9.828963454430710271e+02
1.004173456675666444e+03
1.017989938630919369e+03
1.000545313893086018e+03
1.004873977050142798e+03
9.950320498285003623e+02
1.013730991362644204e+03
9.935089609134289503e+02
1.008652874559189740e+03
1.004958544407995873e+03
1.004974901504833383e+03
9.814663795615963409e+02
9.921697078640089558e+02
9.974483597555509959e+02
1.007744308554204963e+03
9.975731695736876645e+02
1.008850350345795277e+03
9.956862284822541369e+02
9.898729560329649075e+02
9.895002588283713294e+02
9.900035758804209536e+02
1.006117115051678752e+03
9.924568749482116345e+02
9.847856305141752955e+02
1.004785108565610926e+03
1.003518213782492808e+03
9.977167794515348760e+02
1.001787127145363343e+03
1.001275313528568404e+03
9.934642706143343958e+02
9.998643813252621158e+02
1.015648289914348993e+03
9.974650814185060881e+02
9.920391604415083293e+02
1.001939373500759302e+03
9.935133760728555217e+02
9.927959203004653546e+02
9.957522140353261193e+02
9.954288965731046801e+02
9.979893176931653898e+02
9.924640136330590394e+02
1.003061720380498855e+03
1.008925043393794454e+03
1.001301444430259835e+03
1.005930113966035151e+03
1.002631265354227708e+03
1.002731674472533541e+03
1.010937019663330375e+03
9.940258630378448288e+02
1.018176024778130341e+03
9.911696608893047369e+02
9.874018839663658582e+02
1.011832100622894018e+03
9.823539380860056554e+02
1.003427694480600394e+03
9.981198997952719765e+02
1.009117537618758888e+03
1.014754926959324166e+03
9.968338579141022819e+02
1.013277917168902832e+03
1.011018191971025317e+03
9.848400452899845732e+02
9.969534066969704327e+02
9.961350039443153719e+02
1.000727715279001245e+03
9.974678744083716992e+02
1.013145765609317209e+03
9.905368216657401490e+02
1.001245212947165783e+03
1.006542954689185649e+03
1.008122868993783641e+03
1.024187139647358208e+03
1.002396650233734135e+03
1.008352326868552609e+03
9.942522796410750061e+02
1.004622170860786014e+03
1.003729367349459949e+03
1.002532973536507825e+03
1.009110417689671067e+03
9.965148849523368426e+02
1.004837910675937906e+03
1.000284772460206682e+03
9.881474634481267003e+02
9.966284991314338413e+02
9.898903418151211326e+02
9.970176845906078142e+02
1.007621240734805042e+03
1.006935557138710806e+03
9.928840725669601852e+02
9.876972278990716632e+02
1.004289770658525981e+03
9.974232226025260388e+02
1.007912450973445743e+03
9.878796698492465111e+02
1.016805540053805885e+03
9.970586976251337319e+02
9.995858145804121477e+02
1.013297291520170688e+03
9.900989946430396458e+02
9.970322336795583169e+02
9.879532549738702301e+02
9.943357137599916769e+02
9.975231342060203588e+02
9.997009723760844508e+02
9.991146581816800563e+02
1.007038849696291891e+03
9.849562331222738294e+02
1.005121740697125915e+03
9.954469132976533956e+02
9.925343031740078459e+02
1.002288044362394544e+03
9.926262762184753683e+02
1.008624151469474668e+03
9.921335347739053532e+02
1.017223943173415137e+03
9.864952465358377367e+02
1.011557514435281632e+03
9.974820390971761981e+02
1.005243939142823137e+03
1.003407003005637876e+03
1.009413088180280056e+03
9.984391755511388737e+02
9.984239248971474581e+02
9.969411808230311181e+02
1.006292872503761032e+03
9.847929696331624427e+02
9.950493241751947835e+02
1.006734217514044190e+03
9.828010287608814224e+02
9.993309046947183560e+02
9.822532743316755841e+02
9.987141224743967314e+02
9.995001753014441874e+02
1.002330213283407943e+03
1.005247224043793722e+03
1.014277709442998344e+03
1.013734847311253020e+03
1.001328460441585662e+03
1.008685926099521907e+03
9.963668257948664859e+02
9.811963986719346167e+02
1.000973563727986971e+03
9.973872583488019927e+02
1.010005871956640249e+03
1.000257038600156193e+03
9.813883214473509042e+02
1.002117529113387945e+03
9.800925466372347046e+02
9.918299816833119849e+02
9.961916043333420703e+02
1.004616459935504849e+03
1.018523796745184768e+03
9.987467961912035435e+02
1.001648953803272889e+03
1.001948873670475791e+03
1.000577948457075536e+03
1.009816227426369892e+03
1.004643899753502410e+03
1.005149208859273926e+03
9.912090636670769754e+02
9.968070253842244028e+02
9.983136479898508924e+02
9.976347539390860675e+02
9.887083562637449177e+02
9.907193263922747519e+02
9.940179699003049336e+02
1.017490942858548578e+03
1.007359567090150676e+03
1.009361521430908169e+03
9.972076515496748925e+02
9.969352987186648534e+02
9.851780851081056198e+02
1.002886171689678804e+03
1.003087609125809308e+03
1.004317233844249472e+03
9.968169492395695670e+02
9.953648824321523989e+02
1.008550696414543836e+03
9.789524437064139875e+02
1.003004593528413125e+03
9.994410714118685064e+02
1.007529395224198879e+03
9.960661157998608815e+02
1.008008238405568022e+03
1.011175989612549756e+03
9.967932922966201659e+02
9.969756363766169898e+02
9.996721931874305938e+02
1.003813318545276843e+03
9.980361800907779752e+02
1.010805290032260132e+03
1.001869257056300057e+03
1.008085065989703594e+03
9.991474415461011631e+02
9.829262561629317361e+02
1.021197368731810457e+03
9.929277489796921827e+02
1.014262516515745574e+03
9.807571016788242559e+02
9.967222505676077162e+02
9.930015904955831729e+02
9.986367522842016342e+02
9.824998580981596206e+02
1.006089287197332055e+03
1.003915684530355975e+03
1.001573964824364452e+03
9.841980288954144953e+02
9.924788237487083506e+02
9.863279313157947854e+02
9.870564669796854105e+02
1.004236917504962435e+03
1.004230630360685154e+03
9.912514223648049665e+02
9.834780155941220983e+02
1.002562252373611841e+03
9.955664132915787832e+02
9.942982661740023786e+02
9.997936200450035358e+02
1.003731132151533870e+03
1.004797603044837274e+03
1.004947721601266494e+03
1.005190505524098967e+03
1.010020189361102098e+03
9.893619784997914621e+02
9.934622155983439598e+02
9.959961320698882901e+02
1.004241547850670372e+03
1.000833964195308340e+03
9.960595941326437242e+02
9.922585550434715742e+02
1.004062215689383720e+03
9.977841341777811976e+02
9.971593659121954261e+02
9.989831687400734381e+02
9.907572503893858311e+02
9.906510302935471373e+02
9.961442951046313965e+02
1.011560930834437045e+03
1.008866578514574144e+03
1.001326595548459750e+03
9.976589947177278646e+02
9.860494748741945159e+02
1.007175749180655885e+03
1.001449935660878509e+03
1.005089793614316022e+03
1.003874401080968369e+03
1.004307778864372267e+03
1.003399555593381933e+03
1.004197165066988759e+03
9.991060402302229022e+02
9.954252204084002642e+02
1.008200681325153823e+03
9.974185945717852064e+02
9.975027453838652036e+02
1.006636594475266065e+03
1.000316022285384406e+03
9.875824326681211005e+02
9.760108325892543917e+02
9.863706352861497635e+02
9.921495846328758716e+02
1.008259448513787902e+03
9.923143702667866819e+02
9.999563506690519716e+02
9.828377461874794108e+02
9.954095418402343967e+02
1.003750210750903307e+03
9.965778107304467994e+02
9.941227028111891286e+02
9.758052811746566704e+02
1.003092928521232238e+03
9.947161721653852737e+02
9.988956735362828567e+02
9.907613193259269337e+02
9.997521701106176124e+02
9.931976033721847443e+02
1.009905458914983797e+03
1.004692045229145833e+03
9.992465173822762381e+02
9.998255939600829834e+02
9.836888406612846438e+02
9.700119451743445325e+02
9.959034028484495593e+02
9.996862341489121491e+02
9.994548910703624642e+02
1.003968325937886675e+03
9.999261083232537430e+02
9.982132458654414222e+02
9.899684683961000928e+02
1.005231710492361572e+03
9.944076782748675214e+02
9.990682741914225744e+02
9.778390396502381918e+02
9.978869425471173145e+02
9.997159013205663314e+02
1.007665005436619822e+03
1.001310482357937985e+03
1.012304984370923876e+03
9.916402071524083794e+02
9.999848193752023917e+02
9.943647491527877946e+02
1.007489772904401093e+03
1.008088524826022308e+03
9.937772425552939239e+02
9.936485933661850822e+02
1.004544742419407157e+03
1.011201214108409545e+03
9.953674221631251839e+02
9.849020815350736484e+02
1.008100101351675335e+03
1.014929546563806184e+03
9.969862761889810372e+02
9.999626901751045125e+02
9.900688461095277262e+02
9.968683774660757990e+02
9.950323772600138454e+02
9.814482078358474837e+02
1.006990179434068637e+03
9.938411641492101580e+02
9.954434797160449762e+02
1.000226827133624511e+03
9.964859326653760263e+02
9.984304367488956586e+02
9.922194065393946403e+02
1.000886076575886818e+03
9.884867612693832370e+02
9.864823632289966326e+02
1.000203081471257747e+03
1.010804734933654800e+03
9.964873316100075726e+02
9.917452700952998157e+02
9.763686787506372866e+02
1.003901694535544493e+03
9.943010332144845052e+02
1.001809638634375574e+03
1.001960230281121881e+03
1.008788457441528180e+03
1.001199090598174962e+03
9.804797084227104733e+02
9.908975487290402953e+02
1.007838517894240113e+03
9.875064877528977831e+02
9.940036634302160792e+02
1.006507992499309466e+03
9.996068458485615338e+02
9.862931325397935325e+02
9.848234834178819028e+02
9.814147768263419493e+02
9.932722092256691440e+02
1.007025848511300524e+03
1.006241687185445471e+03
1.006907350537591810e+03
1.003108650769278142e+03
9.946514783139739393e+02
9.770032580685193579e+02
9.839189015362669579e+02
9.902410282760074551e+02
9.995367092530213995e+02
9.956227761049455012e+02
9.878185274316970208e+02
9.826670710551838965e+02
9.837082040799609786e+02
9.946754202907313811e+02
9.919541026169933957e+02
9.991637814104074096e+02
9.976186963089925257e+02
1.003486123654188987e+03
9.930535615388261022e+02
1.000462141370678751e+03
9.938844950282065156e+02
9.899582634835786621e+02
9.828084997816636132e+02
9.943874110848203145e+02
1.006269863457956603e+03
9.847492170803789122e+02
9.869656712948448103e+02
9.804278572015498412e+02
1.000168060790970571e+03
1.010567863308055848e+03
9.921002474117523207e+02
9.966272403169180052e+02
9.905054936500027907e+02
9.822490837948772651e+02
9.839526341015983917e+02
9.796953708104061889e+02
9.873348438041386999e+02
1.005858814397220158e+03
9.908948650022489346e+02
1.003822810447278584e+03
9.828100668910907416e+02
9.916034239522346070e+02
9.891193008408043852e+02
9.999152566966145059e+02
9.985218939443705040e+02
9.927888158164281549e+02
9.886888666912938106e+02
9.862900213246193744e+02
9.934066683671265992e+02
9.725973614328248686e+02
9.832445409926101547e+02
9.913082686965525454e+02
9.824239973673454642e+02
9.958553860385801499e+02
1.001239022586745023e+03
9.936007662526404829e+02
9.998798341379130079e+02
9.904406735282948375e+02
9.875882346515536483e+02
9.744351667520206774e+02
9.813473738495297312e+02
9.856799098742636716e+02
9.980699831302932807e+02
9.990057054699590253e+02
9.983462451972037570e+02
1.001207308323652342e+03
1.012421850908237047e+03
1.001624929751430500e+03
9.869957534685618157e+02
9.895633930134622460e+02
9.965417986280630203e+02
9.804562795780118449e+02
9.864855304509143252e+02
9.954586058060840514e+02
9.795420171422190379e+02
9.925062299152533569e+02
9.947408981852730676e+02
9.879693127557336538e+02
9.859392298988021821e+02
9.882079542672055368e+02
9.898751541174709700e+02
9.945957000464027260e+02
9.977560381513103493e+02
1.002831710544664475e+03
9.964779100594802230e+02
1.006739190950799752e+03
9.791357642287406406e+02
9.942386140817595788e+02
9.863205037177318673e+02
9.935451083496442379e+02
9.848408980224259039e+02
9.932138704023052469e+02
9.809286590450959693e+02
9.958349723893511509e+02
1.004029875212467232e+03
9.899922872342303890e+02
9.795198245719165016e+02
9.921331069996841734e+02
9.772611689381328688e+02
9.844815797531335875e+02
9.773006849522038237e+02
9.719511245372042367e+02
9.981836533444849238e+02
9.803909821002976059e+02
9.875447637263362139e+02
9.912691565419848985e+02
9.891998324302054471e+02
9.851920386119190880e+02
1.005395715890531278e+03
9.848440859632108868e+02
9.924520286984768518e+02
9.970549446572555325e+02
9.984276938788475491e+02
9.755769578955500947e+02
9.982920377482482763e+02
1.008129191587182504e+03
1.001745763413973350e+03
9.900146796620750820e+02
9.956479860370338884e+02
1.000586694082164399e+03
9.785651354652836744e+02
9.853016571558291616e+02
9.811978931531300532e+02
9.890064988454530521e+02
1.007017308316610865e+03
9.873508828378095359e+02
9.912307644974017649e+02
9.847795776801231113e+02
9.777372713296451820e+02
9.833024940551059672e+02
9.765500861383372921e+02
9.804675959829089607e+02
9.845173589990777145e+02
9.877081903840282848e+02
9.811456475690306434e+02
9.857032336880956791e+02
9.957183979730532428e+02
9.922614015833296435e+02
9.833527660074554433e+02
9.843730655320975984e+02
9.652480382075325451e+02
9.869730219595001017e+02
9.893748694647055117e+02
9.903325941874385308e+02
9.973502154119236138e+02
9.822049855826003295e+02
9.930319177339578118e+02
9.837910793849899846e+02
9.834158648901238848e+02
9.890814638485962860e+02
9.830190065069189131e+02
9.744430247123420941e+02
9.952529517556013161e+02
9.834337877188208950e+02
9.903058977606162898e+02
9.842638483706356283e+02
9.881352889234506165e+02
9.893405756912427478e+02
9.976838382644759804e+02
9.776520910077235840e+02
1.012489821528414495e+03
9.886456981113852862e+02
9.854470534277841125e+02
9.925084967127339723e+02
9.926110577558806654e+02
9.800317235458205687e+02
9.792095632136554286e+02
9.878945581780421890e+02
9.755804160666481266e+02
9.944452068315351880e+02
9.901981198481771571e+02
9.902096517390590407e+02
9.890447197122983880e+02
9.840289460038370635e+02
9.906469851134744431e+02
9.816668739401557104e+02
9.804679189481454387e+02
9.889290352961139661e+02
9.916182908195449954e+02
9.795947989502242308e+02
9.930741454927144787e+02
9.933021639259508220e+02
9.894662844969834623e+02
9.876131378015448945e+02
9.873485477484307467e+02
9.891813825855163032e+02
9.816466067026394740e+02
9.950283225936092322e+02
9.702273994783071203e+02
9.861602954237190488e+02
9.966056449631755640e+02
9.974829320901058054e+02
9.821972919027741682e+02
9.791548598431048731e+02
9.757121395206651187e+02
9.801880361588091546e+02
9.794857291243373538e+02
9.920208689013790035e+02
9.985613008162919186e+02
9.771070063354455897e+02
9.771179985044178693e+02
9.897052777458609398e+02
9.874356937319178087e+02
9.858763639908360119e+02
9.857667959011564562e+02
9.824573146758157236e+02
9.813594987848714482e+02
9.799926765715670172e+02
9.777491008514142550e+02
9.789640277696533985e+02
9.929860390081487367e+02
9.873086545112746535e+02
9.800682528630626393e+02
9.893827144720469278e+02
9.733793474576997369e+02
9.889479390152863516e+02
9.912929962706648439e+02
9.754076613217281420e+02
9.947561395028153584e+02
9.748408389393329117e+02
9.864890994931587329e+02
9.799548014423554605e+02
9.805077434951540454e+02
9.829553333045289492e+02
9.849818621791137048e+02
9.829975068755003349e+02
9.696781747747671716e+02
9.980362636537206527e+02
9.821530334854594457e+02
9.968568200525271550e+02
9.864198565998939330e+02
9.801798051032301373e+02
9.837249726440817312e+02
9.735601056729874472e+02
9.785311006909890921e+02
9.830830112800693996e+02
9.814571593122159356e+02
9.843280832899617963e+02
9.832202239065832146e+02
9.788571919901929732e+02
9.930144095259524875e+02
9.952144130741040726e+02
9.857798706829004232e+02
9.799597949932043548e+02
9.658968304226250439e+02
9.814088054940673373e+02
9.788268932208279693e+02
9.843490683251812925e+02
9.988196522311167200e+02
9.897334700822009381e+02
9.897172222294533412e+02
9.620979651438716473e+02
9.797580601063499444e+02
9.738807873259937651e+02
9.864244778093478772e+02
9.741070172157744764e+02
9.860148139129653373e+02
9.895127283105687184e+02
9.776647321757371856e+02
9.757934954376368069e+02
9.802026938521959210e+02
9.820121001181295242e+02
9.783632709877442721e+02
9.821150406017696923e+02
9.760063402675392581e+02
9.742511495789140099e+02
9.769749099822745393e+02
9.695964259501133711e+02
9.735718694469094316e+02
9.743297947292888921e+02
9.709190767761035659e+02
9.988757074999695078e+02
9.814873132108117488e+02
9.797730830529868626e+02
9.896989564861762574e+02
9.877247425832269982e+02
9.777873335220649551e+02
9.760752988310526916e+02
9.718018190315001448e+02
9.712766473828507969e+02
9.884689037347252452e+02
9.823053565766687143e+02
9.785833491027221953e+02
9.625488239981418701e+02
9.689613135766803680e+02
9.549325693400301134e+02
9.847098050235415485e+02
9.788596275422800090e+02
9.984845450762372820e+02
9.836753950441961933e+02
9.795797308287583292e+02
9.806303049538449841e+02
9.752426699260059877e+02
9.802967370934371729e+02
9.854203065392817962e+02
9.898871443350195705e+02
9.704818625731910515e+02
9.497267000324952733e+02
9.896912317548069495e+02
9.790477725208604625e+02
9.704663957793031841e+02
9.808081064070320281e+02
9.751949319123465330e+02
9.853001340090452231e+02
9.780368480231931017e+02
9.785538441581295501e+02
9.737242107818111663e+02
9.618388195961402971e+02
9.798623365334610753e+02
9.727084496908951223e+02
9.929983397945894694e+02
9.845552008888613500e+02
9.870987171840474730e+02
9.660724370488051136e+02
9.715348410015113814e+02
9.699396550261170660e+02
9.650626376978689223e+02
9.776428103366610003e+02
9.720001879346142459e+02
9.606085969790366335e+02
9.727138440720416384e+02
9.624444440563365788e+02
9.821190621297845382e+02
9.712672292542113155e+02
9.865344961320371340e+02
9.694891455800161566e+02
9.544990473015702719e+02
9.816086577097133841e+02
9.750407908789245539e+02
9.565168747180488253e+02
9.733463453666313399e+02
9.699463711400495640e+02
9.757299479211557127e+02
9.781148398749136277e+02
9.578815246981921518e+02
9.710305544791226566e+02
9.785374208943986787e+02
9.864177208448011243e+02
9.781968037201986590e+02
9.794703197340368206e+02
9.618879955747612485e+02
9.644008073449427911e+02
9.539851663846674228e+02
9.929325202506230426e+02
9.725591082747232576e+02
9.860233614670281668e+02
9.816243539178850597e+02
9.806348389955613811e+02
9.857703486474970305e+02
9.888881939939304857e+02
9.826904221560154156e+02
9.750874353672115831e+02
9.742187126954710266e+02
9.803167700588472826e+02
9.667982364430456528e+02
9.656930075958151747e+02
9.580608339514124054e+02
9.788088471411670071e+02
9.522419772143318824e+02
9.756629899406317463e+02
9.771745708920108200e+02
1.002687368653873477e+03
9.748019151569864107e+02
9.477608337453373224e+02
9.820217743881383967e+02
9.717236366251481741e+02
9.803163875591532133e+02
9.583101266251120478e+02
9.595225492247042212e+02
9.745171756796040654e+02
9.728386361647048943e+02
9.631379375720048301e+02
9.834301249310068442e+02
9.722311461687261271e+02
9.533529004626996084e+02
9.731675545515596468e+02
9.819400458702592687e+02
9.612084397185947182e+02
9.723964548799152681e+02
9.560214397707358103e+02
9.699425316468306164e+02
9.691358634744780147e+02
9.790941460565725265e+02
9.703917688283059988e+02
9.986932766718323364e+02
9.599736912033058616e+02
9.689921049956715251e+02
9.664531150645075286e+02
9.756991117103533497e+02
9.740079945106057266e+02
9.899070531792929160e+02
9.646007677662257720e+02
9.826732622420784082e+02
9.587294684681368153e+02
9.753371675350507530e+02
9.820061778486356161e+02
9.688167157729284327e+02
9.649604950990404859e+02
9.813275149101633588e+02
9.603282077446210678e+02
9.690488818509845714e+02
9.642069645844416073e+02
9.554343167078897068e+02
9.558189645613360881e+02
9.630712055212358109e+02
9.811278264331036780e+02
9.651007083455934890e+02
9.731402167538188905e+02
9.606183903116179863e+02
9.784518056739887015e+02
9.594100227090248154e+02
9.778166446381662809e+02
9.717726092627077605e+02
9.722881938506304778e+02
9.712284262706551772e+02
9.659073315160959510e+02
9.798783045387990569e+02
9.638172948633667829e+02
9.846497829155124464e+02
9.517480966334384220e+02
9.664747219850287365e+02
9.762385891503193989e+02
9.644823120472906339e+02
9.546696894079590265e+02
9.531094034794755316e+02
9.605079721754817683e+02
9.569549805042868229e+02
9.628967484820121854e+02
9.545963835755961782e+02
9.631532108691338863e+02
9.733572254946527664e+02
9.624302305095966403e+02
9.723022994139996626e+02
9.661257015951737230e+02
9.511976166172476042e+02
9.584739767487290010e+02
9.627744466688573084e+02
9.558978270371608232e+02
9.612473586746331193e+02
9.620632269851006413e+02
9.789412924615809288e+02
9.747404358619522782e+02
9.763508425539382642e+02
9.660639572788660416e+02
9.517979200064856968e+02
9.652340257734501847e+02
9.602634223512443441e+02
9.508170702505969984e+02
9.708878001371342634e+02
9.507133450369151433e+02
9.520464415214468090e+02
9.724152946386394660e+02
9.624038764497499869e+02
9.593578686020949817e+02
9.486665899832045170e+02
9.617126401850752018e+02
9.621901812014583584e+02
9.618566894156962235e+02
9.609472524591108140e+02
9.770684633381356434e+02
9.586290397535908596e+02
9.681956324303018846e+02
9.685035337974925369e+02
9.591572114974688930e+02
9.604436271922212427e+02
9.475051101913320508e+02
9.481859954642679895e+02
9.665731295495504583e+02
9.587619447176178937e+02
9.596252014319612726e+02
9.564934471086626218e+02
9.688424905337004702e+02
9.667135672397361077e+02
9.525403835709917075e+02
9.597958060560388276e+02
9.805197593937195961e+02
9.553981176487709490e+02
9.576038481538049609e+02
9.603494381532573243e+02
9.513118398188247511e+02
9.402164861104137117e+02
9.521053575645404408e+02
9.541327088496491342e+02
9.512329488032740983e+02
9.517992761386454958e+02
9.735751083470015601e+02
9.660630888415279287e+02
9.428914579306820087e+02
9.480459021498163565e+02
9.544018826588105640e+02
9.502725947824471859e+02
9.612047664011583947e+02
9.690626694245368071e+02
9.421777248199326777e+02
9.831431470076241794e+02
9.523174527269198961e+02
9.584949450118583627e+02
9.575312234740346184e+02
9.565491794279269016e+02
9.603952220869157372e+02
9.659940845491465780e+02
9.699567771038580304e+02
9.542233815452369754e+02
9.503059372475745477e+02
9.478317561010519512e+02
9.533176640499865471e+02
9.569577891860249110e+02
9.466516162973698556e+02
9.569984681757207454e+02
9.557736219656164849e+02
9.714564759219030066e+02
9.625225540232942194e+02
9.608763667652078766e+02
9.754527065811425928e+02
9.635643990614590848e+02
9.544314323789296850e+02
9.611935671507106917e+02
9.506586719911825867e+02
9.513708443146202853e+02
9.564362892541068959e+02
9.361264887484953761e+02
9.524803875532561506e+02
9.574863832952821667e+02
9.546357750380924472e+02
9.456554319099868735e+02
9.503223358943087078e+02
9.590691884160322616e+02
9.567990941070784174e+02
9.505899609942272264e+02
9.424184716171597529e+02
9.454276753316881923e+02
9.550619764916292525e+02
9.657902585598727683e+02
9.379862593369608703e+02
9.391672617120308360e+02
9.625238229486242290e+02
9.427990329805011243e+02
9.406430404269482324e+02
9.600616672668564888e+02
9.539042505096039122e+02
9.492075020923790589e+02
9.507986312674395322e+02
9.539514978495859623e+02
9.709393159651148153e+02
9.567361849800437312e+02
9.620713189198636428e+02
9.641695852262440667e+02
9.546502151137796091e+02
9.399342848044169614e+02
9.532689095254297627e+02
9.484260184115739776e+02
9.376809254425312474e+02
9.549033738694456588e+02
9.584734874529962099e+02
9.488467504473720737e+02
9.686491408540350676e+02
9.495262038641684512e+02
9.475529956802286051e+02
9.445520447048703545e+02
9.584504917612325698e+02
9.512245185068242108e+02
9.529518349612305883e+02
9.534818641944252704e+02
9.593939873169797465e+02
9.523892468516690997e+02
9.227165644158619671e+02
9.597372451612548048e+02
9.626898483978934564e+02
9.571323027952205393e+02
9.508704500845742587e+02
9.464038511937322937e+02
9.497377947553019339e+02
9.397770345240173810e+02
9.485415395661175353e+02
9.659768136364859856e+02
9.489015637627352362e+02
9.410874074462926728e+02
9.526158261650369923e+02
9.252327702458126168e+02
9.383459683395367392e+02
9.511497953492097395e+02
9.500376467664765414e+02
9.531301764184710237e+02
9.244987447834795375e+02
9.469535724889880157e+02
9.510242730747741007e+02
9.448401400629740010e+02
9.412938448061307781e+02
9.524375074711663274e+02
9.404994244340995238e+02
9.552072843405854883e+02
9.288581670486984194e+02
9.537345767667407017e+02
9.387478092486802552e+02
9.342609378512171361e+02
9.446385289677273249e+02
9.278512711405709297e+02
9.587470210376286559e+02
9.541188839415168559e+02
9.483905589358085990e+02
9.366868392980472890e+02
9.433305009300232769e+02
9.374701394779222028e+02
9.487050711840012127e+02
9.607912892292766855e+02
9.459756170094041181e+02
9.450939621881152561e+02
9.515538266307903541e+02
9.432507523154425826e+02
9.536668940580482285e+02
9.318209867096436483e+02
9.422745603934193923e+02
9.422364442583816526e+02
9.440343169787878423e+02
9.512297300064107048e+02
9.277025823158938920e+02
9.282632082233945994e+02
9.376622334695684913e+02
9.339305159350151371e+02
9.379380359318520277e+02
9.436251477209967788e+02
9.536239525779780024e+02
9.324993215067706842e+02
9.388246305164968817e+02
9.398131466803271223e+02
9.482192684269967913e+02
9.378127010391522163e+02
9.455573604806576213e+02
9.478515267582179149e+02
9.309358812321620462e+02
9.382434575675733868e+02
9.343360913441690627e+02
9.447912959619278581e+02
9.314521224832342341e+02
9.544896768179748960e+02
9.472274767956985215e+02
9.381859932218230824e+02
9.452281140687098286e+02
9.427273100007068933e+02
9.523970282259987243e+02
9.333379043177924359e+02
9.357943102808167168e+02
9.280502372992536948e+02
9.302479973193107980e+02
9.429072049438693739e+02
9.266645061817454234e+02
9.317466742114607996e+02
9.451845661144485575e+02
9.320330719197282860e+02
9.222581294503403342e+02
9.315696694556147577e+02
9.383676688822334881e+02
9.291958415722566542e+02
9.414827327192881512e+02
9.270918428867514649e+02
9.354604192100498494e+02
9.322568224713895688e+02
9.231168280206683221e+02
9.198723552713374829e+02
9.272896284619631615e+02
9.371328833087374051e+02
9.289684317670701148e+02
9.457769356774550715e+02
9.166868757426492493e+02
9.175587135762732487e+02
9.327102714065382543e+02
9.441168903955206133e+02
9.402261112554010651e+02
9.350826634727404780e+02
9.367095649511833244e+02
9.403560176169395390e+02
9.356095821538215205e+02
9.242032484492672211e+02
9.394887062504558344e+02
9.229900386797030478e+02
9.262761649606361516e+02
9.458839075548164601e+02
9.303230742282453321e+02
9.273691812299890671e+02
9.396853694135941168e+02
9.459944941185610787e+02
9.222635358116056068e+02
9.420809716412845773e+02
9.428604775692208477e+02
9.255287913367502597e+02
9.266939180427193605e+02
9.230100069103388023e+02
9.338122727416638327e+02
9.333531828911557113e+02
9.313204488649381574e+02
9.501509152653404726e+02
9.244389784272483439e+02
9.286308043719158150e+02
9.259132522753570811e+02
9.423938617657036048e+02
9.369284184337105899e+02
9.288847636110077701e+02
9.344253511000677008e+02
9.457679627410611829e+02
9.348911234054660326e+02
9.293046721860429216e+02
9.242413605520334841e+02
9.082069681221373685e+02
9.152852549574669183e+02
9.263112007678672626e+02
9.432191903086840057e+02
9.224760109804310559e+02
9.294034159655006988e+02
9.314901932192378808e+02
9.326628994894198286e+02
9.256705468269060475e+02
9.311905908098212876e+02
9.228823940997350519e+02
9.278117070943819726e+02
9.212433626818909715e+02
9.194477956150993805e+02
9.325999721064065398e+02
9.123633421035956417e+02
9.332324744228450299e+02
9.269826799657754464e+02
9.292556977355844765e+02
9.246342242622490630e+02
9.299910954137598083e+02
9.089483574177440914e+02
9.275517000342088068e+02
9.186748227941408231e+02
9.195432965498057456e+02
9.329919487483846297e+02
9.179889465757045173e+02
9.372153193935340596e+02
9.166103509220067735e+02
9.121938608121171228e+02
9.303407819195323327e+02
9.273973483178775723e+02
9.245073167805793446e+02
9.223275101464561203e+02
9.228335189348877066e+02
9.145765740530858920e+02
9.256901296528540115e+02
9.189026397782056392e+02
9.088243388725960585e+02
9.143199842028229796e+02
9.268905205381065571e+02
9.116378430307211147e+02
9.225210507022552520e+02
9.052046082744406021e+02
9.321682962681718436e+02
9.178122763484925599e+02
9.293863504948712944e+02
9.285341709575836830e+02
9.211008217740995860e+02
9.233976953282666500e+02
9.248493720655870902e+02
9.237995589058482437e+02
9.145105015801058244e+02
9.164931456798465206e+02
9.058908578643031433e+02
9.051442086543740970e+02
9.208168422093021945e+02
9.198199835798099002e+02
9.228655971913518670e+02
9.222120091976574940e+02
9.379150331329091159e+02
9.200351142255024115e+02
9.206214671525534641e+02
9.033931856331830659e+02
9.306984068796853080e+02
9.105635581986301759e+02
9.129320967236157003e+02
9.243204998530707144e+02
9.293728781757384922e+02
9.243252449601553735e+02
9.230929111924024255e+02
9.197833043421782122e+02
9.055460567522871997e+02
9.270667990182161020e+02
9.198013601495287048e+02
9.178344893014296986e+02
9.186451250975947005e+02
9.311447180001226798e+02
9.213514840691991594e+02
9.209495644443439915e+02
9.056446775839640395e+02
9.147000160188083555e+02
9.105754073451854538e+02
8.964951201304404549e+02
9.217831086630005757e+02
9.270573296680233852e+02
9.182971833113555249e+02
9.091378111175421282e+02
9.305100728504547760e+02
9.309273211744014134e+02
9.057005026312859854e+02
9.147378770910901267e+02
9.277723003998131617e+02
9.083235030407665818e+02
9.009269839497104613e+02
9.206803048810644441e+02
9.134155070964045535e+02
9.200346477883817897e+02
9.225579892896140564e+02
9.104307649596419196e+02
9.095897359787395544e+02
9.294518149535028897e+02
9.028364496984507923e+02
9.082194262454684122e+02
8.983611065185723419e+02
9.121480484177074004e+02
9.148883666230256040e+02
9.075032292843549158e+02
9.139519005357693686e+02
9.082315969322806950e+02
9.041724979917686369e+02
8.975859771024132669e+02
9.057711423841589067e+02
9.203226067974292164e+02
9.050659919931771356e+02
9.001105181182243768e+02
9.060697415502040712e+02
9.154945748682741851e+02
9.088762019665724665e+02
8.989444825225352815e+02
8.994271233641682102e+02
9.010402110533839277e+02
9.078196814971797721e+02
9.108517568864914438e+02
9.190010714158592009e+02
9.106228785710372904e+02
9.109816430761150059e+02
9.029397659106397214e+02
9.014173404061143628e+02
9.046127416809744091e+02
9.162451565387950723e+02
9.166012898742735615e+02
9.025323184475938660e+02
9.081258322090861839e+02
9.141424539355332399e+02
9.072187532587682881e+02
9.056917242423515972e+02
9.065139527725655171e+02
8.999890372411733779e+02
9.123843212850098325e+02
9.126775509229988756e+02
9.124906773848982766e+02
9.141556159933229537e+02
8.961151106081008493e+02
9.050154789636103487e+02
9.022927326722566477e+02
8.983831783127923245e+02
9.151203019820743521e+02
9.128622739304039442e+02
8.826119567335642841e+02
8.967105862913715555e+02
8.952962692653161412e+02
9.049409886818178848e+02
9.064364929730118092e+02
8.975559115427713550e+02
8.931357552882038817e+02
9.010743838863133988e+02
9.027805104001829477e+02
8.879786901079943391e+02
9.033181122548292024e+02
8.956487452569730294e+02
9.010322492902375870e+02
8.852279312048756310e+02
8.976261037154987434e+02
9.084149340652119236e+02
8.908597336946778569e+02
8.973683081088826157e+02
8.925424177116925648e+02
9.020426446732328714e+02
9.088033730804525021e+02
8.984205950826650451e+02
8.876663095438823348e+02
8.866902890215819752e+02
9.145975258549208320e+02
9.084822840964783381e+02
9.059635540831786784e+02
9.019115079126148657e+02
8.920900988247575469e+02
9.031646892479465123e+02
8.915201760630625358e+02
8.878363676797795279e+02
8.995656741088097306e+02
8.958931378770098490e+02
8.897728746867367136e+02
9.053295320262217274e+02
9.078762372952671740e+02
8.919359195627480403e+02
8.830131193798863478e+02
8.973574016736801013e+02
8.902216632257699302e+02
8.990577864967924597e+02
8.834733440085285565e+02
8.823161287719186703e+02
9.038209881110560673e+02
8.921054913134037179e+02
8.929774672721767956e+02
8.934495209703497949e+02
8.830047958759869289e+02
8.826883213077354640e+02
8.908435800168255128e+02
8.996361948045260988e+02
8.963432906353762064e+02
8.980055691425834539e+02
8.931189239684313179e+02
8.926375302570442045e+02
8.937899617160275056e+02
9.061375330504477006e+02
9.031748848707727575e+02
8.760385195817077602e+02
8.903567481141802773e+02
8.929463122159750128e+02
9.127389997960300434e+02
8.884797690924751805e+02
8.804218744951627968e+02
8.915262884744654457e+02
9.016036772377520947e+02
8.964803179768148311e+02
8.901975455858744226e+02
8.863646193063746068e+02
8.846005214620226980e+02
9.117587700131186921e+02
8.877233130585628942e+02
8.886474526493325357e+02
8.872259501407290827e+02
8.909141585144581086e+02
8.943944834653324278e+02
8.850551983671118705e+02
8.816818211657451911e+02
8.863214283251533061e+02
8.893527612608353365e+02
8.927186798935518937e+02
8.803416084620230322e+02
8.981807214054215365e+02
8.870567591423348404e+02
8.890754731362166012e+02
8.934627656014586137e+02
8.932906102451421475e+02
8.906774145563139200e+02
8.690032434019421999e+02
8.703892579970031420e+02
8.834405702145472787e+02
8.827078042618368272e+02
8.735347429978484115e+02
8.878128124442303033e+02
8.907714456295421996e+02
8.896674452919861551e+02
8.873625237815855371e+02
8.813997703338436622e+02
8.993487212740138830e+02
8.961792873095238292e+02
8.884958705711154607e+02
8.991362545256115482e+02
8.731501528952394438e+02
8.664540385145821801e+02
8.654138019457565179e+02
8.671274382705564676e+02
8.780716203847115366e+02
8.716554388770074411e+02
8.887810410454625298e+02
8.935349987196783559e+02
8.788780912573166688e+02
8.997629082273045924e+02
8.833027292159235913e+02
8.689417715771668327e+02
8.803500195833680664e+02
8.792004836093972244e+02
8.632577505137149956e+02
8.759458005242120180e+02
8.786045191409784820e+02
8.808996095987984063e+02
8.721044216472884045e+02
8.797018563328088021e+02
8.860557872160756006e+02
8.683521034016374642e+02
8.789659945884217223e+02
8.848251064868339881e+02
8.813007482931883487e+02
8.840598888472318322e+02
8.765526194259803106e+02
8.713111294035500123e+02
8.740536785900413861e+02
8.656493641875074445e+02
8.816732691066340522e+02
8.698366997449720657e+02
8.831424213452331742e+02
8.878900786192341457e+02
8.625273561653631305e+02
8.709314111370605360e+02
8.787647487194072937e+02
8.685600682306288718e+02
8.667779591139840250e+02
8.672324972061021526e+02
8.771394311733112090e+02
8.742172049081066234e+02
8.690685212464386495e+02
8.728058422990840199e+02
8.792597781876800127e+02
8.684863664254926334e+02
8.760941744212982485e+02
8.884762091324216726e+02
8.831212136921105866e+02
8.532160517154204626e+02
8.918757764243896418e+02
8.673647518035562598e+02
8.652342338635269243e+02
8.584409440705779843e+02
8.708342319050573224e+02
8.733952264644366323e+02
8.738037246579297062e+02
8.636627641597112870e+02
8.651747409068011621e+02
8.645328618794562772e+02
8.703530200458834543e+02
8.687862520054762854e+02
8.781185924850727815e+02
8.635048751685551451e+02
8.557923249968358732e+02
8.775055769127385474e+02
8.767103352894187083e+02
8.616039516551398947e+02
8.716823246825678098e+02
8.749631159417812114e+02
8.566595990615263645e+02
8.822916262979040312e+02
8.715284762730265129e+02
8.583551482583976622e+02
8.479295916498094812e+02
8.796843415834781581e+02
8.582641739258355074e+02
8.562180984577813661e+02
8.559569772092037283e+02
8.567746024112743726e+02
8.667382460490853191e+02
8.590250886460185029e+02
8.598074397636557933e+02
8.775948008003405221e+02
8.563607078204230447e+02
8.638762828410740440e+02
8.619262456184483199e+02
8.597062752054894190e+02
8.612149748624688073e+02
8.416793131849643714e+02
8.701354288726176947e+02
8.656358677318426089e+02
8.615379647747389527e+02
8.610850273760884193e+02
8.574307961973322563e+02
8.594449192855760202e+02
8.733758791300247140e+02
8.696527154912954529e+02
8.733459408107620447e+02
8.633659647131155452e+02
8.540727295096677381e+02
8.708822234506615132e+02
8.709716832908679862e+02
8.581548969189500440e+02
8.525164590738648940e+02
8.434693261203832435e+02
8.578364697281283497e+02
8.549008011389094008e+02
8.651609794642575935e+02
8.503373860076245592e+02
8.555222837432951337e+02
8.555103434905191762e+02
8.447134585175118673e+02
8.558815328755564451e+02
8.589936094626468730e+02
8.679761993805541351e+02
8.508372934040005475e+02
8.541756462400132932e+02
8.609310401049700658e+02
8.652027933350619833e+02
8.492597636723825190e+02
8.615727673343228616e+02
8.584170068874108210e+02
8.486099307783105132e+02
8.577630741543952126e+02
8.571137345470991704e+02
8.591749214072149243e+02
8.446829745307154553e+02
8.526928220348360128e+02
8.735412292341704870e+02
8.694849787558421212e+02
8.482869439918628132e+02
8.337023915688648685e+02
8.498160533080352934e+02
8.657526965472502525e+02
8.607085870188080889e+02
8.408573898717512520e+02
8.515407763291094625e+02
8.626558799428930797e+02
8.431282001365337919e+02
8.544195043652380264e+02
8.554874948823425029e+02
8.688518257874671917e+02
8.538320161298051971e+02
8.499830204737243093e+02
8.366261891471012859e+02
8.460483720297461332e+02
8.446151071860226693e+02
8.559824884810656158e+02
8.596816028862790517e+02
8.641775524330331564e+02
8.503068167697964554e+02
8.486841291868263397e+02
8.320986280532846422e+02
8.499000399669142780e+02
8.481146965019241861e+02
8.553834017227097775e+02
8.547421091820793890e+02
8.295142129051977236e+02
8.416184293843339219e+02
8.419188014275946443e+02
8.492005514934339772e+02
8.532398487564918241e+02
8.607363182608858097e+02
8.496470397759536581e+02
8.375711746968815987e+02
8.418985595024601025e+02
8.658385571270885066e+02
8.520332423737902445e+02
8.536928449817554565e+02
8.523289807482950664e+02
8.638704006317805124e+02
8.486511312732081933e+02
8.542394596022979840e+02
8.326830866477882864e+02
8.475825698485053863e+02
8.415811879355160272e+02
8.448945494977654107e+02
8.518047455237971235e+02
8.471748014893497611e+02
8.323947415621304344e+02
8.451306134327746804e+02
8.475708790258843237e+02
8.393202381986723140e+02
8.317333115725517700e+02
8.349199573901369149e+02
8.376315552520200072e+02
8.288216117622608863e+02
8.415968573787951073e+02
8.303000658062979937e+02
8.442037920232432953e+02
8.354354448837328846e+02
8.244540545610152549e+02
8.303377739378258866e+02
8.435912374702493253e+02
8.389742738030435021e+02
8.415737350775140158e+02
8.397432513123336548e+02
8.289299443756020764e+02
8.554232352248749294e+02
8.348350421153928664e+02
8.308741700262131644e+02
8.506554343462564702e+02
8.407373566934185192e+02
8.437909656842527966e+02
8.250224763192265982e+02
8.392093238750019282e+02
8.247864485615665444e+02
8.322488103100232593e+02
8.501260022896013879e+02
8.335375376728484298e+02
8.347987249838953403e+02
8.106856466844903935e+02
8.433369691223371092e+02
8.253701067647049285e+02
8.513957908001445958e+02
8.252256501659331889e+02
8.253482680045614188e+02
8.421649675121058181e+02
8.324539369047397486e+02
8.417431841703075861e+02
8.451022952114358304e+02
8.381415973341414656e+02
8.429377736173912581e+02
8.320430235522077282e+02
8.203038929831828909e+02
8.343169151415540910e+02
8.296522696200904647e+02
8.397948080999278773e+02
8.369406720007489184e+02
8.246082094414874746e+02
8.270418992055658691e+02
8.344534510462264052e+02
8.269836482795516304e+02
8.202298865224420297e+02
8.260493481980001889e+02
8.238544854718413717e+02
8.334453384471061099e+02
8.329383414456076480e+02
8.209297204872008251e+02
8.257381955469606964e+02
8.283188132798039760e+02
8.178478109136681269e+02
8.273411221515012812e+02
8.270203455891183921e+02
8.146065284561013868e+02
8.088298239891560115e+02
8.250663931107854978e+02
8.334947433061174706e+02
8.230174322560759492e+02
8.231570698424571901e+02
8.195030998897020709e+02
8.159066757360883457e+02
8.267196277468356129e+02
8.229985562167109947e+02
8.280742912890735852e+02
8.203356433551429063e+02
8.167585031507849180e+02
8.284371016658300277e+02
8.314001216792556761e+02
8.186356539984423080e+02
8.220539486720940658e+02
8.271339720101983630e+02
8.202018994196610038e+02
8.362825939138394915e+02
8.176458098407704256e+02
8.068847668263097148e+02
8.263926958282607984e+02
8.059235695090409308e+02
8.311214847651333457e+02
8.311523966519073383e+02
8.118477541518589078e+02
8.142320582365864539e+02
8.085540575637235179e+02
8.191253155758997764e+02
8.054809083576868716e+02
8.157249269815944217e+02
8.088630951926484158e+02
8.070274876000713675e+02
8.187965237028608954e+02
8.084981203602453661e+02
8.107885666420909274e+02
8.243184595183103056e+02
8.126409430733217505e+02
8.166039084551222231e+02
8.109962120062471058e+02
8.227326255128173216e+02
8.137432728837519562e+02
8.247851200296460092e+02
8.172064752934907119e+02
8.125229747936556350e+02
8.075093762224472584e+02
8.019510867317784459e+02
8.255335820675188643e+02
8.096642925991706079e+02
8.072923597352034903e+02
8.222054311174136956e+02
8.094329642414138561e+02
8.049207428545993253e+02
8.178814142191999963e+02
8.021132066454812275e+02
7.945643309880783818e+02
7.970427029553272860e+02
8.138210529878770103e+02
8.134128794344912876e+02
8.068458273629536279e+02
8.134669859169629262e+02
8.086233909464708631e+02
8.078492984376522372e+02
8.085879481107863285e+02
7.978255005520654777e+02
7.961600707964773846e+02
8.164686425617285295e+02
8.052069832171214330e+02
8.130077753755841741e+02
8.142770409414694086e+02
8.148470330067954137e+02
8.157668907446285402e+02
7.974323213265997765e+02
8.137179926868997200e+02
8.196185448277279875e+02
7.859345034236996526e+02
8.092799910557542944e+02
7.967647851545594904e+02
8.011317547892500670e+02
8.034735926724467845e+02
7.993184298127424654e+02
8.079544323944626285e+02
7.990289304566068722e+02
8.076292266150704791e+02
8.036059824571509580e+02
7.979395395175639578e+02
8.033970056265435460e+02
8.018694778096194113e+02
7.905876653865668686e+02
7.982653872172601268e+02
7.979591005305630915e+02
7.986671336496972344e+02
8.038829626238615447e+02
7.936959753016811874e+02
8.054551929224608102e+02
8.052371530281814103e+02
7.961023658677748926e+02
8.158168452738045744e+02
8.107152942624823027e+02
7.961549268994961039e+02
8.039268940738845686e+02
7.923397945647087681e+02
7.940361602911846148e+02
7.844725072278828293e+02
8.024069513180846798e+02
7.893698618944988539e+02
7.941784784536833968e+02
7.969167010315293282e+02
7.926499891727272598e+02
8.022827483020477075e+02
7.956617865820494444e+02
7.876181411839885413e+02
7.951801676811236348e+02
7.787421861141698400e+02
7.944183150672943157e+02
7.903672833589866968e+02
7.863827807131933696e+02
7.866376911416273288e+02
7.831873360155992714e+02
7.984922280727729458e+02
7.791857233250048012e+02
7.911224656597003104e+02
7.918754140334781368e+02
7.860817353001010588e+02
7.920603312342917661e+02
7.866172934111461927e+02
7.795196994199849314e+02
7.895272589408102704e+02
7.846794535980102410e+02
7.832719607998384390e+02
7.820657096188444939e+02
7.873206576650064790e+02
8.008674260658605135e+02
7.941963519052845868e+02
7.762727573884216099e+02
7.725492349312670513e+02
7.872835045563263066e+02
7.847673032889262004e+02
7.827584488558219391e+02
7.878368858413066391e+02
7.926453605200925949e+02
7.812492922918246450e+02
7.864311481597881084e+02
7.873294554770410514e+02
7.787556087945559966e+02
7.860731235051259773e+02
7.720780824626273215e+02
7.860213837988068235e+02
7.987692480540081306e+02
8.115864572372437351e+02
7.931674524719362580e+02
7.878586294306497848e+02
7.729151759551028817e+02
7.828241905730335475e+02
7.812609714564657679e+02
7.962039306116132593e+02
7.600693458521076309e+02
7.778663553954867211e+02
7.816989816720687259e+02
7.777833322198900987e+02
7.847430588627275938e+02
7.812983820519987148e+02
7.764641421634624976e+02
7.807918883157284426e+02
7.755715231684290529e+02
7.649717441543449468e+02
7.859303592642020249e+02
7.843359878159076288e+02
7.821807765844057485e+02
7.721370109450460859e+02
7.791950670553083000e+02
7.670682056359262333e+02
7.722371165043732617e+02
7.765112433280463620e+02
7.731852521687973194e+02
7.845361682230859515e+02
7.717600229843642410e+02
7.872984010604051264e+02
7.639618763186034585e+02
7.718053296147243145e+02
7.723470928299105935e+02
7.756927218415052039e+02
7.857577690681004015e+02
7.753747414568865679e+02
7.656350982233667537e+02
7.637026458096811439e+02
7.684613655318369183e+02
7.686516651692315918e+02
7.636105227553973691e+02
7.665727683187009234e+02
7.652058780007757832e+02
7.603305230173726841e+02
7.602312122747966896e+02
7.681751455334954244e+02
7.704167139175394823e+02
7.700003853842536046e+02
7.732511393294482787e+02
7.777550433482792869e+02
7.666239177105509270e+02
7.621373774186477021e+02
7.698040624116204071e+02
7.606828095007916772e+02
7.645373412147176850e+02
7.620715474837678585e+02
7.717077078286663436e+02
7.688895375045071887e+02
7.481862771284191922e+02
7.600000356123759957e+02
7.630479079639588917e+02
7.695683176093660904e+02
7.586123429637515301e+02
7.671696659627887129e+02
7.610686204125436234e+02
7.626344173227538477e+02
7.615037546232396153e+02
7.541574082822347691e+02
7.624199020605075248e+02
7.553199040529916601e+02
7.500695398568085466e+02
7.738338613818708609e+02
7.587620151691928641e+02
7.682082919512133685e+02
7.454880853058540424e+02
7.725133478997594239e+02
7.555549329187427929e+02
7.543781459133244880e+02
7.680995592393970810e+02
7.599946767675616002e+02
7.508901176901885037e+02
7.625637327804945471e+02
7.502393706006088223e+02
7.572825373370093303e+02
7.675897022620583812e+02
7.560425945982495932e+02
7.526039359815463285e+02
7.556493063669703361e+02
7.539349363121040142e+02
7.591315987203662417e+02
7.532638350874295838e+02
7.587358368700701021e+02
7.560020445701745757e+02
7.542748646970571826e+02
7.600800372367767750e+02
7.426701579134592066e+02
7.637313437723640845e+02
7.635308380333644891e+02
7.473983655898775851e+02
7.726857325664739164e+02
7.418740061550552127e+02
7.514719868738600326e+02
7.435348321996341383e+02
7.533207855063396892e+02
7.458888886552288113e+02
7.605983437171399828e+02
7.560374384842759810e+02
7.408913469043858413e+02
7.483770529704486307e+02
7.273212748044865066e+02
7.581822609164347568e+02
7.490346695951427591e+02
7.317404468795635921e+02
7.383160692272055030e+02
7.431783341538879313e+02
7.508552413033877428e+02
7.564971349708139314e+02
7.674841472197288113e+02
7.376441598868492520e+02
7.439465463860918817e+02
7.597126019839022320e+02
7.540873363469518154e+02
7.511496751397672824e+02
7.444769184397052868e+02
7.540683437115312699e+02
7.381404113809988985e+02
7.528002381035452117e+02
7.475376644043443548e+02
7.483609970102464786e+02
7.381531590873964888e+02
7.397311481840018814e+02
7.591612953392027521e+02
7.378567605810558234e+02
7.347236169833807935e+02
7.599134898511600795e+02
7.464881483181127351e+02
7.288755621078161084e+02
7.435125819291478138e+02
7.332592058359817884e+02
7.305762540168472015e+02
7.385593691374967875e+02
7.396345284987821742e+02
7.412031064604476569e+02
7.304679208992550912e+02
7.377149651757694073e+02
7.433447907089882847e+02
7.367955244723592614e+02
7.346341585793561535e+02
7.337826599742334110e+02
7.291390459882178448e+02
7.442763015121357739e+02
7.326116917973711224e+02
7.478296365158452090e+02
7.297380354900340080e+02
7.181033595934350160e+02
7.500533726213041064e+02
7.322179403499131922e+02
7.253769375312951979e+02
7.440539166377333231e+02
7.332387011924361104e+02
7.312410009997357747e+02
7.255637602009865077e+02
7.322591136814389756e+02
7.354599632936473199e+02
7.294235267871293900e+02
7.092433553220402018e+02
7.489365098764362756e+02
7.271080976954908692e+02
7.380889010973568247e+02
7.419063985637972110e+02
7.377950365594251707e+02
7.363861972686327135e+02
7.140249566629713627e+02
7.271543166869900006e+02
7.245716019120934561e+02
7.355334722629135058e+02
7.189578916816190031e+02
7.367364129391841061e+02
6.940781017224356901e+02
7.268171968848084816e+02
7.268295831439526182e+02
7.234234420985040970e+02
7.229713444283918307e+02
7.438881749154979843e+02
7.196726844740076103e+02
7.253235208074027014e+02
7.345999135434044547e+02
7.359306757136461101e+02
7.002995609726829116e+02
7.120432308170575197e+02
7.112909248482883413e+02
7.214112380795156696e+02
7.352664222288448173e+02
7.280284350570633478e+02
7.121104336250762117e+02
7.187466271996676141e+02
7.185625065032111252e+02
7.054025683845397907e+02
7.269959749137593690e+02
7.173366971115505066e+02
7.174559442225431667e+02
7.307443757479690021e+02
7.087246935462536612e+02
7.187203128089259963e+02
7.203894681711346948e+02
7.119079585401641452e+02
7.087328084193816267e+02
7.128887522906280765e+02
7.195928025906107450e+02
6.995021623268002031e+02
7.071626050921784099e+02
7.151553804428092462e+02
7.123412459022439407e+02
7.084960873254452736e+02
7.127978457479780445e+02
7.143837790501291920e+02
6.993126668824222634e+02
7.085733033724130792e+02
7.129466740197543686e+02
7.273914919086172404e+02
7.156847210963819634e+02
7.061266903622449718e+02
7.041445727301630768e+02
7.065249489870867592e+02
7.061722520967050514e+02
7.138454663220077236e+02
6.945533581349575343e+02
7.169158607195140576e+02
7.044604010506956229e+02
6.928343578975575383e+02
7.099065459493903063e+02
7.120802409343643831e+02
7.060430994974230998e+02
7.087605118432012432e+02
7.140722204334414300e+02
7.064070582005253982e+02
7.075360090656367902e+02
6.965702756713978943e+02
7.073562491142253066e+02
7.138315706931771274e+02
7.009089341867436360e+02
6.977079004756866425e+02
6.909630664511018949e+02
7.058823431867614318e+02
6.925119584834777697e+02
7.123550550705361957e+02
7.078038432832180433e+02
7.076356032764143720e+02
6.942187935602587459e+02
7.057124840741996650e+02
7.046124014793632568e+02
7.085446593496332071e+02
6.925164536583077961e+02
7.080274369438317308e+02
6.978129830748412132e+02
6.998492581266102661e+02
6.848498080011308957e+02
7.023889573333152612e+02
7.040082674449423621e+02
6.983295044406219176e+02
6.786083284111800822e+02
6.879942295503022933e+02
6.966180699390009750e+02
7.170081432773799861e+02
7.105471069219206584e+02
6.952177291304972186e+02
6.862513745278038186e+02
7.041566743922041951e+02
6.842965882320835362e+02
6.950305147213583723e+02
7.002306565801469560e+02
6.894978960328037374e+02
7.033745709132789443e+02
7.094923900792558698e+02
7.056073501378494939e+02
6.816586444935837790e+02
6.877719710806342164e+02
6.966931760909586728e+02
7.002622585033258247e+02
6.848830603028823134e+02
6.928504429432612142e+02
6.823378844209752287e+02
6.903656215737252069e+02
6.875420773442477866e+02
6.877678611973354919e+02
6.959121880225064842e+02
6.815861144157159970e+02
6.832848567748951609e+02
6.923734538063072250e+02
6.842756832891127488e+02
6.785175826206459533e+02
6.801792719830829128e+02
6.849302196467112935e+02
6.966430084510138840e+02
6.770764457700327057e+02
6.764380601809733662e+02
6.813015801917575800e+02
6.851400156224426610e+02
6.695208166268112109e+02
6.952599770901199463e+02
6.852515109606775923e+02
6.901295524375627792e+02
6.844463761417023306e+02
6.827322910744835553e+02
6.754229737757339080e+02
6.836451033525947878e+02
6.790959728027311257e+02
6.671716440274277602e+02
6.759210173366077470e+02
6.877718868543784083e+02
6.726540723120269831e+02
6.741561773379881970e+02
6.898499381676075473e+02
6.776204524686285140e+02
6.614245876304438525e+02
6.658829514106347460e+02
6.814986322816961319e+02
6.804263690165486196e+02
6.927593792449391685e+02
6.873400402137235687e+02
6.835879936790810234e+02
6.729166913604174169e+02
6.725227548132515949e+02
6.641386573887261875e+02
6.658289322400054289e+02
6.715586304691233863e+02
6.779223400199666685e+02
6.565598386903587880e+02
6.820594814076825969e+02
6.594395434999494228e+02
6.693172472543835738e+02
6.897481413368610674e+02
6.661888349634891711e+02
6.625275903224538752e+02
6.827782298320495329e+02
6.654239349525299758e+02
6.699193980423632411e+02
6.539812137602476696e+02
6.770462084859045717e+02
6.824364831983410795e+02
6.591058868225846936e+02
6.632771057865470539e+02
6.661714844609135753e+02
6.647537054529757370e+02
6.657003609860580582e+02
6.503366905338351671e+02
6.628722206412898004e+02
6.692774509133537322e+02
6.652389134664845187e+02
6.523547228797268644e+02
6.598153299915938987e+02
6.482189209849184408e+02
6.509895606085607369e+02
6.548310997423969866e+02
6.690846365718828110e+02
6.653740654739410729e+02
6.519382168324267468e+02
6.796219007910655137e+02
6.534866004812346318e+02
6.666684669612410516e+02
6.598861072007000530e+02
6.541736582972725955e+02
6.562705444413152236e+02
6.645025889270935977e+02
6.592541077471040580e+02
6.492237835960798975e+02
6.537934177454176279e+02
6.646787360901028023e+02
6.697010671222135443e+02
6.537968675340333675e+02
6.512855419603602058e+02
6.463797236686446013e+02
6.498787431369237311e+02
6.434304004918010378e+02
6.609615720462170430e+02
6.596212665634664063e+02
6.584275740156639358e+02
6.555833803408434051e+02
6.432492580326854750e+02
6.471223319539352588e+02
6.496762959094228336e+02
6.642529380406210748e+02
6.602736276145745933e+02
6.626496585398879233e+02
6.590452019258349310e+02
6.361723355110086686e+02
6.572266947274259792e+02
6.476186933753898529e+02
6.503259485066616890e+02
6.584131167410137095e+02
6.405870201581629999e+02
6.486122808856893016e+02
6.514084052162011176e+02
6.465595669016558986e+02
6.467916702043841042e+02
6.487466309570456815e+02
6.471210212122610983e+02
6.417548079418571660e+02
6.466328741812308181e+02
6.345121826565631409e+02
6.433309742202800408e+02
6.365738227385515984e+02
6.338335162804838774e+02
6.436071375704722186e+02
6.297201622513042594e+02
6.463420713175453329e+02
6.294550985293245731e+02
6.413880715740588130e+02
