8.388126275640424865e+02
8.332113312612621030e+02
8.442234637155362407e+02
8.556067703848462997e+02
8.362619918675110284e+02
8.550665656894431095e+02
8.380366228430129922e+02
8.378510913465356680e+02
8.546851477011989573e+02
8.599308248791344340e+02
8.418885917123438958e+02
8.421519671765698831e+02
8.563566676373787914e+02
8.427125897510263712e+02
8.434477610529791036e+02
8.418689892635067054e+02
8.444296680208311727e+02
8.367587051523598802e+02
8.503928193189228750e+02
8.413495222601343357e+02
8.569564169662313589e+02
8.477208631387308060e+02
8.413922280208263373e+02
8.356163632158487644e+02
8.456728368068786494e+02
8.570269177448446953e+02
8.229000755557466391e+02
8.348452058224993380e+02
8.270596835775126010e+02
8.475657422708527520e+02
8.352999755244571816e+02
8.509172952580066749e+02
8.453865604068109860e+02
8.453400458267407203e+02
8.354641952081498175e+02
8.396170483162242135e+02
8.476612083021083208e+02
8.333155893362544475e+02
8.314525453030611288e+02
8.305922512598358480e+02
8.308610852009367136e+02
8.334708824940984186e+02
8.671695781458192869e+02
8.495861644624732207e+02
8.484295559681376062e+02
8.421843142344887383e+02
8.412291894497095655e+02
8.370526848534526607e+02
8.358871584745635346e+02
8.548046338563813151e+02
8.403704594553753395e+02
8.522412466169288336e+02
8.388953325329638346e+02
8.305181024644456329e+02
8.449849505218621744e+02
8.340014502441199511e+02
8.441719171232164172e+02
8.396494136856566683e+02
8.495160152371307731e+02
8.428232890400704491e+02
8.472738631800734765e+02
8.410323564164281152e+02
8.368760257116182402e+02
8.722508979935153093e+02
8.538631283839076787e+02
8.445192144632128475e+02
8.574647789917841010e+02
8.476144566696170841e+02
8.528761460332717661e+02
8.605252903186608364e+02
8.459425784444264309e+02
8.497213506908555019e+02
8.521258665634496765e+02
8.352375557281419560e+02
8.424865233097224291e+02
8.443590962055344562e+02
8.579701876174383415e+02
8.473690274167563530e+02
8.571951468503389151e+02
8.620988660526077183e+02
8.604476937348038064e+02
8.411361411579083551e+02
8.531895710187744726e+02
8.595890430549194434e+02
8.632160474026006796e+02
8.374621362629327450e+02
8.356550582171654469e+02
8.472982526206064904e+02
8.500219982104250676e+02
8.480078812046692747e+02
8.448756447450364249e+02
8.466550402656550887e+02
8.606501213295554180e+02
8.694624715459801791e+02
8.549731688381900767e+02
8.551379300845213720e+02
8.514613053850050619e+02
8.428044090347157180e+02
8.572596907816218845e+02
8.496835775814461158e+02
8.526632907408250048e+02
8.408996708215983062e+02
8.388632862934397281e+02
8.536530530606305547e+02
8.347673839299508245e+02
8.521411028751602998e+02
8.482927536205658043e+02
8.326010717747504941e+02
8.572380099405102101e+02
8.527276067071862826e+02
8.619162467695880423e+02
8.511455237260340709e+02
8.333432384341493844e+02
8.553097022401082086e+02
8.519907707870826243e+02
8.530528098139961912e+02
8.656554846954088589e+02
8.427052156569293402e+02
8.605529092915229512e+02
8.599349294010255562e+02
8.547928920445473295e+02
8.526445203021443149e+02
8.681177627155079790e+02
8.581168996415135553e+02
8.560134293230385083e+02
8.473321837969791659e+02
8.509862822945584639e+02
8.564459847040619707e+02
8.527611206521035001e+02
8.638649529243433562e+02
8.576823873718402638e+02
8.548068998495268715e+02
8.563752351562061449e+02
8.526989378313650150e+02
8.393367833102226996e+02
8.570525964743820850e+02
8.462955714540548797e+02
8.439382062641550419e+02
8.527554198389647127e+02
8.692229716775256065e+02
8.436815908882248323e+02
8.667153209420280291e+02
8.498600830845530254e+02
8.575694041067960143e+02
8.641795317263982952e+02
8.461889586940103527e+02
8.597682530830201131e+02
8.493599489079140312e+02
8.697666861791423116e+02
8.426761002212551830e+02
8.647140835696701515e+02
8.709907327938677781e+02
8.646579289726848856e+02
8.553485547479605202e+02
8.481318920459380024e+02
8.686221336461258034e+02
8.453048530838043462e+02
8.694052981125087172e+02
8.557147119827479855e+02
8.506543563245303403e+02
8.703215786357001207e+02
8.595252782942992553e+02
8.603743492694693487e+02
8.558806899101391537e+02
8.673063770386706892e+02
8.627626343679664842e+02
8.321111694241843679e+02
8.553729951411146430e+02
8.582428775400959466e+02
8.551506288327353786e+02
8.511759432604467293e+02
8.473200187783562569e+02
8.595037229137842587e+02
8.612907575561878275e+02
8.528168999869424169e+02
8.596658332597038452e+02
8.530579798867777299e+02
8.519895273914254403e+02
8.511172092816231043e+02
8.681587347250252833e+02
8.498523684445489152e+02
8.544665921204684764e+02
8.450505019655148544e+02
8.561557940106612250e+02
8.711062832137330361e+02
8.588216582114755511e+02
8.591446828545505241e+02
8.520628813129468426e+02
8.501259236358929456e+02
8.505112465805605098e+02
8.709567050540692890e+02
8.578370251417973122e+02
8.528754653385334450e+02
8.612299876390819691e+02
8.491511702306806910e+02
8.756502400180049790e+02
8.719148582668083236e+02
8.771310256694168856e+02
8.610981421367296207e+02
8.676818435613456586e+02
8.515063575282675856e+02
8.565838881702923118e+02
8.718564011060773282e+02
8.674489340455293132e+02
8.720606988717463537e+02
8.447756855457394067e+02
8.704324129097165041e+02
8.558410653204456366e+02
8.548326291707394375e+02
8.650393366814967067e+02
8.585036093641101616e+02
8.525457600719810216e+02
8.642875234013924910e+02
8.782811532439335451e+02
8.592823335214267217e+02
8.502486027206645076e+02
8.666233661082942490e+02
8.678979810613919881e+02
8.629796140871744683e+02
8.655586594022213376e+02
8.636889640911222159e+02
8.609312467999583305e+02
8.591040038068165359e+02
8.644707650894104063e+02
8.834346758302725675e+02
8.768304096813105843e+02
8.588274651470400158e+02
8.749559253260059677e+02
8.523440840248813402e+02
8.626605389699997204e+02
8.536888103120998039e+02
8.683975190894708476e+02
8.764536859827976514e+02
8.640914723280611724e+02
8.570071438446790353e+02
8.631953154544328299e+02
8.750688739755013330e+02
8.752227024163242959e+02
8.753556106525763880e+02
8.582118422591049693e+02
8.680121553165324713e+02
8.678749395785741854e+02
8.734698448519109206e+02
8.538983182697111260e+02
8.725960543070854101e+02
8.697230496297169111e+02
8.720960972001317941e+02
8.615185112561655387e+02
8.712910975334583554e+02
8.612082883734721008e+02
8.714552628151584486e+02
8.795979704867958162e+02
8.570354997656365867e+02
8.593080654698402441e+02
8.641229913341936708e+02
8.771740408963030404e+02
8.741781594126318851e+02
8.704847699536464916e+02
8.647633608576905999e+02
8.642866713677603911e+02
8.825672356383820443e+02
8.878820471391397859e+02
8.755120844788586965e+02
8.696746999273350411e+02
8.652097450633654034e+02
8.575023407262950741e+02
8.799919475338812163e+02
8.587432184949622069e+02
8.659793789198647573e+02
8.669611589203742597e+02
8.661705828706537886e+02
8.769874563537314316e+02
8.705278660155671560e+02
8.661652926864632036e+02
8.642439261517605473e+02
8.650631841924324590e+02
8.606953535989250668e+02
8.588254257699780965e+02
8.650947157210009664e+02
8.738533123313994793e+02
8.736936324683384782e+02
8.722057075497461938e+02
8.622656132486420120e+02
8.673201611210679403e+02
8.672498372555144215e+02
8.706503290863269058e+02
8.727003058006448555e+02
8.845069084725472521e+02
8.786754888728348760e+02
8.775592667045229973e+02
8.720972417419213798e+02
8.769811555972333963e+02
8.758386477101848868e+02
8.791444287011585175e+02
8.854118049107155457e+02
8.865315313389996845e+02
8.776845736264394873e+02
8.885829394481479540e+02
8.826591689618622922e+02
8.830972747970841965e+02
8.720127528517058408e+02
8.801074921019845760e+02
8.705223335036256458e+02
8.748797646904936300e+02
8.760813927008543942e+02
8.824598662795212931e+02
8.812467384647038671e+02
8.859483370605703385e+02
8.729471414193909595e+02
8.637110845682657327e+02
8.694903725369489393e+02
8.783493784124515287e+02
8.829567401160127247e+02
8.921244701879281820e+02
8.771917849657404531e+02
8.756049132666983041e+02
8.843286444418899919e+02
8.773382686795113159e+02
8.775546126051850706e+02
8.843199491910976349e+02
8.829877102069308421e+02
8.805424246188520101e+02
8.662345256333638872e+02
8.840291352812662353e+02
8.706568936322669288e+02
8.921798531850859035e+02
8.856417797277549653e+02
8.942090714296291480e+02
8.720577417524211796e+02
8.797343292664975252e+02
8.903763484886042079e+02
8.681518824362601663e+02
8.859468448765038602e+02
8.840225260585127671e+02
8.648471954382069953e+02
8.778659320592214499e+02
8.745179448509791200e+02
8.809307363891300611e+02
8.852990395007932420e+02
8.753422666755581076e+02
8.790088705821523263e+02
8.723404848818825030e+02
8.661370455264839165e+02
8.737985551102269710e+02
8.973113454657323018e+02
8.685781155508482243e+02
8.812902407891291432e+02
8.802463470100815357e+02
8.879807438235825430e+02
8.875311021983968658e+02
8.837435834984092935e+02
8.821027755008284430e+02
8.817340936758737371e+02
8.595233225261382586e+02
8.680508249315341800e+02
8.751254779252283242e+02
8.821154498369600105e+02
8.791055696694764947e+02
8.758265674737299378e+02
8.830417623324594842e+02
8.862517020048296672e+02
8.813676394784408785e+02
8.922847557949706925e+02
8.694305514651390467e+02
8.744541656477823608e+02
8.940926007914300726e+02
8.759424202757966214e+02
8.855608907445972591e+02
8.720794442917543847e+02
8.759415809181663235e+02
8.892328510039969842e+02
8.774800636973931205e+02
8.790214695059502219e+02
8.891393005383800983e+02
8.817956280987308446e+02
8.747579753534276961e+02
8.789798665965702185e+02
8.851335196645038650e+02
8.850999437814268731e+02
8.871525650736980424e+02
8.650777540107525283e+02
8.768969042939498877e+02
8.915132517651931039e+02
8.862448649186756029e+02
8.982896710379759497e+02
9.032402264149394568e+02
8.817449497626781749e+02
8.683753216900501002e+02
8.862371015279136373e+02
8.919978836729906106e+02
8.724058279028266725e+02
8.768027495397412849e+02
8.867559640234154585e+02
8.927790373122841174e+02
8.677782879509171607e+02
8.700283204937647952e+02
8.804656025221960363e+02
8.891963394911955447e+02
9.023650449067247337e+02
8.928894090513068704e+02
8.752994735150841734e+02
8.952348123144223564e+02
8.992737896151129462e+02
8.806818571609061337e+02
8.779120798087525372e+02
8.568229524549593634e+02
8.860368740573318291e+02
8.861370146469621432e+02
8.775227064760942994e+02
8.842723289351009726e+02
8.914211322566902709e+02
8.859280538273654884e+02
8.778656107530458712e+02
8.775568322895517213e+02
8.890599631374874434e+02
8.844220518718279891e+02
9.010992296804798798e+02
8.867320997698684550e+02
8.638739536559297676e+02
8.787700973912549216e+02
8.784411611837460896e+02
8.922056166141584299e+02
9.035930671745830978e+02
8.843659237454344293e+02
8.918084646276117837e+02
8.744041268458188370e+02
8.902629685568983859e+02
8.922521097706470528e+02
8.994113786384873492e+02
8.880549732545310917e+02
8.869659982908010534e+02
8.794918083546374419e+02
8.923916031671474229e+02
9.001781340642306759e+02
8.816104828815925885e+02
8.798128112826368579e+02
8.959899831150455611e+02
8.925140989491444543e+02
8.993873792487005403e+02
9.050220421826547863e+02
8.851700708134775368e+02
9.061006799510141718e+02
8.845427002943144998e+02
8.737034780710795303e+02
8.902542286118266475e+02
9.041717700490246443e+02
9.030087948930732864e+02
8.988035022594802967e+02
8.903646447308057077e+02
8.841396743683884552e+02
8.906911323662818631e+02
8.894022543706681745e+02
9.140590048101644243e+02
8.914617832007058951e+02
9.027560520295178321e+02
8.911414351039265966e+02
8.853890861932399048e+02
8.993196486419772100e+02
8.848487080043418018e+02
8.875773024430760643e+02
8.958065429953410330e+02
8.905247312363620722e+02
9.023896855508070303e+02
8.996984975015315058e+02
8.913918713779959262e+02
8.982410481237405975e+02
8.941141587639692716e+02
8.836888854953876944e+02
8.860873546873037867e+02
8.920600271081722212e+02
8.949353031683403970e+02
8.907820020454378209e+02
8.948269937886038861e+02
9.013080324173085955e+02
8.851112858505427994e+02
8.866183133192547530e+02
8.779595381365450066e+02
9.015426237765051383e+02
8.867680317967943893e+02
9.045905255415914326e+02
9.022863601395299611e+02
8.812673702616283435e+02
8.893300306384739997e+02
8.977698899747523456e+02
8.992333239697451290e+02
8.900556835928350665e+02
8.921857027652383749e+02
8.968076610905628741e+02
8.868054592601955619e+02
8.901922751408470731e+02
8.966979109051796968e+02
8.890318311899620767e+02
8.847804433578612588e+02
9.004270402605613981e+02
9.013409813056409803e+02
9.001330634782683546e+02
8.953278879774030656e+02
8.961426179360436208e+02
9.067143438780873339e+02
8.924338419784787675e+02
8.860049750658542962e+02
8.937761867990121800e+02
9.032591441826767777e+02
8.867121228660930683e+02
8.995756679556369591e+02
9.021743552266566439e+02
8.995793820972133972e+02
8.910423490116609173e+02
9.020764374129853422e+02
8.949718734804463338e+02
8.962826893157750874e+02
9.044845673367209429e+02
8.898012128320694956e+02
9.057991446511092590e+02
9.000202072981778656e+02
8.950413946995382730e+02
8.929390991356722225e+02
8.983083767945649925e+02
8.958468594888892085e+02
8.994716958011166525e+02
9.032163773648196639e+02
8.992206200242524119e+02
9.071017457025831163e+02
9.082981412779480479e+02
9.107338479004031342e+02
9.056135838011771284e+02
9.035044155559015735e+02
8.910230980458429713e+02
9.008310925604631620e+02
9.136170951723074722e+02
8.972196527650148710e+02
9.070918517517404780e+02
9.045626820027518988e+02
9.006721608972731019e+02
8.945235827966450870e+02
9.034543315508029764e+02
9.083663335664300575e+02
9.004228990838477102e+02
8.997810246359211988e+02
8.997912243462765218e+02
8.991122508134999407e+02
9.015974638867847943e+02
9.229737716686053091e+02
9.139956612456086305e+02
9.052358800634347062e+02
9.138804884026784521e+02
9.103965338155783229e+02
8.950333037298180443e+02
8.992017998069827627e+02
9.100875516372448146e+02
9.186717335441638852e+02
9.044935422166049648e+02
9.108397768955891252e+02
9.045167435077994469e+02
9.021514963583716735e+02
8.949741940430175191e+02
9.067139470607859266e+02
8.943783484869057929e+02
8.984842062177949629e+02
9.138886113064367009e+02
9.102304505803539314e+02
9.068590837459785234e+02
8.990258991139477303e+02
9.030211509061861079e+02
8.992115550433345561e+02
9.051724974563229580e+02
9.049276240384201628e+02
9.118878985772533952e+02
8.847047932990199115e+02
9.017671758249953200e+02
9.202150487370074643e+02
9.011367380478845917e+02
9.094636770165890312e+02
9.101631798290345614e+02
9.096375064383992139e+02
9.159602296822492917e+02
8.961855832179987829e+02
9.130061066623900388e+02
9.127908686042387671e+02
9.220564085595482311e+02
9.140375853186111499e+02
9.162419115270190559e+02
9.074167966423070766e+02
8.955182493861639159e+02
9.065457368409927312e+02
9.138563451391265744e+02
9.149060586582598944e+02
8.900451853581930663e+02
9.022308473746867321e+02
9.225637053337817406e+02
9.076935978833728313e+02
8.975180846776854651e+02
8.949845644397632896e+02
8.991456041924005831e+02
9.105623811152455573e+02
8.932054232448945186e+02
9.127538816890523776e+02
9.008775237410027330e+02
9.201806489429005751e+02
9.165167397587068763e+02
9.084387162912609028e+02
9.099719701184716314e+02
8.969349085863760820e+02
9.048618495709837362e+02
9.007703864241698284e+02
9.167564827304455548e+02
9.038073580650607255e+02
9.209827877744786520e+02
9.092197229188859637e+02
8.911081079929391535e+02
9.093576319439254121e+02
9.150988971849886866e+02
9.156007656184073085e+02
9.144185877458413643e+02
9.050306192695375103e+02
9.187825622565055710e+02
8.980498304449496345e+02
9.150828412133685106e+02
9.261323974815212523e+02
9.116397166319318330e+02
9.002479354227320982e+02
9.122246981372661594e+02
9.159628469953413514e+02
9.361705508533608509e+02
9.047732603417332484e+02
9.258671502131438729e+02
9.058891077387301038e+02
9.132489921959870571e+02
9.129377605826804256e+02
9.101765152509761947e+02
9.093207635121808607e+02
9.195473959049745645e+02
9.182156453190814318e+02
9.283042372013300110e+02
9.164647402831850513e+02
9.066685877100051130e+02
9.113000678575077700e+02
9.189834436315408084e+02
9.339112249758268263e+02
9.229335299210772519e+02
9.164453508762616138e+02
9.245278883887192478e+02
9.204499970148942793e+02
9.197846454027614982e+02
9.235413384127973586e+02
9.053479153967269895e+02
9.082801264997360704e+02
9.153113411563992941e+02
9.173169782476858245e+02
9.366928687136454528e+02
9.009462656645213201e+02
9.216679649244331358e+02
9.149656502575472814e+02
9.137328717664919395e+02
9.173335306060597532e+02
9.031036350697763737e+02
9.093899304757758273e+02
9.204052892033515718e+02
9.128126561173348819e+02
9.188530002983517306e+02
9.078663566566912095e+02
9.104895077882724763e+02
9.245402387834774345e+02
9.371085825226753059e+02
9.226761159703900148e+02
9.173696091370023851e+02
9.147002385442190189e+02
9.144959527611162002e+02
9.279444660320287994e+02
9.090836794071674376e+02
9.100169370479325153e+02
9.226748282935380985e+02
9.192971782168347090e+02
9.255144318617963108e+02
9.227284586912968507e+02
9.121803339406166060e+02
9.146905273807515186e+02
9.281683750876785552e+02
9.187173405716443995e+02
9.096175765618889955e+02
9.178957174434009403e+02
9.229433743577841369e+02
9.180124377975043899e+02
9.198349966843774155e+02
9.169301604002605472e+02
9.174890871662740892e+02
9.204535095490334697e+02
9.228850369458772320e+02
9.254873989527320646e+02
9.128653741393129621e+02
9.106147245739355185e+02
9.121631920421633595e+02
9.150664038471388722e+02
9.204272930360342571e+02
9.176776255114421019e+02
9.183009283114444088e+02
9.127515745636894735e+02
9.333580007845597493e+02
9.129050982771858571e+02
9.162049624454815557e+02
9.023867771419309065e+02
9.232018774185312395e+02
9.257949185264154721e+02
9.189276090193828850e+02
9.122127282390262053e+02
9.376744741011425504e+02
9.198006632074271920e+02
9.282722375138909001e+02
9.172070033286939861e+02
9.382535836495137573e+02
9.240406423102142526e+02
9.312678611906269452e+02
9.204923322373214205e+02
9.252338155162087787e+02
9.223257591348649385e+02
9.281716589368141967e+02
9.063203011507242763e+02
9.109606477232831594e+02
9.288162857212761310e+02
9.258135116785317678e+02
9.162605369662747989e+02
9.284432402490950835e+02
9.274916387005517890e+02
9.127994195008726592e+02
9.384177505542197650e+02
9.350843933535060160e+02
9.200346983832084788e+02
9.142132851693983184e+02
9.234027376316230402e+02
9.201499138528919275e+02
9.232705566548397655e+02
9.264712534795760348e+02
9.341640550040949620e+02
9.099571090826311774e+02
9.120125651894099974e+02
9.160567363872738724e+02
9.259462360249788162e+02
9.242739260751370693e+02
9.306260971673805216e+02
9.222861191047229568e+02
9.472224516493577084e+02
9.230281158387662117e+02
9.370920463354508456e+02
9.263708584026027211e+02
9.228950902632202542e+02
9.241873988705982583e+02
9.321038908374415541e+02
9.260343595721019483e+02
9.065969971411507231e+02
9.280958260424246191e+02
9.163475593035757356e+02
9.213658479681575955e+02
9.143191701832308809e+02
9.194768456991879475e+02
9.294307234670744720e+02
9.335763227865304543e+02
9.225793933937890188e+02
9.298220554747794040e+02
9.345923840468451544e+02
9.304783926913132746e+02
9.360011985980127065e+02
9.408977407318782298e+02
9.427941768956402484e+02
9.216204869481163087e+02
9.492628000438663776e+02
9.325441894835263383e+02
9.307855034751846688e+02
9.149486801500542015e+02
9.137653352113816254e+02
9.304615395543127079e+02
9.375854103216730664e+02
9.247442034878025652e+02
9.203883868437926594e+02
9.261013796041362411e+02
9.450244847286076038e+02
9.217212263580031504e+02
9.210562588964348834e+02
9.494900203668557879e+02
9.344237771075121373e+02
9.277449360449297728e+02
9.430161228979359294e+02
9.366899770305823267e+02
9.364165688147379569e+02
9.294716250662339689e+02
9.221636391683157399e+02
9.266624689012983254e+02
9.347599961865707883e+02
9.296508984965139462e+02
9.273508935453681943e+02
9.279678736070927698e+02
9.160345548151916546e+02
9.366414938696140098e+02
9.320827841602955459e+02
9.251291647765700645e+02
9.138340027468589142e+02
9.278413315304318303e+02
9.270801390912105262e+02
9.220849016918875805e+02
9.234998453374993233e+02
9.098518315584916536e+02
9.397955886911774996e+02
9.314595943677132937e+02
9.207321536737030101e+02
9.371998573875955572e+02
9.300631420306856398e+02
9.318306449718490967e+02
9.125208849993420017e+02
9.359411733658621415e+02
9.246938231971759024e+02
9.338052960981918886e+02
9.465580642856330087e+02
9.233538866618223437e+02
9.389500570543937101e+02
9.273059431477015551e+02
9.317941645447185692e+02
9.318302188463736684e+02
9.353883134480626040e+02
9.447707534682211872e+02
9.267793262139849730e+02
9.399217458992129650e+02
9.580277570345673439e+02
9.346538887024099722e+02
9.382996633701999372e+02
9.328846716250616282e+02
9.315733522242024947e+02
9.365349589450238454e+02
9.404475205145555492e+02
9.242675522595841358e+02
9.478440671799614847e+02
9.348442041812834304e+02
9.430326970412729679e+02
9.378321245317866897e+02
9.513934652421544342e+02
9.312493256619611657e+02
9.337350237098955859e+02
9.165244877432818384e+02
9.422474530543829587e+02
9.572873285765750779e+02
9.543856770965963960e+02
9.349651168478771979e+02
9.389611169045380166e+02
9.250517785004703910e+02
9.305727373014515251e+02
9.347297579197896766e+02
9.404492595997764965e+02
9.284992607316314661e+02
9.346020347868029603e+02
9.226697525890405132e+02
9.364137337359519506e+02
9.493432530272249323e+02
9.349280644868871377e+02
9.188613702995475023e+02
9.178304003802481930e+02
9.344760514867809889e+02
9.366781739698071760e+02
9.433360610188431110e+02
9.469805032538992009e+02
9.397528592015986533e+02
9.416474188305202233e+02
9.380052630864852290e+02
9.387219629077671925e+02
9.315275617705924560e+02
9.378769412097435634e+02
9.434980258898178818e+02
9.431429073567369414e+02
9.466473365170935494e+02
9.406790510558488450e+02
9.278584871468987103e+02
9.611873570646902181e+02
9.573989421658734500e+02
9.370120979904304477e+02
9.405090440205082132e+02
9.662431175787135089e+02
9.402487207112122860e+02
9.544903255049684958e+02
9.386609161784444950e+02
9.380701118836208252e+02
9.409606595530621007e+02
9.420429998089639412e+02
9.349451725903815031e+02
9.373419858998014433e+02
9.397252410192396610e+02
9.583022581729927651e+02
9.432180195467873318e+02
9.319221760920942188e+02
9.446541761910548303e+02
9.684193353704380343e+02
9.532108462450539719e+02
9.595369119719631499e+02
9.353160874437719485e+02
9.395638716537379196e+02
9.457115419317834721e+02
9.379443482313523646e+02
9.457919938985630779e+02
9.309949211851671862e+02
9.425664404458932495e+02
9.420364966337616579e+02
9.254000332083832063e+02
9.507011252800836019e+02
9.464286619466445245e+02
9.450111504195477892e+02
9.523539490479000733e+02
9.395234630505087807e+02
9.423320864095476281e+02
9.328121097156637234e+02
9.495224438895203320e+02
9.450880538404888966e+02
9.440151889758932384e+02
9.378624413823696386e+02
9.366701762095844970e+02
9.425361580365704413e+02
9.459213707309072561e+02
9.380512727295630384e+02
9.353584335102132172e+02
9.417913117499516602e+02
9.425854750898579368e+02
9.474355006819929486e+02
9.298679772464178086e+02
9.304250902809217223e+02
9.443089772013400989e+02
9.396963069884700417e+02
9.468637960200189809e+02
9.522880127454832291e+02
9.322136506694978380e+02
9.344784085486726326e+02
9.592236195751152081e+02
9.429795251158819838e+02
9.505871137766713446e+02
9.441458081478589293e+02
9.339764017190423147e+02
9.316948228704658277e+02
9.503915132649283350e+02
9.348985127883643145e+02
9.327040527778344767e+02
9.405426584185379397e+02
9.488540236025767172e+02
9.584493973833516520e+02
9.355894118710741623e+02
9.487882103790077508e+02
9.382471399781255741e+02
9.414585910178022914e+02
9.552793002077104347e+02
9.522157837694928730e+02
9.447980182364714210e+02
9.588414549747805040e+02
9.550402621293325183e+02
9.469079828515423287e+02
9.417431710753410243e+02
9.347361614346065153e+02
9.617553150726171225e+02
9.508750523095150129e+02
9.398301697111982094e+02
9.438282785119375831e+02
9.473312774701747685e+02
9.462919774562765269e+02
9.641342452182278748e+02
9.473715600382033699e+02
9.520843468968829484e+02
9.538102821621189378e+02
9.622672569485628173e+02
9.431935811707786570e+02
9.340223140073530885e+02
9.428859487282220471e+02
9.433539789559746396e+02
9.569543481239645644e+02
9.492515209385240951e+02
9.473533692715469670e+02
9.390773496822234847e+02
9.353512446695858671e+02
9.620453133999460533e+02
9.426965222684035552e+02
9.513338377486792297e+02
9.479037286914937113e+02
9.667313150987733934e+02
9.526802070811321528e+02
9.426067530500083649e+02
9.554625021451875000e+02
9.582954192376696483e+02
9.562426021147803112e+02
9.416970915931347008e+02
9.721228312044747781e+02
9.488382720950565954e+02
9.465098856820197852e+02
9.559591075678948755e+02
9.577734489507429316e+02
9.540017471172135402e+02
9.612570539053297125e+02
9.456273363919942767e+02
9.674668097581114807e+02
9.627512473748902266e+02
9.443450637246443193e+02
9.487072352883378699e+02
9.578004175007122285e+02
9.623235904645598566e+02
9.483638122230956924e+02
9.695853437288562873e+02
9.537137673036002070e+02
9.538137844023218577e+02
9.672365685732713700e+02
9.455741199788994891e+02
9.578571279934996028e+02
9.475514110300563289e+02
9.424505456028748540e+02
9.603399547754083869e+02
9.529732697574114582e+02
9.536332994078559295e+02
9.523214195635737269e+02
9.532961660339282162e+02
9.464131104675051347e+02
9.524992377033208868e+02
9.527490081348469175e+02
9.727985083722322770e+02
9.606478870529977030e+02
9.700271943936500065e+02
9.552669123785194643e+02
9.695322952110176402e+02
9.731120391053618732e+02
9.458221909153053275e+02
9.577377419825169227e+02
9.598798255973165396e+02
9.598642669291305083e+02
9.621185155527070947e+02
9.659890829152164997e+02
9.706711021911651187e+02
9.604385682364727472e+02
9.423043076400547307e+02
9.527035153958192950e+02
9.584738259477841211e+02
9.647555839943937599e+02
9.440097664166125924e+02
9.599181610250518588e+02
9.565973630921296262e+02
9.594276486645408113e+02
9.528303825782940066e+02
9.492196082914780391e+02
9.617710287970965055e+02
9.683174915976674129e+02
9.491100050002746684e+02
9.573850420507706076e+02
9.520889126201676618e+02
9.516780044646260421e+02
9.756112453193893543e+02
9.584712803782210813e+02
9.613487969985699237e+02
9.504782978919348579e+02
9.783869313214206613e+02
9.593078292651318861e+02
9.561551981263950211e+02
9.707787242197839532e+02
9.602526673508103841e+02
9.558692575335848005e+02
9.749947720116788332e+02
9.514202522113386067e+02
9.578367094941816049e+02
9.511343486341271500e+02
9.643712915629791951e+02
9.458180514784887691e+02
9.534697906115870865e+02
9.558877966598707872e+02
9.678401593806779601e+02
9.686072501409989854e+02
9.713232619501906129e+02
9.665904181358899905e+02
9.523641950276951320e+02
9.693640816365228829e+02
9.560610165747730207e+02
9.705691878408150615e+02
9.765147721450415474e+02
9.723526797547174283e+02
9.701093199201203561e+02
9.641132776977649428e+02
9.856072431104574889e+02
9.641129260780081722e+02
9.654445199282882868e+02
9.671626895956125054e+02
9.425058720552965497e+02
9.629824493434136912e+02
9.743760106244380950e+02
9.691806138454102211e+02
9.659658120982251148e+02
9.688646971201180804e+02
9.538556169223076040e+02
9.620635346665977750e+02
9.537487497853350078e+02
9.593721788789249558e+02
9.524892284605682562e+02
9.711785517927605724e+02
9.677248663643445070e+02
9.750989707867548759e+02
9.680393032238624755e+02
9.472580244594399801e+02
9.534598991835428023e+02
9.645509417421362741e+02
9.630662134063203439e+02
9.599654948863154686e+02
9.616987583301748828e+02
9.445719081075881149e+02
9.687179430391735195e+02
9.876365549792062666e+02
9.667691757332326006e+02
9.579224872516363121e+02
9.710675121663258551e+02
9.739932226808743962e+02
9.555669228180429400e+02
9.658304098572317571e+02
9.530863039818618745e+02
9.771613818214970024e+02
9.596245784748358574e+02
9.669964544033757647e+02
9.728246441106030034e+02
9.802010412886904760e+02
9.652806460877828840e+02
9.807669970705617288e+02
9.642406761207008685e+02
9.609229099226465678e+02
9.632954164496137537e+02
9.506117247576074760e+02
9.708666459113343308e+02
9.794064580112092244e+02
9.664576280778233013e+02
9.768600385559105916e+02
9.700756560947449998e+02
9.721182357370813634e+02
9.690578077655528659e+02
9.603347440336530099e+02
9.476608705803224666e+02
9.741966196864968879e+02
9.696601476493328846e+02
9.630517719508503660e+02
9.715616050546273073e+02
9.730730679227958717e+02
9.589561150821771207e+02
9.798262253586767656e+02
9.572976885085955701e+02
9.617605270852560579e+02
9.621421675510903242e+02
9.811514340580840781e+02
9.712512045205330651e+02
9.738808669482895084e+02
9.767905187240091891e+02
9.629236275498698205e+02
9.695763815921882269e+02
9.617807358198401744e+02
9.697657421216954390e+02
9.820797331097674032e+02
9.629890258894545241e+02
9.767842052821245034e+02
9.820991556998957321e+02
9.630325743715885665e+02
9.788209494585161110e+02
9.747757945911621391e+02
9.526928897542873074e+02
9.670380585040334154e+02
9.838366414831417615e+02
9.626964026240486874e+02
9.762693238624136711e+02
9.871181759995432685e+02
9.659757461141944077e+02
9.668646156392329658e+02
9.894791929061454994e+02
9.735372389112523024e+02
9.831540022177254059e+02
9.958007229042614199e+02
9.778351265670512475e+02
9.703146627541908629e+02
9.653575194317525074e+02
9.763831687535937363e+02
9.756387476170532409e+02
9.703423460817057276e+02
9.861676221367250719e+02
9.687695493424547521e+02
9.729465472205062042e+02
9.783254914642421909e+02
9.645196748176492747e+02
9.694073599839537110e+02
9.762193861064040448e+02
9.725624346742149555e+02
9.886840316744534221e+02
9.755984577735391667e+02
9.828800715960063599e+02
9.705996379400063461e+02
9.683613264126282729e+02
9.725229173248770849e+02
9.794397288346405048e+02
9.639931385870776239e+02
9.735838231662748967e+02
9.798009916844052896e+02
9.773590450095008464e+02
9.753551674731096455e+02
9.816586577445281137e+02
9.783149694333944808e+02
9.559534417434249463e+02
9.755478393268645050e+02
9.631952054895336914e+02
9.697466898193881661e+02
9.822426092590783355e+02
9.837879120205236632e+02
9.630939448326397496e+02
9.679846369525331511e+02
9.795183333915827006e+02
9.764288655590465851e+02
9.728547669401707481e+02
9.883017522301256577e+02
9.782423482706233244e+02
9.645861804198905247e+02
9.719537118561202078e+02
9.689232923775111885e+02
9.669894450133029977e+02
9.744085996658194517e+02
9.884036390089792121e+02
9.847986143938479700e+02
9.803991632195062493e+02
9.671343954262457601e+02
9.618258028548249285e+02
9.835150416894872478e+02
9.651847659257638270e+02
9.866723041618481602e+02
9.755938770023246889e+02
9.872558429384706642e+02
9.782625764001963944e+02
9.799760190421710604e+02
9.830442141860098673e+02
9.671882540665845909e+02
9.831364896850728883e+02
9.948461317467209710e+02
9.758572512505352279e+02
9.748081731319905430e+02
9.850836983808001150e+02
9.833541847187437952e+02
9.847274573184665769e+02
9.796023549116854383e+02
9.724699489433633062e+02
9.871774347125278837e+02
9.594656766793550560e+02
9.733391087671830064e+02
9.836240247535015442e+02
9.723683409664431565e+02
9.800161637413430071e+02
9.699632171351138368e+02
9.921204993380059705e+02
9.907770237449933575e+02
9.657059884406245374e+02
9.650858394423207756e+02
9.815663708216644636e+02
9.946171504792685027e+02
9.748864915231554278e+02
9.813028425230725134e+02
9.812106152777878378e+02
9.793494097669541816e+02
9.908554124404945469e+02
9.855463988543407368e+02
9.723514794475997860e+02
9.739101751842086969e+02
9.850071119511003417e+02
9.885941553059640228e+02
9.840558571861371320e+02
9.872334771482907172e+02
9.806677508189907257e+02
9.763878985359832541e+02
9.884352181764683110e+02
9.753345526495961622e+02
9.952116451451895500e+02
9.930973093444044935e+02
9.991565318144088224e+02
9.690628850969441146e+02
9.823340233232644323e+02
9.818488358480450415e+02
9.816917366951041686e+02
9.814530443180626662e+02
9.770904093245422928e+02
9.868472632973897589e+02
9.893012683502656728e+02
9.832328240683441436e+02
9.916434851805495327e+02
9.983118699437187615e+02
9.766422079875371765e+02
9.969300698355026498e+02
9.958287160765203225e+02
9.890450323101291588e+02
9.828960932914660589e+02
9.869461184975413062e+02
9.856276404157936213e+02
9.842293373998162451e+02
9.909590648033723710e+02
9.713577729311361963e+02
9.727481992408464748e+02
9.832394108845608116e+02
9.813682741421810078e+02
1.002933250238120081e+03
9.934161750490536633e+02
9.926467362145343714e+02
9.847137373586009517e+02
9.801773600939711741e+02
9.895882727345166359e+02
9.911000090787747467e+02
9.802806539321926493e+02
9.932382220952541729e+02
9.755906787911535503e+02
9.783166030977321270e+02
9.818922120492619570e+02
9.919738894547135715e+02
9.789665884635343218e+02
9.937015564187328209e+02
9.843520589289363443e+02
9.871107489852382741e+02
9.811052765069958923e+02
9.892055445738542403e+02
9.974613876301792743e+02
9.884259417088114787e+02
9.927007893578439734e+02
9.754569099868760986e+02
9.909710844110566086e+02
9.953233998227092343e+02
1.000952706398375199e+03
9.873399920353368771e+02
9.870847968158916501e+02
9.874370567383947446e+02
9.905998065768644665e+02
9.867983856346085076e+02
9.915052509095567075e+02
9.926625107710143538e+02
9.957005818167853022e+02
9.719236675450199527e+02
9.972434628296439314e+02
9.841790993601622404e+02
9.860202552781870509e+02
1.000524773093211593e+03
9.984845654223130396e+02
9.934791273086921137e+02
9.915876169357276240e+02
9.974496528466405607e+02
9.936324405627618717e+02
9.924039199427876383e+02
9.932488746930233674e+02
9.872381727386383545e+02
9.920159813529257917e+02
9.889678660476306504e+02
9.960279274306486741e+02
9.883778818453359918e+02
9.924347215803736617e+02
9.930301851278125014e+02
9.971212426025465447e+02
9.851764081886681197e+02
9.834718489073255796e+02
9.873004495598286212e+02
9.892677097993903317e+02
9.748518461607989138e+02
9.970124801415447564e+02
9.980717731599416993e+02
1.007436302727002044e+03
9.891965389459611515e+02
9.951078082372129074e+02
9.955708919736633788e+02
1.003008006380527718e+03
9.961516414316623695e+02
9.956991579873746332e+02
9.907278834496480613e+02
1.005943541405230462e+03
9.865029398486699392e+02
9.917073035859891661e+02
9.769515134454109102e+02
1.000674549754727082e+03
9.917218873123071035e+02
9.941752886467913868e+02
9.839843111294330811e+02
9.920403470578377210e+02
1.008351086140837538e+03
9.993408435363813851e+02
9.890698740669499784e+02
1.004786365036113693e+03
1.014808788892465373e+03
1.004509228328520976e+03
9.935483521959066593e+02
9.974917337818773149e+02
9.945676267860721964e+02
1.010089655834076666e+03
9.981555585224461993e+02
1.004097227505194155e+03
9.855235130823890586e+02
9.888517650516923823e+02
9.855702531059649800e+02
9.893254580377913499e+02
9.990213244067116420e+02
1.002205326242927867e+03
1.003609090158313279e+03
1.001745071134337991e+03
1.000998861523497908e+03
9.877410227951012303e+02
9.845575138922765746e+02
9.951942909850636170e+02
1.000456705869478014e+03
1.007430880488766434e+03
9.957926265997512019e+02
1.007278043276312133e+03
1.000409525616025576e+03
1.012980780475831921e+03
1.001210358471310542e+03
9.968105993001547631e+02
9.934014847304578097e+02
1.001171974110150131e+03
1.001813586527031475e+03
1.004752345237967802e+03
9.998259117809576537e+02
9.906427887451412744e+02
1.007571979820446359e+03
9.978818211338948458e+02
9.853957668973338286e+02
1.014309812234376864e+03
9.946013307245672195e+02
1.000977656747876949e+03
1.008636526941614648e+03
9.839393145283811464e+02
9.895242475266587689e+02
1.007101996554809148e+03
1.002069503709371702e+03
9.922156613362894859e+02
9.900587967006248391e+02
9.926106398864576477e+02
1.023887898485490041e+03
1.010592107662645617e+03
1.011723599075960237e+03
1.003280896824405659e+03
9.971912402730716849e+02
9.910547729779957535e+02
1.004253816119813678e+03
1.001771230610276803e+03
1.018530367936330890e+03
1.003380329726686341e+03
9.899166725457801022e+02
1.008981084333962144e+03
1.005147883750500455e+03
9.967457627328653871e+02
1.001953342909984940e+03
9.869136597206827446e+02
9.954346458253370429e+02
1.003652694511784944e+03
9.979964727165491922e+02
9.839989103901358476e+02
1.023410445755463343e+03
1.002966406021018201e+03
1.005721662456487707e+03
9.846292478629599145e+02
1.002075389668141156e+03
9.889674908236994497e+02
1.015780660822562027e+03
9.879404798231936411e+02
1.021250052115130302e+03
1.001780250032415211e+03
9.978849878034957328e+02
9.974050083473831592e+02
1.006113778064866210e+03
1.014261462796332353e+03
1.007869083225946611e+03
9.979119654493416647e+02
1.003541802883772675e+03
1.014678731360435108e+03
1.007225898257942390e+03
1.013173972652918678e+03
1.011907703587739888e+03
1.010223301559479637e+03
9.970690885506528502e+02
1.009108631073213246e+03
9.996721485043116218e+02
1.014115893107501165e+03
9.929220169912049414e+02
9.997007809586268650e+02
1.005705349786045417e+03
1.012229549092849766e+03
1.012077545110243477e+03
1.014747820181563043e+03
1.001844399447734418e+03
1.018915181396981893e+03
1.001916085917256169e+03
1.000671926141186191e+03
9.882136467808248881e+02
1.009537992943858399e+03
1.005015620579073016e+03
1.003119057636321031e+03
1.000200075871582158e+03
1.006772960451617337e+03
9.907390166653862025e+02
9.973284914898429179e+02
1.022495741202311251e+03
9.977805269851903631e+02
1.001820890738952471e+03
1.005582053160632654e+03
1.018793634339676714e+03
1.013350172493634318e+03
1.019400427036040242e+03
9.939740037821929945e+02
1.021820983212768624e+03
1.007758603699732248e+03
1.011110222233140576e+03
1.003223235446921763e+03
1.015595472842386471e+03
9.856763306711478663e+02
9.945902841532152934e+02
1.017869812313502280e+03
9.981698631335877963e+02
9.994531349448152469e+02
1.013419253343228320e+03
1.006245449700507152e+03
1.020749513970922180e+03
1.017391569547547078e+03
9.977598382002316839e+02
1.005992487166988440e+03
1.003787149755650944e+03
9.977818803978238975e+02
1.009846061478865977e+03
1.018966563007598097e+03
9.977989618153504807e+02
9.937699889888299367e+02
1.022201396833854233e+03
1.010496053196372259e+03
1.002788748088640659e+03
1.017008540895308897e+03
1.005268981441322353e+03
1.019127994320269863e+03
1.016940476177864298e+03
1.003051137094721639e+03
1.015083732077661921e+03
1.006626098449163919e+03
1.012566061941281532e+03
1.010523953400863434e+03
1.001961063604139667e+03
9.992291368513257339e+02
1.000788692549463804e+03
1.001676109671861127e+03
1.021887390148751592e+03
1.004671527205521443e+03
1.004301122424500818e+03
1.004401805395446672e+03
1.002354810649922683e+03
1.010895050391168411e+03
1.004845356911454587e+03
1.007504683412225518e+03
1.007772678821015120e+03
1.010049867280487774e+03
1.012796803421796881e+03
1.013348175545513527e+03
1.007596116462760619e+03
1.029135189192014877e+03
1.014083143264077989e+03
1.004735196926307822e+03
1.004337814285722629e+03
1.003558756230966424e+03
1.023208336933704118e+03
1.006824703330271518e+03
1.002963734810281039e+03
1.019684269134051874e+03
1.028735621067163947e+03
1.020556412454535575e+03
1.017662171554600832e+03
1.002414496337071455e+03
1.011790714992814287e+03
1.021549548739449619e+03
1.033810498131517306e+03
9.993517796071008661e+02
9.982105397665676492e+02
1.013157447742939439e+03
9.968609633344882468e+02
1.027383294842924670e+03
1.014931967464959257e+03
1.008402513866255958e+03
1.002238091111924518e+03
1.019131142315306420e+03
1.016789453610816963e+03
1.014846549766894668e+03
1.026355603828844778e+03
1.003030055279936505e+03
1.027107600813211093e+03
1.015983132732553372e+03
1.005071918776780649e+03
1.024252708717891664e+03
1.010707626187168557e+03
1.012075632025429513e+03
1.017242384088335598e+03
1.024587312250865352e+03
1.016734183050251318e+03
1.019250341125440286e+03
1.017702272445683434e+03
1.029502066456548164e+03
1.018945554162962480e+03
1.023710398813253732e+03
1.013937402643161136e+03
1.016452555410443097e+03
1.026680304882911059e+03
1.027336207679679319e+03
1.015449971331338475e+03
1.013519112597505455e+03
1.027538172264744844e+03
1.018877788082793927e+03
1.003501760714420016e+03
1.021812815762130640e+03
1.013610647760996358e+03
1.016932286905661726e+03
1.028110048171882909e+03
1.020208302632300047e+03
1.014463458035618032e+03
1.017441321010858019e+03
1.014327851849840272e+03
1.026394269204781267e+03
1.028623356208178393e+03
1.016778429696534658e+03
1.013689140475458998e+03
1.028105787932791145e+03
1.010468122763192127e+03
1.017958596364506320e+03
1.032709657921486723e+03
1.025155251194851871e+03
1.010720048273269072e+03
1.014902455521743036e+03
1.016064549766125424e+03
1.009374245340569246e+03
1.039313785122161789e+03
1.008780418764431602e+03
1.015566924044422876e+03
1.019862104666484015e+03
1.023162020704172278e+03
1.024858745517965190e+03
1.034301523534579019e+03
1.016568436348096384e+03
1.001394581764463737e+03
1.018737145225241761e+03
1.016527080058639172e+03
1.028710453098682365e+03
1.024852881930824651e+03
1.032832601215259729e+03
1.031192224826729898e+03
1.038832600878474523e+03
1.029796178528001974e+03
1.010623269461851237e+03
1.034970037205123162e+03
1.022712696193043939e+03
1.020406632922799304e+03
1.021862485894688916e+03
1.033628894882243230e+03
1.017101912637108285e+03
1.038167655134728193e+03
1.015251011267854892e+03
1.026212217063493199e+03
1.029859347463027916e+03
1.009811681783511631e+03
1.038944688355555627e+03
1.016383051135615460e+03
1.030869631453151442e+03
1.022215973053844209e+03
1.019866779450505419e+03
1.017025622661195143e+03
1.019038114177320494e+03
1.025621868411843934e+03
1.035640276582621937e+03
1.025441544906717809e+03
1.007968547667138182e+03
1.025560757323398093e+03
1.044480095671955041e+03
1.018257952976384900e+03
1.022813844454532955e+03
1.021534582567929647e+03
1.041009871593139451e+03
1.018625168822222918e+03
1.014168074635486278e+03
1.020832629098485086e+03
1.031993394410427300e+03
1.020245424692280949e+03
1.042360316650456070e+03
1.026403211125315920e+03
1.015898135751431596e+03
1.029361723681717876e+03
1.012435451112493979e+03
1.029370149574844845e+03
1.012743368380406309e+03
1.016848796665547638e+03
1.017801536350621745e+03
1.015713717370799031e+03
1.026688484220390819e+03
1.019735066226040885e+03
1.025555905016321049e+03
1.026312614437834782e+03
1.010747515587429234e+03
1.032922533006329331e+03
1.031915418830455337e+03
1.023724473279296376e+03
1.031358993186495354e+03
1.036059657788075356e+03
1.025115466354022146e+03
1.031184835222916718e+03
1.042608317957466625e+03
1.019395046321387554e+03
1.029277976255942804e+03
1.012650240378637818e+03
1.014297417177931038e+03
1.030154378739703134e+03
1.012661732574160851e+03
1.018992868755357108e+03
1.015583431430453174e+03
1.019823236746654061e+03
1.030480003138838129e+03
1.029185015298395911e+03
1.020927326178163526e+03
1.023319695904050263e+03
1.037323836573935296e+03
1.039334693292290694e+03
1.019674925016453926e+03
1.026718832458549286e+03
1.046422659061347758e+03
1.037543990247109832e+03
1.038808406536970324e+03
1.035608696307001992e+03
1.029398401434213838e+03
1.033285235686389797e+03
1.035326156352496128e+03
1.029476107318230333e+03
1.017873608958340014e+03
1.028530054277564659e+03
1.032477713766193119e+03
1.033970497792594870e+03
1.030695589090126532e+03
1.042353034919758784e+03
1.035058334972004332e+03
1.023334643417475377e+03
1.043503712531125302e+03
1.015216363113264151e+03
1.041603676481004868e+03
1.010234626629596050e+03
1.020442624481239591e+03
1.024539297188189721e+03
1.027422323120065357e+03
1.031173044322104033e+03
1.023156785659309094e+03
1.018509528478388006e+03
1.039312346180654458e+03
1.023314449735977746e+03
1.009526529215610367e+03
1.032257013821257942e+03
1.028214315758600151e+03
1.026627906557491542e+03
1.039211336672660536e+03
1.032888158876843136e+03
1.040030102179775440e+03
1.029142693196564551e+03
1.034393954076752607e+03
1.022829003718789409e+03
1.031371696615105748e+03
1.005822622436004053e+03
1.032808590600726120e+03
1.031562221781488461e+03
1.040256038647742116e+03
1.033251667624586844e+03
1.035080538475839148e+03
1.005090136966427963e+03
1.027042857083622494e+03
1.022642173158201444e+03
1.021601685383257404e+03
1.026339136814559652e+03
1.017242412454206828e+03
1.030247725562114056e+03
1.030903446923011188e+03
1.035255735000608638e+03
1.050732064576036692e+03
1.038584338823801318e+03
1.018411062837835743e+03
1.020229882090098045e+03
1.043357144673728953e+03
1.028587837858682633e+03
1.025669700502487558e+03
1.041734473273275853e+03
1.055902554487815451e+03
1.039191407892449433e+03
1.029251455639974438e+03
1.018953967198316491e+03
1.042488125191698145e+03
1.036518773982525090e+03
1.038584915052000952e+03
1.036248445061785560e+03
1.047739502345384153e+03
1.035775574199757557e+03
1.030337960795580102e+03
1.041202889532869676e+03
1.025162279967566292e+03
1.026948286867602974e+03
1.042228904232736340e+03
1.044857253409203622e+03
1.020790099940716232e+03
1.026851937506081185e+03
1.029403549877991281e+03
1.034341039550124378e+03
1.044462238992067796e+03
1.038784170491745726e+03
1.043976392710570963e+03
1.029720131849111567e+03
1.036175263905509382e+03
1.020115702050924369e+03
1.045591987214561868e+03
1.026058928489052960e+03
1.042847899895150476e+03
1.033062867122423768e+03
1.042093536079664091e+03
1.047309419791421078e+03
1.047392522675839018e+03
1.030539426082556247e+03
1.020560016234062459e+03
1.037352922843833312e+03
1.024786057450845647e+03
1.031262061882877333e+03
1.025798143764930046e+03
1.021323040053127443e+03
1.041501632423504361e+03
1.039617522652577691e+03
1.033377470515579489e+03
1.030254715283465885e+03
1.033186320572638124e+03
1.024483155170179771e+03
1.033447269503048346e+03
1.036756969829536047e+03
1.034651017468448572e+03
1.048659159853460324e+03
1.025216663877358997e+03
1.045101786749150961e+03
1.039723980228383653e+03
1.028485147020906652e+03
1.036746865662403025e+03
1.045191535025677013e+03
1.053422634548643373e+03
1.022122710877282543e+03
1.041618592128349064e+03
1.027454676961712494e+03
1.041999853008221635e+03
1.047590328128853798e+03
1.040703268471005686e+03
1.028953775812563435e+03
1.051558410873863068e+03
1.043228024728986156e+03
1.033884277701362407e+03
1.044784944398957350e+03
1.034954478213453058e+03
1.055697040803986283e+03
1.057402404829440684e+03
1.040390510835660734e+03
1.028187104798098517e+03
1.027650911581808487e+03
1.041557269334864486e+03
1.036939877084541195e+03
1.043046895245881615e+03
1.035151421752965234e+03
1.034739988415026346e+03
1.034308617937723511e+03
1.040302346012927728e+03
1.039251292672927775e+03
1.038834588386574069e+03
1.028491935155725059e+03
1.038322904286666471e+03
1.020189635871081123e+03
1.032887351925730172e+03
1.038574617259924480e+03
1.050349093731635321e+03
1.022456006906299194e+03
1.045471598318751376e+03
1.051574205132274074e+03
1.030765399602810703e+03
1.028644579955994004e+03
1.036140809305981065e+03
1.029327091615374684e+03
1.031973869430772766e+03
1.030686713712155097e+03
1.051054039555923737e+03
1.046450037851080879e+03
1.051356606069386544e+03
1.042876566093699921e+03
1.036860168738990524e+03
1.036353303029474773e+03
1.029914412673653487e+03
1.048733366514007912e+03
1.055600744245540454e+03
1.037589864449744937e+03
1.040899223474525343e+03
1.049869605153416160e+03
1.031576484354856575e+03
1.035432516196370898e+03
1.032378626850499131e+03
1.026491804019525034e+03
1.036914446214100053e+03
1.020048903350680348e+03
1.023404648458785687e+03
1.042162410635398828e+03
1.054105685493591409e+03
1.040884422419421071e+03
1.051952238622040795e+03
1.046267662409086142e+03
1.041836759670690071e+03
1.048134276408408596e+03
1.031448639505779965e+03
1.042422199533411231e+03
1.029696308773367264e+03
1.048832988927164934e+03
1.052872301925914826e+03
1.040279333397227902e+03
1.062559866364534628e+03
1.047136702164853659e+03
1.039430704897397163e+03
1.042206600676036942e+03
1.059763187260505447e+03
1.032740085117636227e+03
1.028640053418137313e+03
1.045053662860412487e+03
1.037418188949395926e+03
1.042126966670223510e+03
1.030674916956373863e+03
1.049039679298634610e+03
1.042684496012322825e+03
1.036754978161164217e+03
1.044037171590813614e+03
1.046661247700906642e+03
1.054728872223441158e+03
1.029865740443652157e+03
1.034563907596497302e+03
1.040879939440594853e+03
1.042449933742201665e+03
1.047510484761920225e+03
1.052517933989723815e+03
1.047992231611410716e+03
1.043519932403208941e+03
1.026086430188210898e+03
1.043120455169201705e+03
1.039748822243041104e+03
1.050758207885420006e+03
1.047811639641228112e+03
1.038941229894874141e+03
1.056208142088890554e+03
1.053536266512869588e+03
1.046328232011232558e+03
1.052916547232160610e+03
1.047465335355170510e+03
1.046713882827897578e+03
1.057508074660106331e+03
1.049866798502632491e+03
1.038867163320556301e+03
1.046168879464575411e+03
1.051490490686751627e+03
1.051065329019491855e+03
1.055104183156585350e+03
1.048151496409152287e+03
1.049007803450977462e+03
1.042672626565144583e+03
1.053439673076428335e+03
1.040285356024042130e+03
1.047050042760181213e+03
1.034310388832096578e+03
1.046729465851756004e+03
1.039989086528636335e+03
1.037985104038058353e+03
1.049402765418954232e+03
1.040904913390342472e+03
1.054411650884427900e+03
1.037771262589150865e+03
1.039136711604560560e+03
1.041027518415663508e+03
1.047447341920761346e+03
1.032021413992366206e+03
1.031963526150530242e+03
1.053951717215445342e+03
1.050347915618779780e+03
1.041135883191837138e+03
1.046530653835915018e+03
1.056961181919929231e+03
1.041753230198244182e+03
1.050843498676465970e+03
1.046063030830165644e+03
1.041954060636567647e+03
1.052977985771402928e+03
1.037560220458267622e+03
1.042004253961237737e+03
1.032012137581176603e+03
1.052080417904514206e+03
1.051776825554557490e+03
1.040456325028188985e+03
1.045865069800103583e+03
1.066111637496626599e+03
1.062707513215178778e+03
1.044312611257469598e+03
1.060212230801447049e+03
1.031950346902206320e+03
1.035826527435095841e+03
1.035816615762108768e+03
1.048713325867735648e+03
1.044292275454595483e+03
1.054594123451553742e+03
1.062058586388390495e+03
1.038234078373011471e+03
1.052160409165553801e+03
1.055645797196082640e+03
1.047881760445112604e+03
1.043433382099061191e+03
1.056114486219037190e+03
1.062048534757434254e+03
1.054708768090965577e+03
1.051866848485661649e+03
1.041889580109591634e+03
1.041162692471115179e+03
1.061380300411531607e+03
1.040352011557807373e+03
1.045292418244294822e+03
1.049487384288750036e+03
1.046276995290174227e+03
1.046957797402822962e+03
1.049053724549634808e+03
1.060119113784372303e+03
1.037257315508473312e+03
1.049143742758550388e+03
1.067469138528221265e+03
1.039508898227214104e+03
1.036675758665723151e+03
1.048591972131966486e+03
1.040477139982228437e+03
1.045299781224285880e+03
1.056284825064792130e+03
1.041579252060536191e+03
1.047393402440043701e+03
1.052000814613516695e+03
1.061447523953208474e+03
1.042547462395654748e+03
1.054127060024331513e+03
1.055662354820106884e+03
1.060420104117752999e+03
1.057547791026710684e+03
1.046415834037757804e+03
1.046442495490874990e+03
1.042863711578175753e+03
1.061070477105907457e+03
1.039727927116319279e+03
1.050033633930959240e+03
1.041390320656365475e+03
1.060216543248309790e+03
1.037455723595641530e+03
1.066841700323357372e+03
1.043909381297541586e+03
1.042275038515330834e+03
1.055832746300904091e+03
1.045302840897579472e+03
1.059682863424376137e+03
1.056234885926920697e+03
1.044812024030603652e+03
1.048655613765839689e+03
1.047440469505542751e+03
1.044034078556803479e+03
1.051532092951307959e+03
1.051128694692849876e+03
1.043668387211398567e+03
1.060469241375948059e+03
1.059017509507722252e+03
1.061656195510719726e+03
1.047338561074879635e+03
1.047964707883904111e+03
1.040056560561155493e+03
1.053604470786435286e+03
1.050495350716984831e+03
1.053188983854203570e+03
1.042815505336531942e+03
1.053014978359821271e+03
1.051137584706253392e+03
1.058970306308711770e+03
1.061937080033072561e+03
1.050485750955981985e+03
1.040020215129136204e+03
1.034329638634356343e+03
1.050567613745471817e+03
1.042548814314633091e+03
1.058856461900668137e+03
1.067451695241978086e+03
1.063930080965851175e+03
1.043308847108250802e+03
1.054211078569742540e+03
1.040522206405172938e+03
1.062759472144536630e+03
1.052166190586278390e+03
1.059713820701094164e+03
1.060644914362517056e+03
1.042060229282461023e+03
1.051272024646443697e+03
1.065583172397806038e+03
1.061612572010592203e+03
1.070475934651220086e+03
1.058501015269248683e+03
1.053412325765376636e+03
1.047796919643207275e+03
1.053409464806638198e+03
1.058518513018955446e+03
1.052925371331894212e+03
1.055250990668451095e+03
1.042269539968764775e+03
1.051201637239093543e+03
1.047805160018111565e+03
1.044261252084743091e+03
1.047932416008354039e+03
1.043852934488137862e+03
1.066698698523232906e+03
1.045146155273215300e+03
1.058951703821296633e+03
1.047705356428670711e+03
1.041301924016029716e+03
1.044526262524674394e+03
1.051613123712610331e+03
1.057013668721534714e+03
1.048927519081183846e+03
1.047519129646928150e+03
1.046861011994362798e+03
1.044584739716754711e+03
1.050519112792941996e+03
1.064464076587509680e+03
1.050725662250604955e+03
1.041214450688203897e+03
1.043412850685420381e+03
1.038320357545618890e+03
1.068842293979796523e+03
1.054502043961394065e+03
1.065506756698594018e+03
1.043655784970715331e+03
1.059263142803777100e+03
1.047563243780774201e+03
1.035688460991329521e+03
1.055197563611948908e+03
1.060240057518940375e+03
1.046258789353111069e+03
1.064470070226594316e+03
1.053092494592643561e+03
1.056159038772535268e+03
1.048866593225692668e+03
1.064502585018731452e+03
1.062046743274010169e+03
1.056437027370396891e+03
1.047464613366956200e+03
1.039943134033348770e+03
1.061005147046189677e+03
1.054346072955259615e+03
1.066059747635125177e+03
1.054429441486634914e+03
1.068625279538396626e+03
1.052974674829815740e+03
1.054227178884772911e+03
1.047244951691828192e+03
1.064929754914151545e+03
1.058354407736932899e+03
1.056596469598865042e+03
1.054897247513900538e+03
1.050372053027135507e+03
1.075840000773811425e+03
1.059964238699225916e+03
1.072146451035049040e+03
1.037365443606052395e+03
1.058424175358173443e+03
1.058489534670339026e+03
1.045515184687462806e+03
1.063371881489401403e+03
1.051411266533416665e+03
1.055387018265467304e+03
1.043895868275996463e+03
1.057193247553943365e+03
1.052233202275590429e+03
1.054589738618143429e+03
1.036308526144792268e+03
1.047353935182100258e+03
1.056393032601102050e+03
1.049388170173704566e+03
1.063210527711739360e+03
1.043634654605028118e+03
1.068396341720385180e+03
1.042022517050467286e+03
1.069808392949732479e+03
1.053007306070256845e+03
1.051151375117598946e+03
1.063112220941904980e+03
1.058649051608984109e+03
1.050104708317514223e+03
1.042900937854781432e+03
1.067726887734525690e+03
1.076876729450392986e+03
1.058930720304113947e+03
1.064004889343018704e+03
1.051073312795630045e+03
1.060581458257324812e+03
1.047031232926805387e+03
1.056449907248069167e+03
1.046375501832972077e+03
1.049323416875224666e+03
1.073013418435107042e+03
1.060123345923797615e+03
1.072058625055845823e+03
1.061161816339605139e+03
1.046157061234853700e+03
1.066017018777517478e+03
1.050003745694163854e+03
1.054528611903985620e+03
1.064293502710469738e+03
1.057552958445341119e+03
1.058783610243379371e+03
1.060831876633302500e+03
1.068742221169986351e+03
1.043207574173858575e+03
1.052087119527229106e+03
1.060859370104942627e+03
1.059736598450173233e+03
1.058492958613054498e+03
1.061117142083212229e+03
1.064733689243602839e+03
1.050453754870861530e+03
1.053612003045308938e+03
1.051764247920558319e+03
1.070162264597425747e+03
1.069615134683697761e+03
1.060203888309410786e+03
1.056715289118044439e+03
1.063841661463085984e+03
1.059784402652544486e+03
1.056968659217566255e+03
1.058623122010930274e+03
1.044722598716237144e+03
1.052552192030589822e+03
1.064838325050052845e+03
1.053590583129558809e+03
1.051438579495665408e+03
1.066575591274970293e+03
1.053478004428125814e+03
1.060192281558434161e+03
1.056586553534639734e+03
1.061920955870082935e+03
1.046765392559133716e+03
1.042547934088088368e+03
1.051235437734866309e+03
1.061228489229133174e+03
1.061726830599001005e+03
1.050254958098076941e+03
1.066503204060188182e+03
1.061576916955601746e+03
1.055290396457442057e+03
1.073307233979517605e+03
1.062276358037210230e+03
1.069387963539318434e+03
1.052636337077761027e+03
1.049179528137159650e+03
1.055928627480549949e+03
1.038012280212460382e+03
1.055333410653399824e+03
1.062576922006561745e+03
1.053339030333236224e+03
1.079266152506696471e+03
1.067327990390778041e+03
1.056590334924427225e+03
1.057365613604095415e+03
1.048543257399337108e+03
1.060866511226192415e+03
1.071546143777452471e+03
1.066344364869550191e+03
1.054815701877246056e+03
1.050327952554037438e+03
1.067966842345891791e+03
1.064321587830982480e+03
1.057522266921461323e+03
1.044112414014476826e+03
1.055561989095143190e+03
1.064069304222746041e+03
1.056584940197370770e+03
1.062241413816935619e+03
1.042530000815769426e+03
1.062014434234218015e+03
1.075007278961551037e+03
1.059751143043663888e+03
1.069350998021723399e+03
1.063054715908821436e+03
1.050588794291316617e+03
1.065883617995500117e+03
1.051805943413040950e+03
1.047639082197033758e+03
1.063077283322414814e+03
1.062952241096363878e+03
1.067965139192351899e+03
1.065743352736157476e+03
1.054782132822777157e+03
1.071201109736342232e+03
1.049549443857791175e+03
1.062930892480384500e+03
1.061785837617510424e+03
1.060867656222430014e+03
1.049904896604125270e+03
1.072241616462772981e+03
1.053680286367841063e+03
1.057008673932091369e+03
1.061807542989342664e+03
1.043518490669799576e+03
1.064049535611535248e+03
1.051211625755895739e+03
1.056908144398543982e+03
1.063615884281615536e+03
1.057959607468188324e+03
1.066138482387805880e+03
1.069999302571035514e+03
1.061513382770270709e+03
1.062099688717192976e+03
1.065670757382156580e+03
1.051353217365744968e+03
1.065198136510358154e+03
1.055304295693247241e+03
1.061936576966505072e+03
1.052339818811320129e+03
1.069913321504349142e+03
1.056140931956804934e+03
1.081378161662914863e+03
1.047865957580465874e+03
1.057155466774214119e+03
1.046104183462185802e+03
1.049899871721180943e+03
1.065198025497950766e+03
1.079078047733702533e+03
1.060194631945893661e+03
1.059955715579370235e+03
1.066234384779969105e+03
1.066212130694051893e+03
1.064398041298214139e+03
1.067160458282953186e+03
1.062724218542568224e+03
1.063530768163698667e+03
1.058543392422724082e+03
1.036426051543304084e+03
1.064542390621343884e+03
1.072940868049975279e+03
1.054309664385527867e+03
1.056759786678786895e+03
1.078008643260344797e+03
1.072060046922179936e+03
1.063486600844465556e+03
1.055396037655196324e+03
1.058060329318735739e+03
1.077632901094329554e+03
1.062363799567934620e+03
1.050909998832061547e+03
1.058772420897101028e+03
1.052201507632259563e+03
1.067158919796244845e+03
1.055351308337438695e+03
1.078027905466554103e+03
1.058379127984139359e+03
1.057572913465160582e+03
1.072401993903600896e+03
1.048166961933914081e+03
1.067664532286456961e+03
1.067189761998382210e+03
1.061053853733752703e+03
1.062901907720723557e+03
1.063349092555668904e+03
1.057501873274564332e+03
1.065382091817826449e+03
1.053675420839333583e+03
1.050197068859020874e+03
1.052808972120498538e+03
1.066703808856052547e+03
1.051966358698045042e+03
1.062176181397557912e+03
1.054757895108691628e+03
1.059093938843445130e+03
1.054873929162686863e+03
1.055376720337131701e+03
1.062558514902816341e+03
1.063226517479685072e+03
1.052775803178999695e+03
1.043211080124089449e+03
1.053845445801450069e+03
1.067730153332996906e+03
1.057364062971281328e+03
1.053966643852927973e+03
1.065369888016560026e+03
1.049502569365183263e+03
1.074144835403471916e+03
1.066296911172424871e+03
1.057785454833655194e+03
1.063855971656086012e+03
1.056115488640222793e+03
1.060313679169281158e+03
1.069573919829799479e+03
1.069007466643156704e+03
1.072465852251951901e+03
1.059178807217017265e+03
1.075491338670439973e+03
1.065627343171335269e+03
1.043892487715965217e+03
1.058989409757241901e+03
1.078579773043889190e+03
1.072449292553382975e+03
1.064689194839619176e+03
1.055764039318028608e+03
1.058104154943579488e+03
1.068742975956474311e+03
1.054513593046171081e+03
1.055145439174264993e+03
1.052481517458636745e+03
1.063890952923577288e+03
1.055269029883267422e+03
1.076353906888382880e+03
1.072076189291131868e+03
1.056647776007893299e+03
1.059717490602894486e+03
1.054668188915245992e+03
1.064941055760484232e+03
1.064097253717775402e+03
1.045841162329605140e+03
1.064809978800260524e+03
1.058363244887701967e+03
1.048154230181456569e+03
1.062519234269696881e+03
1.068309900875317680e+03
1.063348325099461363e+03
1.060079594530104714e+03
1.061900716846392697e+03
1.060774589340038119e+03
1.065518205718836271e+03
1.049404677888509013e+03
1.049434219151022035e+03
1.056875755304870381e+03
1.053181964661160009e+03
1.082651670946983131e+03
1.052946406566624319e+03
1.064696625580800401e+03
1.065678080917263060e+03
1.047228916544716185e+03
1.053264585529674605e+03
1.061197277522647710e+03
1.050186043810891306e+03
1.062649745093392994e+03
1.055763764245562015e+03
1.044220416676829700e+03
1.062044472624462287e+03
1.068271797953213763e+03
1.062704157548861076e+03
1.059047841133122802e+03
1.070028829746711608e+03
1.042913148344114006e+03
1.059354157535615968e+03
1.053150633732941515e+03
1.060036394385038875e+03
1.059199028427355870e+03
1.054378676815478684e+03
1.049335038802842519e+03
1.048100102971987781e+03
1.058327074918154267e+03
1.080726330301614098e+03
1.069823762586221847e+03
1.055826502354448621e+03
1.045054933117505698e+03
1.061967260176857963e+03
1.075740110508788575e+03
1.049500773585555407e+03
1.076119401828572563e+03
1.052453952891964718e+03
1.058429477930128996e+03
1.041032275619387519e+03
1.047370401557517198e+03
1.062358204718125307e+03
1.066090943882653846e+03
1.052017870655549586e+03
1.055725263731096220e+03
1.067449153916082196e+03
1.061787512032568202e+03
1.056704942968525302e+03
1.065269863377271122e+03
1.058355562193686183e+03
1.061088216319726598e+03
1.054483821663487561e+03
1.063381011106620008e+03
1.055791915056910057e+03
1.055212429717151508e+03
1.060727748084455243e+03
1.063416656713789280e+03
1.055849857981708510e+03
1.044173693940679414e+03
1.064861033221711295e+03
1.055501790242102970e+03
1.053108469924238079e+03
1.052410915287612625e+03
1.072216190192578551e+03
1.055549811027299029e+03
1.059448394286912617e+03
1.049986651114488950e+03
1.051578833519530463e+03
1.059052328757343275e+03
1.060567292499436462e+03
1.062829483933237952e+03
1.072051183276349775e+03
1.054798417793037515e+03
1.042147780839708958e+03
1.062008583980587218e+03
1.070474223788220343e+03
1.056570447008373321e+03
1.074075755569788271e+03
1.061474703981597713e+03
1.052308312374962497e+03
1.054684524649870127e+03
1.044792384615953097e+03
1.061416479898899070e+03
1.068413858762768768e+03
1.059425666894490178e+03
1.056599539088716710e+03
1.062413029407583736e+03
1.061002647013710202e+03
1.054234685161845618e+03
1.058297789680825645e+03
1.060726380732955704e+03
1.053410420083189820e+03
1.040066293509790967e+03
1.053220581701653828e+03
1.062015324568924598e+03
1.065289044671579859e+03
1.075519961311387078e+03
1.051450992332788246e+03
1.049598396691156040e+03
1.062548859392195482e+03
1.050040709886415016e+03
1.073907774726560774e+03
1.052100344889767257e+03
1.061503050304978160e+03
1.050926772360145151e+03
1.059822368925285446e+03
1.054427344828694459e+03
1.077273372568867217e+03
1.062820414919197219e+03
1.063114128530278549e+03
1.070334117965557652e+03
1.052521897285661680e+03
1.043351179113860098e+03
1.055311860976874641e+03
1.054847945281115017e+03
1.055612978260684031e+03
1.061302880720546682e+03
1.062064800335565906e+03
1.074549600193949118e+03
1.059502815610210064e+03
1.042273110690623071e+03
1.055973561089385839e+03
1.059654986205965997e+03
1.056139007774314223e+03
1.036476357425135575e+03
1.059178951082612684e+03
1.049686795860083294e+03
1.059733717857097417e+03
1.057149939958537516e+03
1.053266904338263430e+03
1.054951992177967895e+03
1.055266915551907687e+03
1.050122695874993042e+03
1.072988328199440275e+03
1.060346424584437500e+03
1.047527795375670394e+03
1.056735522932101730e+03
1.081999880988266341e+03
1.060226335597929392e+03
1.056099961545025053e+03
1.048274351691517722e+03
1.057881327389809485e+03
1.062442976544022486e+03
1.066314441826629718e+03
1.058877760157799003e+03
1.065683946601988964e+03
1.056354778190807792e+03
1.070236502592215174e+03
1.043092162853910168e+03
1.067650436570913598e+03
1.053967112314512406e+03
1.064703957192479493e+03
1.044630159063463680e+03
1.049364227598512116e+03
1.076349724500951652e+03
1.057682447946133152e+03
1.048114363296096144e+03
1.070105551397290355e+03
1.057754980374779279e+03
1.060189746085459092e+03
1.044789885458740400e+03
1.065644359051752645e+03
1.063729941978370562e+03
1.040296871642386577e+03
1.075297620107033254e+03
1.071049666642077227e+03
1.046697918015386449e+03
1.056648873247797610e+03
1.051494955720688949e+03
1.049937339262652131e+03
1.047643974073437676e+03
1.050251510943931635e+03
1.049667562586706708e+03
1.046755048463600815e+03
1.048545926932981956e+03
1.065099049836686618e+03
1.059717945670679683e+03
1.055924634817877177e+03
1.044453911097718446e+03
1.058949429138031519e+03
1.059466618516913513e+03
1.051971734034848168e+03
1.038897242690323083e+03
1.039911030950553595e+03
1.049975830743200959e+03
1.044297192608690011e+03
1.061434821659549243e+03
1.055669525919545549e+03
1.041483503832965198e+03
1.063343634061757257e+03
1.055532344632038530e+03
1.049583462023103493e+03
1.051564282382825922e+03
1.047780582597858483e+03
1.065128529344055096e+03
1.050584527765214034e+03
1.066323236075033947e+03
1.063917767216464654e+03
1.064234747404810378e+03
1.046220173662469051e+03
1.061395853411199596e+03
1.069611961275185877e+03
1.064507444807195043e+03
1.067353944299049999e+03
1.059334755247304656e+03
1.057424064393040908e+03
1.054645779848230859e+03
1.062873607746597600e+03
1.054849805309339672e+03
1.064757388630694095e+03
1.058030875811833539e+03
1.046691682348068753e+03
1.065433659906511139e+03
1.067940274801948590e+03
1.061324754516909024e+03
1.069231712770126023e+03
1.066528741742891953e+03
1.056300552914336549e+03
1.051319888726344743e+03
1.064348231966358298e+03
1.043909840712431333e+03
1.042613809775917161e+03
1.061070760453248568e+03
1.067918935527435679e+03
1.058335302200912110e+03
1.067181719649489423e+03
1.042188489023350485e+03
1.059149077071624106e+03
1.053224967394015493e+03
1.064586987124102961e+03
1.047782729679965314e+03
1.069139576337460994e+03
1.038729807975505537e+03
1.047943524924440908e+03
1.059367159207072746e+03
1.044971072464006056e+03
1.046499435567067394e+03
1.053048690768090637e+03
1.062847493085883571e+03
1.056279274954193170e+03
1.055630580374065630e+03
1.049548694711055987e+03
1.060937452741703282e+03
1.054855941947339716e+03
1.051375762253022458e+03
1.060270764794616071e+03
1.052607858699182088e+03
1.055956622488548419e+03
1.054552347145755448e+03
1.049288329163441858e+03
1.057241079884283863e+03
1.041751988036132843e+03
1.049603603842041139e+03
1.049943674524823564e+03
1.041838367503940162e+03
1.055601879784552466e+03
1.066043553470579354e+03
1.067325204223096989e+03
1.059138379688819214e+03
1.038991714651009488e+03
1.044208544951327440e+03
1.054791583175682945e+03
1.044330394431447530e+03
1.052209340716631004e+03
1.044222798724741324e+03
1.059795533302928106e+03
1.043407810243498488e+03
1.044029170015395266e+03
1.046399229294359429e+03
1.046453367931894491e+03
1.042453580912446114e+03
1.039497765268961984e+03
1.031823934834737429e+03
1.055944706142821133e+03
1.044503759319703249e+03
1.056116480451882808e+03
1.066443832849307000e+03
1.054865371922394388e+03
1.051339551729941377e+03
1.057607271077828500e+03
1.045543268544695593e+03
1.057281446453021772e+03
1.063909988833064062e+03
1.043189822969092802e+03
1.037549816827467794e+03
1.036591456264449562e+03
1.031013257500616419e+03
1.044394668059252353e+03
1.056775856403115995e+03
1.061609079220297190e+03
1.037936827158354163e+03
1.045138547534932286e+03
1.049765428106098170e+03
1.045260966112523192e+03
1.034427770517531826e+03
1.037336629054145078e+03
1.058777325282093443e+03
1.057602782081859459e+03
1.041599756618782749e+03
1.048864116077029621e+03
1.045855662921486328e+03
1.052778792678921263e+03
1.031090815607090235e+03
1.046587310222013002e+03
1.041751184413998317e+03
1.049313235519101227e+03
1.042164257420923377e+03
1.035687619683539424e+03
1.063007895922284661e+03
1.057676874830048291e+03
1.041331305270180792e+03
1.049489129657881904e+03
1.040342522868316792e+03
1.043730167311892046e+03
1.068419380311384884e+03
1.044084988785635232e+03
1.049987449791910876e+03
1.040874024937304739e+03
1.048965446187306497e+03
1.042347595004346431e+03
1.061042597582302051e+03
1.062424464532790125e+03
1.041761551313698646e+03
1.053048278874794732e+03
1.032209974806073660e+03
1.036982845029990585e+03
1.044254035962020453e+03
1.054535644623589633e+03
1.039232288759822268e+03
1.055647067816142453e+03
1.035880666338418678e+03
1.044563433348859917e+03
1.034361104232999423e+03
1.035036076463211430e+03
1.049479874145165468e+03
1.036673904303786458e+03
1.043648425054977452e+03
1.044721095251424003e+03
1.050495953445633404e+03
1.042740024766459328e+03
1.042572369160966218e+03
1.058823031114097603e+03
1.067059477364566874e+03
1.041181213475559844e+03
1.043945189083798823e+03
1.043378033145929294e+03
1.048378771096083483e+03
1.032232174977377099e+03
1.034133724794217642e+03
1.045073747572199863e+03
1.041399851492642938e+03
1.039506376525140467e+03
1.033470712115909009e+03
1.044774466976306030e+03
1.040196668193868845e+03
1.051919056387184810e+03
1.036076016094472379e+03
1.033416714761763160e+03
1.042352422151305518e+03
1.056264133698177375e+03
1.053748220993013319e+03
1.029585085997086026e+03
1.051620007932377348e+03
1.055944815357371454e+03
1.034832828959531298e+03
1.031110871458860856e+03
1.037016965983729051e+03
1.041391579816838430e+03
1.029415580637714356e+03
1.047015742820723972e+03
1.054740855833804517e+03
1.017825034903078745e+03
1.041322505416482272e+03
1.039852293384033601e+03
1.046648608533774450e+03
1.026848917401719973e+03
1.050143551636930624e+03
1.046630461711750741e+03
1.031334447397925487e+03
1.036053229135801075e+03
1.039857313216980401e+03
1.025731304957324937e+03
1.048256703323462716e+03
1.035916188707987885e+03
1.039351028158825329e+03
1.024796190959219985e+03
1.036979062704936723e+03
1.039826590934219212e+03
1.045337223995027898e+03
1.032632331633818239e+03
1.048877921952077941e+03
1.034614829858651092e+03
1.036408849262058993e+03
1.044396442519001084e+03
1.044100299161731073e+03
1.024943591568880720e+03
1.039961523335633501e+03
1.048280676428130164e+03
1.047969543279661139e+03
1.042451379048804938e+03
1.041122570272525763e+03
1.036915597575965194e+03
1.028933358080757216e+03
1.035765264813263002e+03
1.038144623083539500e+03
1.035512267930562075e+03
1.035107370648304823e+03
1.042523143211232536e+03
1.025614929993386113e+03
1.032912929580463469e+03
1.042930222305054258e+03
1.029590275921103057e+03
1.039619458901345752e+03
1.040421619768653272e+03
1.031495165504175475e+03
1.035256350451481467e+03
1.040556542718691844e+03
1.045027471800117155e+03
1.030672234368778845e+03
1.037555088665287940e+03
1.023348004534391634e+03
1.034177792608471691e+03
1.041418249671249669e+03
1.045461890666972522e+03
1.036587872635675467e+03
1.032925528490028000e+03
1.022968465927029570e+03
1.024920978302142657e+03
1.044129552593520657e+03
1.038812891939004203e+03
1.047517186655393971e+03
1.023429320792161320e+03
1.024370719866376703e+03
1.025538932641872634e+03
1.047551406338732477e+03
1.037494863570830375e+03
1.026687536536847347e+03
1.020350361928826032e+03
1.043629395095125119e+03
1.031321722719262425e+03
1.030991029524108853e+03
1.033102931120822404e+03
1.037771660475369572e+03
1.035924767668821232e+03
1.053170639308761110e+03
1.039913885712313004e+03
1.038211982191414563e+03
1.035692523244074891e+03
1.040175099134431321e+03
1.031493311518124983e+03
1.036289937764320030e+03
1.029069784311002877e+03
1.041147790302184376e+03
1.031723726423333801e+03
1.025453708601282869e+03
1.035721629968406660e+03
1.019417489791415619e+03
1.023450605173684608e+03
1.029242688341221992e+03
1.033914657192073719e+03
1.030390608688070870e+03
1.010484597843915026e+03
1.037635547861947316e+03
1.036432116360861755e+03
1.037363868767541362e+03
1.032108546612032342e+03
1.041584117472672915e+03
1.033148275068483372e+03
1.035292861381938337e+03
1.016362292057473269e+03
1.034306201146035164e+03
1.033170592849901823e+03
1.031696929193918095e+03
1.033897498732414761e+03
1.020062363279500232e+03
1.033654808658213597e+03
1.021904415087068401e+03
1.028298638988667335e+03
1.019965178908202120e+03
1.043001465499816732e+03
1.039706286555343468e+03
1.024604692444817829e+03
1.018880819542754011e+03
1.037234336956422339e+03
1.020333273483194034e+03
1.029112645755592894e+03
1.030528298760874804e+03
1.034538684447181140e+03
1.003597848679993945e+03
1.016670502800373129e+03
1.027532542750559287e+03
1.038518728025231667e+03
1.028996491342309355e+03
1.036289844350008480e+03
1.028982082116612901e+03
1.023936559875872490e+03
1.015078666646847637e+03
1.016564500730372970e+03
1.026028991614487950e+03
1.024136527444245530e+03
1.015305589123306504e+03
1.048387589568204930e+03
1.027639186780383397e+03
1.018921348132249477e+03
1.041666488350138479e+03
1.022428258466383113e+03
1.033829935084580484e+03
1.023076915689124917e+03
1.031625302449890796e+03
1.016863525665509997e+03
1.033594991883197281e+03
1.018916908967304494e+03
1.032901623143298593e+03
1.038189323549718665e+03
9.948748395182185504e+02
1.041707069751199697e+03
1.025745516721588274e+03
1.009522640651944471e+03
1.035507728218166903e+03
1.030862184291975154e+03
1.028713105905421571e+03
1.040091560850942415e+03
1.023036259185438439e+03
1.026492146078534915e+03
1.022269546256456692e+03
1.017808763697863469e+03
1.024979068614969492e+03
1.035618637776551623e+03
1.025255155199718729e+03
1.020070883847793311e+03
1.016955221184696825e+03
1.040011669595016883e+03
1.024376519617829445e+03
1.027398007071669781e+03
1.024950300587708398e+03
1.008946466189402486e+03
1.023989440620888672e+03
1.032033094750034934e+03
1.010507560833301341e+03
1.019700146150555952e+03
1.032509430840879304e+03
1.035790255731282514e+03
1.018301790871441767e+03
1.034991117553899130e+03
1.012663116065445251e+03
1.017253484120025405e+03
1.018831827133180354e+03
1.017713297724189033e+03
1.026179730167536945e+03
1.022607827310906600e+03
9.999749593648457449e+02
1.022008374814254353e+03
1.038403862671483921e+03
1.016260188647882273e+03
1.017772467437795967e+03
1.021901004629672570e+03
1.036566474184951630e+03
1.015262497509563900e+03
1.016958947283467182e+03
1.004260166758578634e+03
1.010914171349975504e+03
1.017322828511958733e+03
1.003427045960685291e+03
1.018742786225445343e+03
1.024694907102072875e+03
1.013223607779449026e+03
1.007163558962276170e+03
1.031430906883222633e+03
1.032536538949666920e+03
1.010308517401878134e+03
1.025740290343713241e+03
1.022003000065858828e+03
1.027951228210954923e+03
1.017034127275851120e+03
1.009768874980793157e+03
1.030018174832208388e+03
1.021501617007925233e+03
1.009915328046555942e+03
1.003763583139034608e+03
1.010359839545776254e+03
1.014372537069602458e+03
1.024369964987377216e+03
1.022823131386259774e+03
1.025962795881140437e+03
1.018364809043050514e+03
1.015906205061830178e+03
1.005012355917221043e+03
1.017925197393546682e+03
1.000622823850752525e+03
1.001023502954160563e+03
1.017756466301795285e+03
1.007579175794142884e+03
1.006143951090417545e+03
1.016278930016853224e+03
1.013010868154213540e+03
1.014136341277448764e+03
1.002735499344890286e+03
1.010127354662994890e+03
1.007995887178857629e+03
1.008895669253544156e+03
1.008258302991150686e+03
9.957804523238384036e+02
1.024597249671604459e+03
1.005260810226338663e+03
1.010771774932115136e+03
1.023040794188964014e+03
1.013509009451224983e+03
1.022177232194293197e+03
1.009222233525289198e+03
1.017363817468551360e+03
1.019345160113432485e+03
1.019557932872541301e+03
1.019186923216309310e+03
1.008210402555358996e+03
1.013073872811103797e+03
1.023690682805781080e+03
1.000245767232631692e+03
9.987583090860802031e+02
1.019790202266442748e+03
1.009650441989551268e+03
1.030873600233510842e+03
1.001279594685667121e+03
1.007243372349322158e+03
9.862203322720911274e+02
9.962297427363486122e+02
1.009517955462297550e+03
1.015889204372575932e+03
1.009230566105544085e+03
1.008038799238705792e+03
1.005821632683173675e+03
1.018164965037481466e+03
1.019649772888991833e+03
1.001730796504290652e+03
9.956274893705304976e+02
9.970501139625104088e+02
1.018110985432909843e+03
1.019118122391821998e+03
1.005174940358099093e+03
9.977223910708094081e+02
1.000628892383234756e+03
1.010399156664695511e+03
1.016833778348523879e+03
1.024888452177912995e+03
1.011814162935181798e+03
9.959438754862899259e+02
1.011925132919036514e+03
1.019985504653393946e+03
9.986867630069069719e+02
1.007137647147225380e+03
9.798125393960398242e+02
1.004875444911347699e+03
1.006754031069936332e+03
1.002389449606908556e+03
1.012502074967007047e+03
1.015847019578919458e+03
1.000778729098750773e+03
9.991698375007193818e+02
9.998524983575299530e+02
1.006450254492663589e+03
1.011959526781013665e+03
1.000830078288543405e+03
9.945486965217618263e+02
9.898733429669709949e+02
9.973354793381909076e+02
1.020405864986442566e+03
1.005112679306168502e+03
1.015716902371741980e+03
9.956204425033575944e+02
9.960563591491585385e+02
9.944038674902170669e+02
9.898619788303736868e+02
9.908156384691322955e+02
9.976420982661804828e+02
9.959906949163854506e+02
9.889188984556891455e+02
9.904415633961115191e+02
9.887568473316488280e+02
9.800930718772308410e+02
9.860820696583214158e+02
1.013346311679632095e+03
1.003992756921462387e+03
9.950674200739561002e+02
9.945240314383765963e+02
1.000292531084064535e+03
9.829208169887209579e+02
1.001431825684077126e+03
1.005156358351065478e+03
9.991271891504545692e+02
9.839366071882222968e+02
9.959336798888448357e+02
9.956197487146570211e+02
1.000420324186268431e+03
9.894932894381244068e+02
9.884532623058904619e+02
9.913233617934184849e+02
9.889277921406808218e+02
9.785223449111854279e+02
9.987360306816915454e+02
9.846442836487232171e+02
9.929241375084177434e+02
9.971723408307750560e+02
1.000014654528789833e+03
9.946538102368890577e+02
9.988819009360663586e+02
9.991909874116394121e+02
9.930250189100564739e+02
9.869172201704870986e+02
9.930969809628177245e+02
9.884040882218288289e+02
9.860195151872063661e+02
9.783415688704483273e+02
9.924311631479420157e+02
9.925992578089233120e+02
9.792056774597831463e+02
9.843926565114146570e+02
9.943261753729653947e+02
9.890742434042949753e+02
9.879096149101583251e+02
9.742548725549089568e+02
9.920902681246458314e+02
9.953400664252999377e+02
9.934169732123588119e+02
9.777035284987891828e+02
9.930763388319063552e+02
9.961952957404055269e+02
9.874892359993751825e+02
9.982371991269735645e+02
9.901363641644234121e+02
9.807133881595821094e+02
9.869763813751682164e+02
9.902568318417963837e+02
9.901198325906274249e+02
9.992716120574734759e+02
9.915209615732946986e+02
9.900723446152272800e+02
9.684625043709760348e+02
9.896944519583839792e+02
9.936548973672050806e+02
9.814517197351266304e+02
9.762730742540182973e+02
9.846971826077708556e+02
9.882811020107640161e+02
9.775723433674139642e+02
9.898308040114229698e+02
9.812138489792947667e+02
9.909279548151799872e+02
9.884508179012364053e+02
9.781220912059953889e+02
9.780309383747771790e+02
9.828625475512825460e+02
9.595694499743736969e+02
9.801595904063768785e+02
9.720319971527744656e+02
9.713445153321346197e+02
9.757641046266129479e+02
9.702529301102708814e+02
9.968417245358903074e+02
9.870665641530233643e+02
9.699072663786972726e+02
9.693732667485637648e+02
9.796454124332731226e+02
9.844463107814748355e+02
9.823633707860954019e+02
9.877864067147478409e+02
9.736366195315719096e+02
9.767945443870429472e+02
9.792826834049676563e+02
9.981123408041487437e+02
9.779293661112012614e+02
9.931783925295488871e+02
9.906248070267321282e+02
9.776662845725173838e+02
9.630670258641708870e+02
9.946401002503858990e+02
9.788398384629106204e+02
9.844647015557679879e+02
9.723240045175172099e+02
9.691198448761197142e+02
9.771627805887769682e+02
9.795286770302094510e+02
9.802312337846863102e+02
9.771824355831835192e+02
9.788697379716721798e+02
9.622760433500401405e+02
9.795368588251504889e+02
9.661820327104977650e+02
9.673189549632212447e+02
9.789069600850601773e+02
9.852865099951247885e+02
9.575649209256362155e+02
9.725507019336549774e+02
9.632187381065228919e+02
9.863855763926948157e+02
9.643614486606198852e+02
9.662724790846627911e+02
9.810928264165924020e+02
9.792744362673792011e+02
9.741717593522454308e+02
9.698068955146389953e+02
9.670607629012835105e+02
9.778908892299616582e+02
9.598084790570848099e+02
9.480000624597761316e+02
9.801356897081886927e+02
9.645456549548406429e+02
9.722908170247692397e+02
9.666970138429342114e+02
9.617806194542027924e+02
9.627014931316618913e+02
9.589949942660855413e+02
9.555671530477918623e+02
9.665334584955284072e+02
9.587892046277145255e+02
9.764073681351827645e+02
9.773181748427825823e+02
9.579093281083818283e+02
9.781335505952346239e+02
9.576038241944302172e+02
9.559489266298573966e+02
9.713611351311142244e+02
9.675049480614702588e+02
9.709973510400449186e+02
9.567383499975431960e+02
9.652751955194542006e+02
9.642039196128697540e+02
9.539300293481697963e+02
9.732362119041729329e+02
9.750685415406296670e+02
9.529821500287939671e+02
9.700332390780843070e+02
9.467777524555875743e+02
9.745550788624981351e+02
9.575608198710237957e+02
9.565474875003276338e+02
9.484145052704029695e+02
9.370209471608133072e+02
9.497381134449174169e+02
9.524615940480415475e+02
9.478467125732150862e+02
9.418770950619980340e+02
9.738524580338701071e+02
9.666734340406979982e+02
9.703320068755718921e+02
9.657821301489370853e+02
9.522414364310224073e+02
9.454419555370584476e+02
9.627256968385026994e+02
9.500289629679747350e+02
9.684183675901973629e+02
9.588114829981185494e+02
9.508455251887351096e+02
9.541437547636309091e+02
9.514659974433848220e+02
9.568357871581978316e+02
9.610830560337604993e+02
9.573105166613144092e+02
9.532260450010728619e+02
9.518728787249956440e+02
9.630323550293546759e+02
9.576458697997852596e+02
9.650325336713426623e+02
9.492532322364813808e+02
9.726172045819955656e+02
9.400240361758652625e+02
9.292188225902311842e+02
9.518332750156329212e+02
9.492883336970121491e+02
9.406756394149285825e+02
9.458437354651799751e+02
9.538007562482582671e+02
9.518971886823700288e+02
9.551628380535112228e+02
9.586048904882915167e+02
9.638641271600541813e+02
9.565205726170347589e+02
9.422971872806134570e+02
9.424400464406274978e+02
9.371002190288395468e+02
9.436462325679973446e+02
9.400940100644113500e+02
9.556854385924805229e+02
9.551319765627065408e+02
9.369892771037270904e+02
9.558233066953918069e+02
9.486988602067330021e+02
9.639672504320980124e+02
9.360794196855621294e+02
9.445474190298097028e+02
9.526692500118165299e+02
9.458397306190897780e+02
9.389723104206065045e+02
9.389793675108818434e+02
9.437862372775066433e+02
9.487147773985827826e+02
9.616906163132066467e+02
9.477952132741543210e+02
9.646297093398569586e+02
9.393679450075344448e+02
9.320833801388779420e+02
9.403849058726217436e+02
9.361860193203806375e+02
9.456370583383704798e+02
9.473147975528004281e+02
9.426774788920807850e+02
9.435705629823951313e+02
9.371949570362711484e+02
9.340996982519808398e+02
9.398497931881687464e+02
9.596865300081225314e+02
9.393270245347290484e+02
9.472713236514495065e+02
9.383663369003973003e+02
9.309845258261447043e+02
9.427987298893606294e+02
9.346305378013903464e+02
9.361547296371063567e+02
9.382066957763935307e+02
9.497999381458449761e+02
9.267996773084098550e+02
9.321766503797182395e+02
9.376910807841132964e+02
9.365648893310182075e+02
9.413616936269075950e+02
9.294282693824292210e+02
9.374083537692839627e+02
9.393855975358718524e+02
9.370323950288648120e+02
9.320201633871992044e+02
9.302877125182826603e+02
9.394030001259109213e+02
9.269706293146016378e+02
9.314812050752541381e+02
9.305567212403079793e+02
9.414360706524785201e+02
9.337458796792427620e+02
9.233172770007306553e+02
9.282336619628729295e+02
9.376512373249455550e+02
9.397836565915381470e+02
9.302607354402016426e+02
9.356500846564250651e+02
9.342352348481158515e+02
9.371816290211205569e+02
9.264760222825865412e+02
9.346265063514478015e+02
9.307938386666386350e+02
9.223877145111274558e+02
9.277372183903727318e+02
9.358463544710784845e+02
9.298391109971671540e+02
9.334179886367312520e+02
9.201602582487934114e+02
9.243847186620239427e+02
9.227679713564932626e+02
9.277527274068705765e+02
9.292140363039580961e+02
9.321108881322110165e+02
9.185503261971856546e+02
9.210635759627566586e+02
9.252910743555795534e+02
9.151288604593493119e+02
9.177021115600783787e+02
9.178410762767803135e+02
9.390267667212838205e+02
9.273186385352034904e+02
9.363812690928398297e+02
9.277599562984848944e+02
9.273218601800847409e+02
9.169495711039908201e+02
9.171470457274825776e+02
9.171984269512385026e+02
9.369039321893359329e+02
9.204861713764116757e+02
9.208025474585941765e+02
9.180324549194151587e+02
9.157047161967543616e+02
9.113308236752814082e+02
9.219763404533005087e+02
9.151764390503976756e+02
9.071996555121144183e+02
9.174237306284308033e+02
9.113896617349822691e+02
9.065369599098380604e+02
9.205961104255352438e+02
9.049067118985472007e+02
9.226430654700191099e+02
9.271715052974263926e+02
9.118431255802414626e+02
9.198302649643687801e+02
9.190476790561777989e+02
9.272266368418497677e+02
8.985879132872720447e+02
9.207254243813532639e+02
9.168376193585446572e+02
9.095417432795176182e+02
8.989288076641489624e+02
9.188770318783167568e+02
8.951891633718453249e+02
9.077340322896332054e+02
9.214804947883691284e+02
9.108104364963584203e+02
9.018624408911501860e+02
9.209852283199983276e+02
9.108083449551080548e+02
8.914996714701341034e+02
9.041110851509497479e+02
9.159936008442135744e+02
9.040041196862468951e+02
9.195401897666893092e+02
9.008042542071200387e+02
9.109499431450954035e+02
9.084562375964783314e+02
9.020573216435384438e+02
9.124896891615705954e+02
9.124857323286908013e+02
8.914482939978239529e+02
9.134631752808537613e+02
9.123892242858737518e+02
9.033352069294629700e+02
8.989064114106987518e+02
9.194283511234713160e+02
9.187301121697349799e+02
8.925751130088723357e+02
8.870573443282548851e+02
9.013424139461648110e+02
9.108846759590534248e+02
8.880864420349550983e+02
8.925098222854646792e+02
8.987704939096608996e+02
9.068131474023828105e+02
9.037507077878258315e+02
8.986203204597518379e+02
9.140399071812820466e+02
9.019926479354223829e+02
9.068554887644322662e+02
8.968969540117652741e+02
9.041208547125146424e+02
8.995629754858583738e+02
8.867021000420561450e+02
9.057441637349821804e+02
9.056165003510533325e+02
8.948882862540506267e+02
8.734781740753450094e+02
8.941891914761005182e+02
9.077461688838230884e+02
8.801022370212502892e+02
8.900825849804009522e+02
8.949042849510847191e+02
8.960815697975556304e+02
8.930485768867376919e+02
8.924064779858456404e+02
8.920790336786531043e+02
8.821972320590930394e+02
8.877479035773561691e+02
8.920466190465045884e+02
8.769678704401869709e+02
9.028785227288470878e+02
8.902333404679394562e+02
8.861024270285292914e+02
8.882264989440515137e+02
8.917337890323841521e+02
8.795681299625281326e+02
8.787004304868875124e+02
9.003540649019581679e+02
8.902221437832947686e+02
9.049402149942882261e+02
8.855829464469300092e+02
8.887885216821262020e+02
8.903402737826634166e+02
8.871223525132060104e+02
8.950555852503212009e+02
8.711984004861093354e+02
8.748105012305576338e+02
8.777060446008102872e+02
8.911036324986896489e+02
9.068925760262097810e+02
8.715747233828914204e+02
8.793395247042923302e+02
8.872293416513687134e+02
8.679640943640080195e+02
8.771985198653474072e+02
8.807149961270615677e+02
8.996435441746255037e+02
8.754333180162318513e+02
8.768383202977349811e+02
8.615496048225943468e+02
8.707318187287686442e+02
8.689064087900356981e+02
8.805878539914453995e+02
8.770397931357113066e+02
8.824971368120211537e+02
8.831845450142232039e+02
8.765751407760692473e+02
8.858924728352915281e+02
8.872650981801293710e+02
8.772912251802126775e+02
8.742630038998054260e+02
8.671268364126453889e+02
8.799279041089642988e+02
8.902899344919582063e+02
8.644639494138990585e+02
8.849804912918522177e+02
8.718908063072153709e+02
8.630779120589832019e+02
8.788691280602741926e+02
8.623842517888834891e+02
8.617962493447789711e+02
8.521341072211121173e+02
8.719072381860984251e+02
8.706405344804851438e+02
8.712803133456693558e+02
8.715213144435701906e+02
8.599837282450915836e+02
8.676323845057363542e+02
8.899705494591437400e+02
8.661275105088105875e+02
8.537285716759531624e+02
8.564023661154138836e+02
8.628911100621072592e+02
8.715998753623889570e+02
8.774495644918528114e+02
8.734934070079929143e+02
8.681492621329900885e+02
8.689437121209303996e+02
8.702035961243299198e+02
8.805099408692552743e+02
8.682842175144888870e+02
8.740937260171205025e+02
8.560406745046913102e+02
8.653410554973506805e+02
8.529125304120383362e+02
8.665742256186580335e+02
8.539354441503851376e+02
8.504328352401375923e+02
8.603789043364816962e+02
8.664641365279138654e+02
8.602672102477060889e+02
8.637323046004494245e+02
8.484164991784712129e+02
8.798410483369937083e+02
8.426144647713008453e+02
8.459943941259073199e+02
8.582446246035756303e+02
8.621579474239861156e+02
8.627095033820819481e+02
8.651744043908632875e+02
8.500644571242952452e+02
8.544822569200374573e+02
8.441109466426670451e+02
8.746262750872987226e+02
8.578846684218135579e+02
8.691271732949081752e+02
8.673119842555356627e+02
8.559748787263081340e+02
8.714372235980251844e+02
8.590327997597011063e+02
8.574682229560387441e+02
8.578733863702951794e+02
8.456567018005231375e+02
8.652498503028517689e+02
8.498508204213471799e+02
8.521900415057699547e+02
8.511268792574499003e+02
8.492933532461207733e+02
8.592815118004301667e+02
8.630146192638201228e+02
8.475712911851701392e+02
8.455699189025265241e+02
8.482867712532045061e+02
8.515836765986988439e+02
8.423294889631955584e+02
8.424323571970468265e+02
8.556469670026691574e+02
8.360545365911358431e+02
8.556198168021786614e+02
8.389687084057334232e+02
8.389440184146632191e+02
8.408579997921029872e+02
8.497324105936688738e+02
8.495591360414011888e+02
8.306053208128365668e+02
8.392535337214429774e+02
8.450776966382919682e+02
8.517511283680207725e+02
8.425711337810724899e+02
8.533261724016839480e+02
8.185366849746375237e+02
