8.518373080183724824e+02
8.519718498203543504e+02
8.478505414676437795e+02
8.448343841168327799e+02
8.315928014207783008e+02
8.413178454248457001e+02
8.462510470312770394e+02
8.390021095551960570e+02
8.465437189002648211e+02
8.496116491157032442e+02
8.421721236407622655e+02
8.440337309815699882e+02
8.518656729076699321e+02
8.431328262694277100e+02
8.431355338558288395e+02
8.361635066213890468e+02
8.276726159797291302e+02
8.519610853715162193e+02
8.423719752322090244e+02
8.391449874561067190e+02
8.452069190086133403e+02
8.386204875415969582e+02
8.499587394007131707e+02
8.391856755957580845e+02
8.335175208909547564e+02
8.486202398898807360e+02
8.445245565649569244e+02
8.293445669736679520e+02
8.322754648397417441e+02
8.432436166621650955e+02
8.514224337288995912e+02
8.470605684751450326e+02
8.459156845037733774e+02
8.404492121818691430e+02
8.465121142525574669e+02
8.397116329137612638e+02
8.449231357666169515e+02
8.529095086021486622e+02
8.462695818013269218e+02
8.364909268597981509e+02
8.557264758565128204e+02
8.409574779198990200e+02
8.378706315941707317e+02
8.335673154869122072e+02
8.352076996136595426e+02
8.541943743551696571e+02
8.631516650970111186e+02
8.361542981146151305e+02
8.278172336807757574e+02
8.293843645973130378e+02
8.541427025155848014e+02
8.534364781101477320e+02
8.576423330352307630e+02
8.477685826059932879e+02
8.523406068126613491e+02
8.463927163570832590e+02
8.477435084284140885e+02
8.679687917799822117e+02
8.449966361595003264e+02
8.477574631117468016e+02
8.528597426318987118e+02
8.494492113738816670e+02
8.444731253866315228e+02
8.454451809220339555e+02
8.399670918957643835e+02
8.470799212566881806e+02
8.526855959409358547e+02
8.633623981792494533e+02
8.460424487560441094e+02
8.476371095900479986e+02
8.292377106167742795e+02
8.360260439172519682e+02
8.456034273454425829e+02
8.443397227258456041e+02
8.434497981143628067e+02
8.487647583662811712e+02
8.486365382029810007e+02
8.515004379875121003e+02
8.380563350091271104e+02
8.512323676675675870e+02
8.402734976300597509e+02
8.513768204035161489e+02
8.542708975788524413e+02
8.527240289753386833e+02
8.535503416485015578e+02
8.481727550039772723e+02
8.537776908964416407e+02
8.508714858501529079e+02
8.553251789986640006e+02
8.532579376252110706e+02
8.580762992228985695e+02
8.608217457416328671e+02
8.549240823759538443e+02
8.504591501934139615e+02
8.569138376186967889e+02
8.418582457912877999e+02
8.494425023217111175e+02
8.492200739579120636e+02
8.499386216289659615e+02
8.586861507378168881e+02
8.349617658532970381e+02
8.503245332715613358e+02
8.359085291537412559e+02
8.544510584607246528e+02
8.405431319893409636e+02
8.600309899029020926e+02
8.446851977982945527e+02
8.639518454397461937e+02
8.462795055146423238e+02
8.660118322810893687e+02
8.388707728268733490e+02
8.547256301784627794e+02
8.521096812516575483e+02
8.591572895869860531e+02
8.521921958717589405e+02
8.451818046959149342e+02
8.554273066490458177e+02
8.417287819445199375e+02
8.573580897614012883e+02
8.493825163248257013e+02
8.640456113198531511e+02
8.606622245924037315e+02
8.483823187814799667e+02
8.563912025304267672e+02
8.732500425104567512e+02
8.479357855634694943e+02
8.519541963891765590e+02
8.744558566315336066e+02
8.450918795680753419e+02
8.560061845168252148e+02
8.629385406026668761e+02
8.538332321953735118e+02
8.561152061347456765e+02
8.544201926034868393e+02
8.409637620806034874e+02
8.667139767257215226e+02
8.355562405314462922e+02
8.481501945696450093e+02
8.562707052804468049e+02
8.517804111783340204e+02
8.587509719160484565e+02
8.490306623500092655e+02
8.449555452860116702e+02
8.385749646898814262e+02
8.679321946816662603e+02
8.479912449114150377e+02
8.515050985224086162e+02
8.554828278781881181e+02
8.571710292915228138e+02
8.492630578198745752e+02
8.563874232271014080e+02
8.576082307184998399e+02
8.501666021870761369e+02
8.503652072816637428e+02
8.557060533238598055e+02
8.564293412714289389e+02
8.564548691954780679e+02
8.401319333689423274e+02
8.529272537486019701e+02
8.719300628783157663e+02
8.495741650356209220e+02
8.516224212422453093e+02
8.580022108164884003e+02
8.677965807622775856e+02
8.605732735179166184e+02
8.671656681183485489e+02
8.648696131035985672e+02
8.676136808149242370e+02
8.520139582028934910e+02
8.688135240748708839e+02
8.807587947721608543e+02
8.651368368578325772e+02
8.505525717968988602e+02
8.440787520511825051e+02
8.583101201183221747e+02
8.616010869091330733e+02
8.572437828171537149e+02
8.576500604998764175e+02
8.579892829020479894e+02
8.599170808416489535e+02
8.494606478738501210e+02
8.691824021152591513e+02
8.508895048786464486e+02
8.600952280403193981e+02
8.736562904631467745e+02
8.742825422609301995e+02
8.668529886327379472e+02
8.466128792047096567e+02
8.748876511555193929e+02
8.702405782883452048e+02
8.772464619748272980e+02
8.725361204164196351e+02
8.485774810570172804e+02
8.562862761077579989e+02
8.661044362427293208e+02
8.645968396250631258e+02
8.636591763089226106e+02
8.671196334223418489e+02
8.642604852964028623e+02
8.645681424369167871e+02
8.607911018082236296e+02
8.653456024963528534e+02
8.638312509796548966e+02
8.614996368837181535e+02
8.588316562430583190e+02
8.641032548725731885e+02
8.589024236493285116e+02
8.632706669835046114e+02
8.625565592403278288e+02
8.648068667037299520e+02
8.652259475771043071e+02
8.626623146996554397e+02
8.658200121134067331e+02
8.657750327091051759e+02
8.632727561565473025e+02
8.574459795444887504e+02
8.630604364409272193e+02
8.627291599556508572e+02
8.555901938076499391e+02
8.663660393870603684e+02
8.442135280464642619e+02
8.596753426477253015e+02
8.814743902674382525e+02
8.751154022247443436e+02
8.546581660569731866e+02
8.677779991751812076e+02
8.706005829854503872e+02
8.541798064759523186e+02
8.705781544591221746e+02
8.593994187080013489e+02
8.586471237834142585e+02
8.592203535576007880e+02
8.743052657744195812e+02
8.638904723315183674e+02
8.743997552404072167e+02
8.498628123767248326e+02
8.684103332865199718e+02
8.694152608103960347e+02
8.514806828063371995e+02
8.704130585189860767e+02
8.730479642401481897e+02
8.691085274038445050e+02
8.742588960791350701e+02
8.724539187860917764e+02
8.707317439292376093e+02
8.705120185990273285e+02
8.519595144502435460e+02
8.643036516488994039e+02
8.569913736488385894e+02
8.683364785605660927e+02
8.707925627817744498e+02
8.599549490565567567e+02
8.759699777643227208e+02
8.659221074372876501e+02
8.735914674421981090e+02
8.557625013200406556e+02
8.672460746389934911e+02
8.620118053116315195e+02
8.694797755671615960e+02
8.874759510665119251e+02
8.606759969419638310e+02
8.593464270356028010e+02
8.687183105930890861e+02
8.623886537395462710e+02
8.875564140243561724e+02
8.869546354710497553e+02
8.712845953326570907e+02
8.567391127655640730e+02
8.631922931822479086e+02
8.810453575374392585e+02
8.663270807853425595e+02
8.560790563207184505e+02
8.596642260848574324e+02
8.754206826028848809e+02
8.748498567856770478e+02
8.745839202222350650e+02
8.682771427488680729e+02
8.689038445735022833e+02
8.803406020262681295e+02
8.815568877053721053e+02
8.724701685078252922e+02
8.844966303971705202e+02
8.568428704996109673e+02
8.802032530085824646e+02
8.692972915360243178e+02
8.747021348497179360e+02
8.763583058348314125e+02
8.769521506118953766e+02
8.556992861577342637e+02
8.601104632804012908e+02
8.728314886148020832e+02
8.755781596996346252e+02
8.746049646924695935e+02
8.681110643088353527e+02
8.840132816730041441e+02
8.768697238832687617e+02
8.799024245981877357e+02
8.733748428354597308e+02
8.802926959621100877e+02
8.726152335303008840e+02
8.572013523874541079e+02
8.749658596294614199e+02
8.628094902466373242e+02
8.743029873165500021e+02
8.840092090769296647e+02
8.876041992255518380e+02
8.564471662343208891e+02
8.736465499496175653e+02
8.663830596773877915e+02
8.722223831259543658e+02
8.754139220158722310e+02
8.884692541036220064e+02
8.787009109438787391e+02
8.659861095179841186e+02
8.717181999912718311e+02
8.722494053288942268e+02
8.582689996958492884e+02
8.884291341903788179e+02
8.825964745361711721e+02
8.793867432217101623e+02
8.713490789109393972e+02
8.819511397052442589e+02
8.911626516424873898e+02
8.647590863179212874e+02
8.688769257951537384e+02
8.787328911226578612e+02
8.832424949836628230e+02
8.699222551213141514e+02
8.827189582026582002e+02
8.732933489305925150e+02
8.718250317475007023e+02
8.852885166195993634e+02
8.773924267492370745e+02
8.772509315956399405e+02
8.737309766291738242e+02
8.779155762180241709e+02
8.882393658230436131e+02
8.745026260047990263e+02
8.747300098450676842e+02
8.650839339392236980e+02
8.687725622830057546e+02
8.707831657484802008e+02
8.723489596409083333e+02
8.773833191496772770e+02
8.818202575950632536e+02
8.820608114789158662e+02
8.732070686723847075e+02
8.853224137957338371e+02
8.777808511418053286e+02
8.717870209171753686e+02
8.731482297111465414e+02
8.818106833906776956e+02
8.958074216856891780e+02
8.729735450642434671e+02
8.873058976072965152e+02
8.817687546295752554e+02
8.754928476438589087e+02
8.861074010802232124e+02
8.649188342231061597e+02
8.710487102393836949e+02
8.644800628879189617e+02
8.800918500995522891e+02
8.906879989516212390e+02
8.936770719850634350e+02
8.876740237638089184e+02
8.815722556168235542e+02
8.885286544622034626e+02
8.762612591781531819e+02
8.847428791465300719e+02
8.828984600487580110e+02
8.731055968966664977e+02
8.819740809310643499e+02
8.784822329312403326e+02
8.833810914648371408e+02
8.740166074518523374e+02
8.887858176076825885e+02
8.806379808991737264e+02
8.819135128444335123e+02
8.686734409560248196e+02
8.724287602702570439e+02
8.765732499312272239e+02
8.891509994224509228e+02
8.736823614407223886e+02
8.741086425248824980e+02
8.715634185727701606e+02
8.948605452209104669e+02
8.900042629449056903e+02
8.870381359496703908e+02
8.799872412346531974e+02
8.696086836508829947e+02
8.778240446353513562e+02
8.870765231089254712e+02
8.889896480998087327e+02
8.695865173677420898e+02
8.715320517888211498e+02
8.712428420897787191e+02
8.980705464915192806e+02
8.849729460300287656e+02
8.808761610403395252e+02
8.930170864243035567e+02
8.876718283303052885e+02
8.706834877886315098e+02
8.884363749098483822e+02
8.892725077390168735e+02
8.877588279059996239e+02
8.971306533654583291e+02
8.840742289723386875e+02
8.857616804891237052e+02
8.856076124779738166e+02
8.955673455672840646e+02
8.634168062183186976e+02
8.991308035685419782e+02
8.964923979551294906e+02
8.824066163408732564e+02
8.721837478318262811e+02
8.814360937266716292e+02
8.769173983776881869e+02
8.783129401157791563e+02
8.955106821383739089e+02
8.830447913701793823e+02
8.844796892865883819e+02
8.857113140888496901e+02
9.022946738930361334e+02
8.836331430402003662e+02
8.873690698930643066e+02
8.912275333544355362e+02
8.837979705827208363e+02
8.919199607321249914e+02
8.758686904301139293e+02
8.822805300008158156e+02
8.929746063464261852e+02
8.996413471755261071e+02
9.071894454767259504e+02
8.807578857138551029e+02
8.775960982903374088e+02
9.003779321489319045e+02
8.891251100022977880e+02
8.898019945245499684e+02
8.845643927369151243e+02
9.074111721082372242e+02
8.744756613373011760e+02
8.848208796426056324e+02
9.009988939019885947e+02
9.090500203822805361e+02
8.957254539819664387e+02
8.845546718816832481e+02
8.910599265092517953e+02
8.939559679293220142e+02
8.842219022579262173e+02
8.850672224000693404e+02
8.920023825395688846e+02
8.914178376133166921e+02
9.031251306557625185e+02
8.972647389929982182e+02
8.951222091147111541e+02
8.948673594096305806e+02
8.932540987293355101e+02
8.998757488655336374e+02
8.876383094447228359e+02
8.908818163514756634e+02
8.846018075012722193e+02
9.018005645596075510e+02
8.913449538812246828e+02
8.843269667501593858e+02
8.935607651317943692e+02
8.884375408560816823e+02
9.009282288500239702e+02
8.898300156561651875e+02
8.898225761662296236e+02
8.761817696649683285e+02
9.010773229064205907e+02
8.820070898434156561e+02
8.901646218482833319e+02
8.924095367561562853e+02
8.863808555273981256e+02
8.843543917991995613e+02
8.836192692635607955e+02
8.930329975643717262e+02
8.912556249303195273e+02
9.042703166679204969e+02
8.898418475512218038e+02
8.922050248001346517e+02
8.928420964890799496e+02
8.975314681055939445e+02
9.039962951648548142e+02
8.982978099111617212e+02
8.906090002073823371e+02
8.931614284806854585e+02
8.968035106944380459e+02
8.948558043715595431e+02
8.889908186436861115e+02
8.828910037463449498e+02
8.826760927993897212e+02
8.952196567587401432e+02
9.151415292565825439e+02
8.902789754649701308e+02
9.093363516054496358e+02
8.968686543862293092e+02
9.028184161587438439e+02
9.143067999133195372e+02
8.864315355700109649e+02
8.912284651018580917e+02
9.034916421496036492e+02
8.839287192928965169e+02
8.982498197348048734e+02
9.079990170951841719e+02
8.795016582554023898e+02
8.929254020448964866e+02
8.858813104793825914e+02
9.023075669435866075e+02
9.011260069204718093e+02
9.005806070842234021e+02
9.014535823058574806e+02
9.227075637547150109e+02
9.000078034648014409e+02
8.807179781561789014e+02
8.883385441495630630e+02
8.961370021523496234e+02
8.869863769618011702e+02
8.884935749095889150e+02
9.039339587546369330e+02
9.058895954310630714e+02
9.003720845758018640e+02
8.927500490443811714e+02
8.933480847205829605e+02
8.935938546952753541e+02
9.017869963646471660e+02
9.050238284972833753e+02
8.920345973553365866e+02
9.054681403311742542e+02
9.139770267282985969e+02
9.004419825847287484e+02
8.988688016347116445e+02
9.201175949966446979e+02
9.093107106549859964e+02
9.082221604733132381e+02
8.899033403927107884e+02
9.016705686295842952e+02
8.888328978247755003e+02
8.977036021953836098e+02
8.957745417432929571e+02
9.054912650245565828e+02
9.025083909043256654e+02
8.845514049091635798e+02
8.977978221143645214e+02
9.195626530829920284e+02
8.953802315160555736e+02
8.979167971720861487e+02
8.978244255054736414e+02
8.997804073539114142e+02
8.974347534251110119e+02
8.937190996881184901e+02
9.098375312568012987e+02
9.068316363859106559e+02
8.896384010086510443e+02
9.083284048999231572e+02
8.942746556807582010e+02
8.974995970031393426e+02
9.017674621156533021e+02
8.918868347371995924e+02
9.147627867637251029e+02
9.043412250825949741e+02
9.001675126463879906e+02
9.189901646050230966e+02
9.062588344990027736e+02
9.073991374484066910e+02
9.109305794749033112e+02
9.078667035469071607e+02
9.122099917003209839e+02
9.047468589145835267e+02
9.159211662169154806e+02
8.984858469075442144e+02
9.056532850816024620e+02
9.048063951543521171e+02
8.969999448175287853e+02
8.993182522242910863e+02
9.171285576187435709e+02
8.988763843707230308e+02
9.065890613735671195e+02
9.055807797052625574e+02
9.245725474345479142e+02
9.062807766366979649e+02
9.137174385286629104e+02
9.121495129498957795e+02
9.070036229042495961e+02
9.086072548744187998e+02
9.112426830916114113e+02
9.006139701829548585e+02
9.202500510332426984e+02
8.996689416205431371e+02
8.984850761019007450e+02
9.152229429511369290e+02
9.008526541675792032e+02
9.156652091187955875e+02
8.971228765146439628e+02
9.033439231933168685e+02
9.088737153786255476e+02
9.186708193644981293e+02
9.068311006532554757e+02
9.111616096657239723e+02
9.176483390886496636e+02
9.116514190685038557e+02
9.197808096735818708e+02
9.087658072139320211e+02
9.167356923365741750e+02
9.042090647065385838e+02
9.249662770269474095e+02
9.281782010170238664e+02
9.048109319282914385e+02
9.022123326625143136e+02
8.994544126093404657e+02
8.971720226995294070e+02
9.164707816589165077e+02
9.104199009927256157e+02
8.955163411399706774e+02
9.154973766062660161e+02
9.085098086730259865e+02
9.052508686834769378e+02
9.103386098505148993e+02
9.099732882936094711e+02
9.135014259917923027e+02
9.162346309844682537e+02
9.070247874140803788e+02
9.075223781019392391e+02
9.210875300253737805e+02
8.898761727409308833e+02
8.998164154384538733e+02
9.061675962011611318e+02
9.114439716922746584e+02
9.109582156317902673e+02
9.100342026691246247e+02
8.956073828920332289e+02
9.073090568296614720e+02
9.134703803492711813e+02
9.085744324567082231e+02
9.070266116046968818e+02
9.087679371275485209e+02
9.110025036321291054e+02
9.199452104332781346e+02
9.152426817841302409e+02
8.905053073847615224e+02
9.060645388897919474e+02
9.047043456783208057e+02
8.979602862845921436e+02
9.230619643208021898e+02
9.250694165849779438e+02
9.130579087197520494e+02
9.225891894520874530e+02
9.098251666509189590e+02
9.243657122818799508e+02
9.021667136571604715e+02
9.167746951812200678e+02
9.277317586018896236e+02
9.046783554568847876e+02
9.108581825236174154e+02
9.237296004084498691e+02
9.299272082489576405e+02
8.989250591013305893e+02
9.170295471642483562e+02
9.168539305311010139e+02
9.120587747455184626e+02
9.160272954186099241e+02
9.168384460284431725e+02
9.128948810734957533e+02
9.080847997014202519e+02
9.106865087182193292e+02
9.124952929930299206e+02
9.316891331003813548e+02
9.142383546054168164e+02
9.241934311345883089e+02
9.167242889908773122e+02
9.184500655230051507e+02
9.187400178460619600e+02
9.351974954867667975e+02
9.076362795007651130e+02
9.052438907978340694e+02
9.145633960474179958e+02
9.137412128703193730e+02
9.093804298454256241e+02
9.152068816339298110e+02
9.253350958651421934e+02
9.058599621628237628e+02
9.088114534181722775e+02
9.202474365757320811e+02
9.341694114032042080e+02
9.115915023521340572e+02
9.157892083204390019e+02
9.193157975324135123e+02
9.115235128022070512e+02
9.259307284917781544e+02
9.203969602513270729e+02
9.323090090945727297e+02
9.351690523558758059e+02
9.276099140586259182e+02
9.251246468457852643e+02
9.116910639227046431e+02
9.163023741941656226e+02
9.312236182757743563e+02
9.045031810882460377e+02
9.225869073269358296e+02
9.259427366811994489e+02
9.158244779746252107e+02
9.211804702611652829e+02
9.124334962947368695e+02
9.249096326490233650e+02
9.159442699640468390e+02
9.129375560712512652e+02
9.123250252195258554e+02
9.195423971961504321e+02
9.087619501888191280e+02
9.191881281622775077e+02
9.164983344265635878e+02
9.388285593915660456e+02
9.106256832481793708e+02
9.206862915034122352e+02
9.216215529016131995e+02
9.285372131164817802e+02
9.106447989945525023e+02
9.273741943684469788e+02
9.296222289922561686e+02
9.280368569620136441e+02
9.254534491883479177e+02
9.095409523902989122e+02
9.293538334424949880e+02
9.275423847889984472e+02
9.299936327274203904e+02
9.303107326808392372e+02
9.199137480588403832e+02
9.128191432998007713e+02
9.304047300859255074e+02
9.227100993303508858e+02
9.144369699589253742e+02
9.281050099808048799e+02
9.358767195561426888e+02
9.221845841224160267e+02
9.235261388943461043e+02
9.250627781580063811e+02
9.339003540968591324e+02
9.277403278502983994e+02
9.318932736317203762e+02
9.274555478622334022e+02
9.136129019514520451e+02
9.244861575070327717e+02
9.338295446399644106e+02
9.174912773185662900e+02
9.100675551736122770e+02
9.380772070539546803e+02
9.312376221453054086e+02
9.122093215379558160e+02
9.294346363708366425e+02
9.338063439682838407e+02
9.152598027835208541e+02
9.289559951409700034e+02
9.342986586145794945e+02
9.102220211114963604e+02
9.262506975611778444e+02
9.254104666199120857e+02
9.280532557889187046e+02
9.471224873758492322e+02
9.191103936572509383e+02
9.179137092801726112e+02
9.372920520333865397e+02
9.159240458846298907e+02
9.271092133406109497e+02
9.367110256817726395e+02
9.425159672836258551e+02
9.230694239223981867e+02
9.275939851794030346e+02
9.284337975326915284e+02
9.212217381627913255e+02
9.307175668371904749e+02
9.410051070865939664e+02
9.333601309674291997e+02
9.469122783704137873e+02
9.304946849175840953e+02
9.275114443571991387e+02
9.142990695110460138e+02
9.249873215174865209e+02
9.222719200176869663e+02
9.320103285953998693e+02
9.343091905807667672e+02
9.317121518018029747e+02
9.265373656517537029e+02
9.196578539419425624e+02
9.267986057975961103e+02
9.071129680047558850e+02
9.317821193547315488e+02
9.262406363883330869e+02
9.302477762178547209e+02
9.150343697052205698e+02
9.521402563840161974e+02
9.301230306639644141e+02
9.383494610342297619e+02
9.308233266690524488e+02
9.295482001081168164e+02
9.365359222657978080e+02
9.351221355258155654e+02
9.281407348359376783e+02
9.327364220450763241e+02
9.333395593460783175e+02
9.329484411607097627e+02
9.337563232043484049e+02
9.378767621530918177e+02
9.268768355102627083e+02
9.351416945396044866e+02
9.411586242356468119e+02
9.307103464047391981e+02
9.282308587895215624e+02
9.287454913753529127e+02
9.414509023597375972e+02
9.268152967543204568e+02
9.329037188532956861e+02
9.344995854172331065e+02
9.269214842021578988e+02
9.333478405689324973e+02
9.336982231988005196e+02
9.234932249166002975e+02
9.518013197041312878e+02
9.370004335407684266e+02
9.378294118954185024e+02
9.417087141863064517e+02
9.490085169014183748e+02
9.214478360290687533e+02
9.418209981489910660e+02
9.501887759326486957e+02
9.334532260069865970e+02
9.353604524805490428e+02
9.250074719446258769e+02
9.409251566792240737e+02
9.295223243951595578e+02
9.480008716281537318e+02
9.330189189103421086e+02
9.359633686504885191e+02
9.378648865420569791e+02
9.414628489375450044e+02
9.420926174183514377e+02
9.365705262049777957e+02
9.387787748845280476e+02
9.339853976260642412e+02
9.381975248520160449e+02
9.286184949462266331e+02
9.459079970012760441e+02
9.395891863960852106e+02
9.319730124450513813e+02
9.373839914222529615e+02
9.490075820757818974e+02
9.479639340017764653e+02
9.332614613697038521e+02
9.541088755025401724e+02
9.391383611567133585e+02
9.452317940682870585e+02
9.480686102006972078e+02
9.417514721473686450e+02
9.481313119622631120e+02
9.622285198978361223e+02
9.415504081743514462e+02
9.486464395097872284e+02
9.536180804413320402e+02
9.392631214474907893e+02
9.275930709991930598e+02
9.438233188718303381e+02
9.453604155442965293e+02
9.382422134429090192e+02
9.300511754559912561e+02
9.438109003107247190e+02
9.423354224016775333e+02
9.405804628631567539e+02
9.499102601525463569e+02
9.214841967075209368e+02
9.302587145877801049e+02
9.483645475979199091e+02
9.389761729681491715e+02
9.284306339772914498e+02
9.357890383714842528e+02
9.514349087958828477e+02
9.366278339719069663e+02
9.332176726429169094e+02
9.303484336709971103e+02
9.316640410177595868e+02
9.387917536226551647e+02
9.355251140183414691e+02
9.422487695172977737e+02
9.342389637471607102e+02
9.374190160536769554e+02
9.392013619564764895e+02
9.332390661401391299e+02
9.415974611338128852e+02
9.470351551368501077e+02
9.467605282415466945e+02
9.445977064840755020e+02
9.277837504347633057e+02
9.564113774903966032e+02
9.361165440962504363e+02
9.433451747067891802e+02
9.465797430080426693e+02
9.523600895126292016e+02
9.474032514242014713e+02
9.440720557899741152e+02
9.390942645934001121e+02
9.533162169362126406e+02
9.484018541835691849e+02
9.319526877452753979e+02
9.370078751827867336e+02
9.394181974636143195e+02
9.523640574391365590e+02
9.495317522818139651e+02
9.364391856745248788e+02
9.426654858607087135e+02
9.358396090464775625e+02
9.517169821205665130e+02
9.251743627302467985e+02
9.399106742700325867e+02
9.481249351634340883e+02
9.543808780888929277e+02
9.415521519012920635e+02
9.519927390455530940e+02
9.348619046379710653e+02
9.345061362701395637e+02
9.526414032852726450e+02
9.355090072521250022e+02
9.506349125826958470e+02
9.408644571916510131e+02
9.246605600430488039e+02
9.399530480877390346e+02
9.624476380061811369e+02
9.617175795068428670e+02
9.445866751785461020e+02
9.389514363923984774e+02
9.561475399292235124e+02
9.484946269313791163e+02
9.408589288138455231e+02
9.492233840755004621e+02
9.406415021073199796e+02
9.616419453301550675e+02
9.496180879906908103e+02
9.419521335650431411e+02
9.338998917172016263e+02
9.583256994899878691e+02
9.408054364319116303e+02
9.593154483410155535e+02
9.492970027625200373e+02
9.468429895799496308e+02
9.578792700274582330e+02
9.497807308936386335e+02
9.450772223026926895e+02
9.531119745394463507e+02
9.569380640292295084e+02
9.463243921159723868e+02
9.492532916558056968e+02
9.493003358144075037e+02
9.491782669920844455e+02
9.485792638596931283e+02
9.351649211968170903e+02
9.434137336746493929e+02
9.530267616860539874e+02
9.419539054310509982e+02
9.445950465659208248e+02
9.513892311864093472e+02
9.380834298809666052e+02
9.545457723706957722e+02
9.437498853064901141e+02
9.550484678224173649e+02
9.448109765375846791e+02
9.571206036363622616e+02
9.385410412427279425e+02
9.520286463948920073e+02
9.464747516565824981e+02
9.476524854957945081e+02
9.630205905212091011e+02
9.556656827777684384e+02
9.582985946506476012e+02
9.382450180992966580e+02
9.397755050664692362e+02
9.369222774595959891e+02
9.626605818596219706e+02
9.479075064837834361e+02
9.506669436857059736e+02
9.617904697833380396e+02
9.424689984790060180e+02
9.410511289517393152e+02
9.664043109092980330e+02
9.464151491891335581e+02
9.400567868734332251e+02
9.487689661751518315e+02
9.441065133124335489e+02
9.424081056991607284e+02
9.525832890046647208e+02
9.427550888178965351e+02
9.600997749871770566e+02
9.477303498987614603e+02
9.652031060953542010e+02
9.524733723525333744e+02
9.461848152988487755e+02
9.681603284582589595e+02
9.598796949004163253e+02
9.401348474924841412e+02
9.571747184407953455e+02
9.451289519742178982e+02
9.594466568099767301e+02
9.499146088482889354e+02
9.533265114154459070e+02
9.589545931714011431e+02
9.679040387387040028e+02
9.527030138921359139e+02
9.615541818573894943e+02
9.531731449724993581e+02
9.436867511771570207e+02
9.550379092416313824e+02
9.544161102935296412e+02
9.514279412585430009e+02
9.551390594534387901e+02
9.444637993399375091e+02
9.577476211746422905e+02
9.595783578738628421e+02
9.521110912120528837e+02
9.597480449013344241e+02
9.618893743947919575e+02
9.564649554125649047e+02
9.504860462393384068e+02
9.410764457500731623e+02
9.506118462685416262e+02
9.550053527129962276e+02
9.674322458677554550e+02
9.604996016875527403e+02
9.750591890992770914e+02
9.419760323092857561e+02
9.454639276572372637e+02
9.547374481057677258e+02
9.491184945727086415e+02
9.693386185585436579e+02
9.659973801285648278e+02
9.523105184679124022e+02
9.570697537711034784e+02
9.627519100169513422e+02
9.488156127785409808e+02
9.763246288934151380e+02
9.506482350969989739e+02
9.535470103479650561e+02
9.600095350734188742e+02
9.572930191513620457e+02
9.660930059670852188e+02
9.612384450613288891e+02
9.513786032214629813e+02
9.598052687024176066e+02
9.674072563037190093e+02
9.717011942823406798e+02
9.516443349850567301e+02
9.649505140284427398e+02
9.449289227129030451e+02
9.642450238652226062e+02
9.458056842756450351e+02
9.539172615733160683e+02
9.643248277439888625e+02
9.683809912899358778e+02
9.584432115628509337e+02
9.665583539843016752e+02
9.621280083289818776e+02
9.677020772206647052e+02
9.643246628509112952e+02
9.604529194070948961e+02
9.633923524482231642e+02
9.744755363506228605e+02
9.672676193264145468e+02
9.572958560099557417e+02
9.465962529823846126e+02
9.625347240875197485e+02
9.597674914618191906e+02
9.546714282235462861e+02
9.551611397199877729e+02
9.657754814977710112e+02
9.673205239982363537e+02
9.762851704595653928e+02
9.616715003897198812e+02
9.605667080926775725e+02
9.563154310670228142e+02
9.580835943825387631e+02
9.680080854600372504e+02
9.617423675226350497e+02
9.547406868487422571e+02
9.470331669370980308e+02
9.481434446630316870e+02
9.632717865517593054e+02
9.628710140544391152e+02
9.546828138011522924e+02
9.628767824251619913e+02
9.580092664708014354e+02
9.686992383103422526e+02
9.594355828267476909e+02
9.575385511518832118e+02
9.699746081390243262e+02
9.608569199795231270e+02
9.605903130341935139e+02
9.702915860188541046e+02
9.731724205865444901e+02
9.644324127728564235e+02
9.815405382610904326e+02
9.650485797337572649e+02
9.621642117638449463e+02
9.481718566927296479e+02
9.740380938172872902e+02
9.523943136496632178e+02
9.568415222124796173e+02
9.571418434704419269e+02
9.692087633105682016e+02
9.714472890171625750e+02
9.649264313442030243e+02
9.581969963870152469e+02
9.726046297172299546e+02
9.688648354654338846e+02
9.719219615742023279e+02
9.737079874253907974e+02
9.486922398096563711e+02
9.591298716533402740e+02
9.686400984813528794e+02
9.738276224608174516e+02
9.643455434279416068e+02
9.691284467511895855e+02
9.658806851861985479e+02
9.467452465311047263e+02
9.522486701226417836e+02
9.554878175024758775e+02
9.672568884465367773e+02
9.580133671420210248e+02
9.699529371892912195e+02
9.524632776098345630e+02
9.825571424687553872e+02
9.754655118345210667e+02
9.603771091854727047e+02
9.717311347801319243e+02
9.638279805539240215e+02
9.692014876275649158e+02
9.639784548919980125e+02
9.840770768396095036e+02
9.705371716620504685e+02
9.656222869100658954e+02
9.652284845317691406e+02
9.674530652002418947e+02
9.700496684960273797e+02
9.861738617085004535e+02
9.816920158184544789e+02
9.635983253066963243e+02
9.779963295721793202e+02
9.802374482519111325e+02
9.656508871229713122e+02
9.749080933131228903e+02
9.684531880262389905e+02
9.557628035232692127e+02
9.674597620296610785e+02
9.667478504268410688e+02
9.712913411448189436e+02
9.620976109022643641e+02
9.871307935799247844e+02
9.664382742841769414e+02
9.613363767669119397e+02
9.725988656760033564e+02
9.655968273633247918e+02
9.617160245438834636e+02
9.766956161449171532e+02
9.712427376427689296e+02
9.729298885995107184e+02
9.814820259494265429e+02
9.749067498844640340e+02
9.716357071338925380e+02
9.757055836710055701e+02
9.752605175266448896e+02
9.792105073169612979e+02
9.820428690089048587e+02
9.796841200848532480e+02
9.717194475232074637e+02
9.743989918608806420e+02
9.548050535470180193e+02
9.715805996389855181e+02
9.904467049908730587e+02
9.811016938999373451e+02
9.882851157090851757e+02
9.750467669171166563e+02
9.867308688313619314e+02
9.628645065221326149e+02
9.882050122422197092e+02
9.725256110049176641e+02
9.692347416285094823e+02
9.740584709308452602e+02
9.681915380872968626e+02
9.723796551749934451e+02
9.743750928332760850e+02
9.769551823399457362e+02
9.753530143388983333e+02
9.899285287526805632e+02
9.830038543798548289e+02
9.684581554630207165e+02
9.635095711551064142e+02
9.803432139113153880e+02
9.655683187490212731e+02
9.721772914495470559e+02
9.772168326515751460e+02
9.851974761955418671e+02
9.864156647509124696e+02
9.666099391105218501e+02
9.837648343343046236e+02
9.839177508954765017e+02
9.579396052906932937e+02
9.670925213162558975e+02
9.901461997899868948e+02
9.745203766222170998e+02
9.770360117669312103e+02
9.792844439770567533e+02
9.805221525473541533e+02
9.897776997674956192e+02
9.790752850257185855e+02
9.785481421414672241e+02
9.662163555172286351e+02
9.657670620918111126e+02
9.775329366026979869e+02
9.763292383657347955e+02
9.908248115724607032e+02
9.824214190667654520e+02
9.770433016523559218e+02
9.775358063845728793e+02
9.821555823177968705e+02
9.775846149720542826e+02
9.805986869432696267e+02
9.774031019199644561e+02
9.979243867154128793e+02
9.810154292725925416e+02
9.796981150097974478e+02
9.772886299538722596e+02
9.846447928931017941e+02
9.975565615337027339e+02
9.651306249953893257e+02
9.669649847622289371e+02
9.864630114816764035e+02
9.990854455425630931e+02
9.896544232147731464e+02
9.749091133062680683e+02
9.849792095873400513e+02
9.782977298526926688e+02
9.814175249495274329e+02
9.926551557719554921e+02
9.740252061589575305e+02
9.858980376420802259e+02
9.770634744467373594e+02
9.795616327382298323e+02
9.727339756083193834e+02
9.940590390852686369e+02
9.935282390247136846e+02
1.002082392163155760e+03
9.896278736420963469e+02
9.700590129022217525e+02
9.867381678056108285e+02
9.816676921491582561e+02
9.914424320004482070e+02
9.857413658932822500e+02
9.936989222261207715e+02
9.930492977303969155e+02
9.764584593535603290e+02
9.928788906409561150e+02
9.915182674140584140e+02
9.750632662257646643e+02
9.651819439551051119e+02
9.808463179568286705e+02
9.804137861939556160e+02
9.715048268439519461e+02
9.804451557039484442e+02
9.654571491779527150e+02
9.902303991430534325e+02
9.868088804507297027e+02
9.871933262014052843e+02
9.821185344597686253e+02
9.929603500106700267e+02
9.861032196901758198e+02
9.972161447399300869e+02
9.804069204154239969e+02
9.921709830415467195e+02
9.851548649292346909e+02
9.778501681217558144e+02
9.802622308510266294e+02
9.740797559921418269e+02
1.004103788051694096e+03
9.766076290352715432e+02
9.718585103496913007e+02
9.805193005633836947e+02
9.819680585268899904e+02
9.787804982944644507e+02
9.929147165107848423e+02
9.961596311808838209e+02
9.986096040805156235e+02
1.001307544767333297e+03
9.902636983009459755e+02
9.846592795071954924e+02
9.691388655188876555e+02
9.820199697709823567e+02
9.675612954918231026e+02
1.003461719660417884e+03
9.782063515283409743e+02
9.918411171660693526e+02
9.926234773534779379e+02
9.917171782838702256e+02
9.960742910936475027e+02
9.892684089758766959e+02
9.788622880988489214e+02
9.947098743449603262e+02
9.869684025887572716e+02
9.782407104477318853e+02
9.800126190242852999e+02
9.891691917048066216e+02
9.961215629113210070e+02
9.768061054430468175e+02
9.975436727849145200e+02
9.915716329887994789e+02
9.998050666565370648e+02
9.885812442410197036e+02
1.000400943196541903e+03
9.854981015532613355e+02
9.815903283727444659e+02
9.884411334657498855e+02
9.860697485472929884e+02
9.782901107093839528e+02
1.000248246621197836e+03
9.831270104452854639e+02
9.968930923092203784e+02
9.894903975731891705e+02
9.909840512206741323e+02
9.917432889509969982e+02
9.883276620785499063e+02
9.797338008985027500e+02
1.002990366529511903e+03
9.967174792473027765e+02
9.891071178867811113e+02
9.992134337577803080e+02
9.886097487546027196e+02
9.862018145618711742e+02
9.988929455020492014e+02
9.960713546577809439e+02
9.968263164582856461e+02
1.005948391262994960e+03
9.964953409006446918e+02
9.843909093178343710e+02
9.818747336457817028e+02
9.865818672614615252e+02
9.766195730114005755e+02
9.962521991338318230e+02
1.003269897968368355e+03
9.856165411960529354e+02
9.892277159071962842e+02
9.916974607006969791e+02
9.907062605772429151e+02
9.976373149374529703e+02
9.992543723124175585e+02
9.835737149283853569e+02
9.886927031395841823e+02
9.898884367561387307e+02
9.930321524604634078e+02
9.823339240595819319e+02
9.986928715263171625e+02
9.908884599463879113e+02
9.792528649157184191e+02
9.725022101394966967e+02
9.889999419844360773e+02
9.803549843681768152e+02
9.985282359952892648e+02
9.987268411806473978e+02
9.877578482290884949e+02
9.954045941803982487e+02
1.001297504471454431e+03
9.993464879878839611e+02
9.888984766147159462e+02
9.801339759799691365e+02
9.866991223452976101e+02
9.877554197630629460e+02
1.000090024082016043e+03
9.810077282814620503e+02
9.933623687829023083e+02
9.954801448253368790e+02
1.004296615332725423e+03
9.931334647463074816e+02
9.970367955278384215e+02
9.953247348288373360e+02
9.988172524038257052e+02
1.015138050554677875e+03
9.980278939007695271e+02
9.963377923208380480e+02
9.888777097453079250e+02
9.984024334976951423e+02
1.002641642965127971e+03
9.952807806647306279e+02
9.849154031896393917e+02
9.877356436894471017e+02
9.886755162947550843e+02
9.880014337027462261e+02
9.987336988715313737e+02
9.850364398648214319e+02
1.009049717808503146e+03
9.927621135524360625e+02
9.909392451906943506e+02
1.015071871207303047e+03
9.983959300050837555e+02
1.002372478642185911e+03
9.885783766442337992e+02
1.020337112676017114e+03
1.002274316399459394e+03
9.844498622490489197e+02
9.852517352498812215e+02
9.939765184000799536e+02
9.854775571740893838e+02
9.973588135208905214e+02
9.944408191091009712e+02
9.961853075817846275e+02
9.801256365333719032e+02
9.936448037068090571e+02
1.004699459199107537e+03
9.950906352006105635e+02
9.950799667576546881e+02
1.002130795856762347e+03
1.007536302799442183e+03
9.986889791832610399e+02
1.005694702062508895e+03
9.879906114605823859e+02
1.008478814408301105e+03
1.004492019574974051e+03
9.874063487931756526e+02
1.009417009701730308e+03
9.988605567192366834e+02
9.864878055989788663e+02
1.010549889077356852e+03
1.008921369598267347e+03
1.002856816508347606e+03
9.978318802694313945e+02
1.007685910718763012e+03
1.003097970361030775e+03
9.946942218527251498e+02
9.912931239589280494e+02
1.010589769253706095e+03
1.006922777046895135e+03
1.000864743007889956e+03
9.923150596316390875e+02
9.949704228755426811e+02
1.023882734399145875e+03
1.010344601803438309e+03
9.938457449841113203e+02
9.953818777017230559e+02
1.022004429445566871e+03
1.002913619661596726e+03
9.828376092211506148e+02
1.008070659479784695e+03
1.001260502199206712e+03
1.007342775572074402e+03
1.003359481392775365e+03
9.912424313106806721e+02
9.954747161329397613e+02
1.014185829511474935e+03
9.968573320890461673e+02
1.013298549431156744e+03
9.992993938241645537e+02
9.947122491559503032e+02
1.030909628632785370e+03
9.888684875180849758e+02
9.954025588979023951e+02
9.994283262988175238e+02
9.970820263558816805e+02
1.011989322222067472e+03
1.001259163422078132e+03
9.980682658994123813e+02
1.000349917237714635e+03
1.005033334198666921e+03
1.004918589032482714e+03
1.005415367738499867e+03
1.014073309482234890e+03
1.008461562637120778e+03
1.006853877725419579e+03
1.006170862131482977e+03
1.012351942633955673e+03
9.936649660869007903e+02
1.017995892613774913e+03
1.007701999440341183e+03
9.999108919649789868e+02
1.004092049229535633e+03
1.023435589350092982e+03
1.002036635611373640e+03
1.012884782851512114e+03
1.001531552698084852e+03
1.012009785824736582e+03
1.020906900751095350e+03
1.009622800394432829e+03
1.009332238022156616e+03
9.864609428820881476e+02
9.897026950140965482e+02
1.005096792059414838e+03
1.003696678516017869e+03
1.009012722799704989e+03
1.013765725882407651e+03
1.006837944183583204e+03
1.008256558780177443e+03
1.008476138550829432e+03
9.996353338575414682e+02
1.013292170570126814e+03
1.003877208000535461e+03
1.018495661652484614e+03
9.924339219385453816e+02
1.001256387838682031e+03
1.005139474410505045e+03
1.008669996739099929e+03
1.015392613503487041e+03
1.002470553062614044e+03
1.008381438948642995e+03
1.017923757666235815e+03
1.022359003579772434e+03
9.997902149492529134e+02
1.014156725517914992e+03
1.000740326198681259e+03
1.009440132216068719e+03
1.012923883840612802e+03
1.011377490523299912e+03
9.994290333654788583e+02
1.018844590697225954e+03
1.000216298294342323e+03
1.014970917352570382e+03
1.006130777583049507e+03
1.023770376407989829e+03
1.010084144166356168e+03
1.014388389293640785e+03
9.993207693867802845e+02
1.015502234673388898e+03
1.015418270332416569e+03
1.019898768191729232e+03
1.010669203476691791e+03
1.005124167035367918e+03
1.020303814435225831e+03
1.005106682191706113e+03
1.009919528530494631e+03
1.001581943547843252e+03
1.007236585110992678e+03
1.007728955767511252e+03
1.026509912291611045e+03
1.003814740587768142e+03
1.013486312818061265e+03
1.015786599224816200e+03
1.016188157213454019e+03
1.020114203231208876e+03
1.014835814930601032e+03
1.004427997549662905e+03
1.006088122758471741e+03
1.015205858378104949e+03
1.001296186687302225e+03
1.021777346106507366e+03
1.014426427612037628e+03
1.013422974497779819e+03
1.019069551361554204e+03
1.008603264698532826e+03
1.014497943347164096e+03
1.017733844938937978e+03
1.014381326331338073e+03
1.010155570755729968e+03
1.001832457442908321e+03
1.010774696860427980e+03
1.009599844000396729e+03
1.019351258484644404e+03
1.022666062761321541e+03
1.010056303271328829e+03
1.019580602125895780e+03
1.007866568323802881e+03
1.014320730006821009e+03
9.966983040582966851e+02
1.019940182554597982e+03
1.004192898034265681e+03
1.020005077092574993e+03
1.004359093058612416e+03
1.014999973384952455e+03
1.034726949416167372e+03
1.006594430942237295e+03
1.016252080672280499e+03
9.976552749329713379e+02
1.005025588629242407e+03
1.014685816446933472e+03
1.010441771173151096e+03
1.015460489380592776e+03
1.003854177996065800e+03
1.009985124099118821e+03
1.012613081132262664e+03
1.025817739121308250e+03
1.012296009017593065e+03
1.015120800913647827e+03
1.024681888376268262e+03
1.016038081785837107e+03
1.003647045170772458e+03
1.013985123546696514e+03
1.015170894444885789e+03
1.014641328105765751e+03
1.019007324543476898e+03
1.010541541651572743e+03
1.018138110989440179e+03
1.037752576775806347e+03
1.005733615434766875e+03
1.029108919637185863e+03
1.036149460022854782e+03
1.027256900934166879e+03
1.020955125848213470e+03
1.035061125396974148e+03
1.023182639931133053e+03
1.009658747259956272e+03
1.014605655497748216e+03
1.021567519027640060e+03
1.017151581741997120e+03
1.024816186496860382e+03
1.010449103038643102e+03
1.018427150866565512e+03
1.026189070966536747e+03
1.024034250029216764e+03
1.003000955614984150e+03
1.018373725259586422e+03
1.021998045552873918e+03
1.014882513682826129e+03
1.026289163356920199e+03
1.033325858606478732e+03
1.010161629332775760e+03
1.018107986892352187e+03
1.022659139156307447e+03
1.012551927502066064e+03
1.008668188581864229e+03
1.020569876053591770e+03
1.011562329844538340e+03
1.018128207483613210e+03
1.035478623673060611e+03
1.024045935433163095e+03
1.009408293450818405e+03
1.002059772138154813e+03
1.012220098903184635e+03
1.026034252639769647e+03
1.013351748290350997e+03
1.012773705499449989e+03
1.006523765835935592e+03
1.030624133703701318e+03
1.010554838684753804e+03
1.023629710344849514e+03
1.012239048839495922e+03
1.023415342378774199e+03
1.010948471085963433e+03
1.019821310191882048e+03
1.026316229607573405e+03
1.017474222993757735e+03
1.015217604679315514e+03
1.027854777311655425e+03
1.003861836494439217e+03
1.011640529797623458e+03
1.019146755933783197e+03
1.033066374471600739e+03
1.019799368882380350e+03
1.024590793609650746e+03
1.024747074442028406e+03
1.026660805174794632e+03
1.036315302564762533e+03
1.015985695512175312e+03
1.029838645661596729e+03
1.014768899918381976e+03
1.017699896418365825e+03
1.025714335096469540e+03
1.028497650185176326e+03
1.021778798949554357e+03
1.015227925117942732e+03
1.010679675725757193e+03
1.011576888744131793e+03
1.029755259561039338e+03
1.020139412191797987e+03
1.017859926168954757e+03
1.023896890375152338e+03
1.017802258147683233e+03
1.021171667063168002e+03
1.028940856744084840e+03
1.026223172354313419e+03
1.016397620366707201e+03
1.029222047481089476e+03
1.013626524810208480e+03
1.008854500368053095e+03
1.025685404901640823e+03
1.037446467627929678e+03
1.022241192100716148e+03
1.033329269186707961e+03
1.026796400452864191e+03
1.034249328472206344e+03
1.030088842567527081e+03
1.036398640181200790e+03
1.029162238999895862e+03
1.021818589973535950e+03
1.014893191620662947e+03
1.019278441443195447e+03
1.021418599462904922e+03
1.041876008103305821e+03
1.030251568848075522e+03
1.035647699714393184e+03
1.038048972398307797e+03
1.037375002002074098e+03
1.039339126678697312e+03
1.032616239139071467e+03
1.024614877043485876e+03
1.021442889821060930e+03
1.025965888687276447e+03
1.035747914322967517e+03
1.047318958821344040e+03
1.023289418732923082e+03
1.004373985841087006e+03
1.014804947099944343e+03
1.021989232536255940e+03
1.027035446478629410e+03
1.017279394490012464e+03
1.025908920446671118e+03
1.040964537368842684e+03
1.014111758884189499e+03
1.041999817995141257e+03
1.034927671275450621e+03
1.033656514887951744e+03
1.021759545860586968e+03
1.020114620916393847e+03
1.025094298065586599e+03
1.020798903661667168e+03
1.022083959647258894e+03
1.029826484699482762e+03
1.027084506426124335e+03
1.022561216691042887e+03
1.033091513194564186e+03
1.046618163453518036e+03
1.040198765538071939e+03
1.028881552740863526e+03
1.031111568288777789e+03
1.027923296468655280e+03
1.027019247905101565e+03
1.040236229770747741e+03
1.036783323052404512e+03
1.032199799532163070e+03
1.029686761767967482e+03
1.034745086626244529e+03
1.018581954822340890e+03
1.027520166104533246e+03
1.024944594315644508e+03
1.028849714435884152e+03
1.026332286978998809e+03
1.022763136235784714e+03
1.037674805819872745e+03
1.024815401916575638e+03
1.027425365912910593e+03
1.030785545591471191e+03
1.027423005619184323e+03
1.031171518456700596e+03
1.037703300675736955e+03
1.041077263439023909e+03
1.043205819076004445e+03
1.035196117695367548e+03
1.035714140542680752e+03
1.033073323049180090e+03
1.023200268056160212e+03
1.022513314856985403e+03
1.010332498979094566e+03
1.024218316040173022e+03
1.030260426023764012e+03
1.024577947258547511e+03
1.038641420827804041e+03
1.035553210790829780e+03
1.030007806670485252e+03
1.032618648777721319e+03
1.025417658929575964e+03
1.027588541225351946e+03
1.029232949996888692e+03
1.023926091343956614e+03
1.035419239374956760e+03
1.040815778083342593e+03
1.038704097545769400e+03
1.038777531710866469e+03
1.031878934472347964e+03
1.038177521788006061e+03
1.046131874359674839e+03
1.029760163798426447e+03
1.040958831142256713e+03
1.028439830313049242e+03
1.028115990078469395e+03
1.030070003417383532e+03
1.039935220541175113e+03
1.028136262319005255e+03
1.029859038613411030e+03
1.025044209414898205e+03
1.031348204940372170e+03
1.034544920215744241e+03
1.045805759662160199e+03
1.044086380867466687e+03
1.041624754073662871e+03
1.036742622089317138e+03
1.032991816172391509e+03
1.036930987761004872e+03
1.030927037106626585e+03
1.027384881693873012e+03
1.035598701383672051e+03
1.021806650123702184e+03
1.028675050968025062e+03
1.038673155807755393e+03
1.018670036268671879e+03
1.022370751541241702e+03
1.031636885473013990e+03
1.032172760689824372e+03
1.035718538070402019e+03
1.038181910666628937e+03
1.024963157064033339e+03
1.031384900943516641e+03
1.023011417707458122e+03
1.038217070155359352e+03
1.037375660614370418e+03
1.042666472048911828e+03
1.041184954383331842e+03
1.032678664326582521e+03
1.024410577746121135e+03
1.039806602303070576e+03
1.024071908509224158e+03
1.036009286540418316e+03
1.036351475535519967e+03
1.033939843622244780e+03
1.033738120708415408e+03
1.024989339202477822e+03
1.036207276830436058e+03
1.028573572120750669e+03
1.048075274687418869e+03
1.038668521223655489e+03
1.031426477383024348e+03
1.023902102952048267e+03
1.049654221647926533e+03
1.043728216334042145e+03
1.038319285181766645e+03
1.028967377208972493e+03
1.016377121079877952e+03
1.027034845582949856e+03
1.035397273816049619e+03
1.038357076224344155e+03
1.039228685215794712e+03
1.038910685419745050e+03
1.027306692386914392e+03
1.053252112321759341e+03
1.036120405449927830e+03
1.035725100024010544e+03
1.034625288846489866e+03
1.047050794078129002e+03
1.035344083635599645e+03
1.040226348333661690e+03
1.032368743231579629e+03
1.027197923397834529e+03
1.031408286815107658e+03
1.036936144728094177e+03
1.033303532066636990e+03
1.031459757810174096e+03
1.025674040514293210e+03
1.034320696177372383e+03
1.047849763582266178e+03
1.037399794920564773e+03
1.029938578715862377e+03
1.036356113401861194e+03
1.024807114482528959e+03
1.022697330627453766e+03
1.037158831215533610e+03
1.042197775023290660e+03
1.020867983527465526e+03
1.031475481841290730e+03
1.031599892491180526e+03
1.042818733495674678e+03
1.051470598293743024e+03
1.038919960456466242e+03
1.039810699819918455e+03
1.041931473312709613e+03
1.051985864067848297e+03
1.044035304968549781e+03
1.043442523581332125e+03
1.027018500216990560e+03
1.034702530917053537e+03
1.044729008672877853e+03
1.059018414353868366e+03
1.053867682491056485e+03
1.035328801339290294e+03
1.030618922185107067e+03
1.033847175308494798e+03
1.061742602955164784e+03
1.035495018158800804e+03
1.042097079471973530e+03
1.035754043018637503e+03
1.051505169264409233e+03
1.050768047369123451e+03
1.041778238627631936e+03
1.042558347963632968e+03
1.052251911167206117e+03
1.049637520287361440e+03
1.018609992254905933e+03
1.037000559995017738e+03
1.023206124572540489e+03
1.033225949922326208e+03
1.044633127055600653e+03
1.045130035380650952e+03
1.038145921110924064e+03
1.035600701519766744e+03
1.047471773594384558e+03
1.047182952054460884e+03
1.039583536971538706e+03
1.045363207256118358e+03
1.047417943487991124e+03
1.038611273042510675e+03
1.038355143797419942e+03
1.035346066004938848e+03
1.031536404563812766e+03
1.044733399663970886e+03
1.055506262602873221e+03
1.051552995797267840e+03
1.059743726952997122e+03
1.046169025722907008e+03
1.038756715984936591e+03
1.038765650516303594e+03
1.045691294924352860e+03
1.038928267943647825e+03
1.029698776013215820e+03
1.056235980312963193e+03
1.043357140624259273e+03
1.054356887726538162e+03
1.054789312381416494e+03
1.049948682080094841e+03
1.052590555854417971e+03
1.056544761736217879e+03
1.044532263344977537e+03
1.043231896083653055e+03
1.055500566457501918e+03
1.020162977317650984e+03
1.036828715835243429e+03
1.039958605779755089e+03
1.050298689244715433e+03
1.040678483942539287e+03
1.038273741566360513e+03
1.048961498768709589e+03
1.034258566832320867e+03
1.060592644310529749e+03
1.056818514337297984e+03
1.041668405880372120e+03
1.056847630191748067e+03
1.053815861662708130e+03
1.046259872795470073e+03
1.059873547396638060e+03
1.047181387875762994e+03
1.043788413828870034e+03
1.043531324013119502e+03
1.046124029856574225e+03
1.053072593331608005e+03
1.048086309512499838e+03
1.047025104477235345e+03
1.051143975046155902e+03
1.050240511905415360e+03
1.044247885651458319e+03
1.033388082841180221e+03
1.059216897243336007e+03
1.041582010284558919e+03
1.051866595167331525e+03
1.037435641306504522e+03
1.042678563553149615e+03
1.034199337052802548e+03
1.044912072798892950e+03
1.046422344937830530e+03
1.045729903033439086e+03
1.049705017078268156e+03
1.061684364368420347e+03
1.050993163029352900e+03
1.044361182745705264e+03
1.031884765630926267e+03
1.042235273270365497e+03
1.039790005349237617e+03
1.039568672841575790e+03
1.041491193820380204e+03
1.046747091974211116e+03
1.028774970133166789e+03
1.043972236146314572e+03
1.042690788134488912e+03
1.046631556792086940e+03
1.047972944618560177e+03
1.042647677960027977e+03
1.038643219509973278e+03
1.047136882591617450e+03
1.039457964270196271e+03
1.041762178031079657e+03
1.046738079455237767e+03
1.047684284535123652e+03
1.056218633451558617e+03
1.042302245849477458e+03
1.050358922059041788e+03
1.045662096305811929e+03
1.057520631223569580e+03
1.061355634148261061e+03
1.033404090870184746e+03
1.061259896996851239e+03
1.037388834723597938e+03
1.048900771324069638e+03
1.044228509739049969e+03
1.037990550578950206e+03
1.051319424223539272e+03
1.042799866239046651e+03
1.041553936570314363e+03
1.042843878299368498e+03
1.048491924266311344e+03
1.049821356808035034e+03
1.056005257830471464e+03
1.034757553764083696e+03
1.057665138364210407e+03
1.047530684049391766e+03
1.059372715961116228e+03
1.045419219781513448e+03
1.049897612990424705e+03
1.054914195154564595e+03
1.060639719131823767e+03
1.040103010361716315e+03
1.052540547623033945e+03
1.063582367556784902e+03
1.051798217602028899e+03
1.051926616738403936e+03
1.062287913900609055e+03
1.048852962593039820e+03
1.051760758580477386e+03
1.045625716970609346e+03
1.041905650718560537e+03
1.067684860496662850e+03
1.056474900726995656e+03
1.043970614743117494e+03
1.033293055637750740e+03
1.053155005929824028e+03
1.054751662640845325e+03
1.052508973800222748e+03
1.052801950069560689e+03
1.047711414864504377e+03
1.057691394808027781e+03
1.042708413991171483e+03
1.048988585178589346e+03
1.061076577591405339e+03
1.064214650936142107e+03
1.055352134345762352e+03
1.061437089018392726e+03
1.028780795379638448e+03
1.056168529593232279e+03
1.047756083436746167e+03
1.032353126439008975e+03
1.051580159247805341e+03
1.039078409146396325e+03
1.058016705608725715e+03
1.051465869477841579e+03
1.066160635987917658e+03
1.040874921952830846e+03
1.070867203117713188e+03
1.054820266792671646e+03
1.047415482984074970e+03
1.056957209547045750e+03
1.041438285500018310e+03
1.055314132791857219e+03
1.033963510777879037e+03
1.060472684700845548e+03
1.039766030289066521e+03
1.055243311913723574e+03
1.044248060102293039e+03
1.052924475261877433e+03
1.058376669409510214e+03
1.046955690146998450e+03
1.037227115297162754e+03
1.048353279895875630e+03
1.049971662739091926e+03
1.057453382565543734e+03
1.048662568698547375e+03
1.063122073531115348e+03
1.035703002354742921e+03
1.059296775761788012e+03
1.059258709947438319e+03
1.037672459138408158e+03
1.054156980812857910e+03
1.043192898484283205e+03
1.061706932078847103e+03
1.048026741532992446e+03
1.047891311269786911e+03
1.052627232088072333e+03
1.049504624528085515e+03
1.049970415146259029e+03
1.055997494009739967e+03
1.056026055427403435e+03
1.052520843538884264e+03
1.048329298804458176e+03
1.039269155460114234e+03
1.063371828502588869e+03
1.057064917834710513e+03
1.055089223107063162e+03
1.056503977503283977e+03
1.053019792677442638e+03
1.056209263541996279e+03
1.043611636872171857e+03
1.047767720289201407e+03
1.047770194341123442e+03
1.049824956865511695e+03
1.077811381294265175e+03
1.047942903490288245e+03
1.054682506868687369e+03
1.066773434323275978e+03
1.031784458915997448e+03
1.057477001363968384e+03
1.052690700025909791e+03
1.051353217221814930e+03
1.044778575031940136e+03
1.054166753885861681e+03
1.064097506214508257e+03
1.066448511851415560e+03
1.055007103896160061e+03
1.046124810706916833e+03
1.068816426534086077e+03
1.057996311752378915e+03
1.060842377241851409e+03
1.071060434425218773e+03
1.061331034750607841e+03
1.062932580983168918e+03
1.061914397361639431e+03
1.055572058193492239e+03
1.056886035636520091e+03
1.049994605107193365e+03
1.051230952624280917e+03
1.038785039952674197e+03
1.056987311399475402e+03
1.061171902796917948e+03
1.058484811111170075e+03
1.065833217609561643e+03
1.057906648310715809e+03
1.044738257119102855e+03
1.056725183311899627e+03
1.049459055500774639e+03
1.060846950841332955e+03
1.049405847485385038e+03
1.036277434749366648e+03
1.048986157013070169e+03
1.060474651778568159e+03
1.054939018945516636e+03
1.058772306244593210e+03
1.054598778346882227e+03
1.034667781461180311e+03
1.048314512024775240e+03
1.057481526607666865e+03
1.053474228684588525e+03
1.058911017030842913e+03
1.068146929347773039e+03
1.061744127715678815e+03
1.053639090310126221e+03
1.059504042199454489e+03
1.062136597692410760e+03
1.048598779512036344e+03
1.051855564735405096e+03
1.050297541868932058e+03
1.042631602674580563e+03
1.061564209830845812e+03
1.057077309556384762e+03
1.055958412366746870e+03
1.067163370684540496e+03
1.050482497571503245e+03
1.057608231104430388e+03
1.049691661127066027e+03
1.047697721641898852e+03
1.052428124406024381e+03
1.070439443221593365e+03
1.054393173997722215e+03
1.048337230206110235e+03
1.068275384486212943e+03
1.048747526055349454e+03
1.059542874419656073e+03
1.052924725619241144e+03
1.061298608239462283e+03
1.050970093192828472e+03
1.060004573927375304e+03
1.052557657670935214e+03
1.059609137832746910e+03
1.048339191280900422e+03
1.040041510305374686e+03
1.055847830640634129e+03
1.055912072838990753e+03
1.058923519586523980e+03
1.050480287264754907e+03
1.053895361129558751e+03
1.062906982828264518e+03
1.065764524911259969e+03
1.075075906470679001e+03
1.055688027041564055e+03
1.064219859595278649e+03
1.057796377497832282e+03
1.065681496849968880e+03
1.055563914645189470e+03
1.041378134684255883e+03
1.042300987969591915e+03
1.038790285797256729e+03
1.058450861645021860e+03
1.058323251914790717e+03
1.046426005496697826e+03
1.055399945780803819e+03
1.059762547326848107e+03
1.066597104334085088e+03
1.063173622426679231e+03
1.059853221792203612e+03
1.061362502224022819e+03
1.061886446358434341e+03
1.057122205382438096e+03
1.051090999171962267e+03
1.038288592468446495e+03
1.049192336255793407e+03
1.056480366122910027e+03
1.062836145556856536e+03
1.069709558750844508e+03
1.065974759608865043e+03
1.052455504743931442e+03
1.062513214195917726e+03
1.078523015948078182e+03
1.039331017236123898e+03
1.071344443009352062e+03
1.060956699018493737e+03
1.061764089521243022e+03
1.064186034065572812e+03
1.064142116072637691e+03
1.064758685816992511e+03
1.057988752475131150e+03
1.063999165511931551e+03
1.056196148688292851e+03
1.052747319254151535e+03
1.056715810778534205e+03
1.071291398538749945e+03
1.054465185789563520e+03
1.053435455219133473e+03
1.063935403569932078e+03
1.063037200332899147e+03
1.059650447485172435e+03
1.068923685409404015e+03
1.079972047128427221e+03
1.067639544700729630e+03
1.068074718531882581e+03
1.064654691527982322e+03
1.058960713701527311e+03
1.054504710571430223e+03
1.062583165492539820e+03
1.056839502516897483e+03
1.079748868107781391e+03
1.049673768220850661e+03
1.058097718233893602e+03
1.051048059526863653e+03
1.062494519949528922e+03
1.057967235095808974e+03
1.057561931225162652e+03
1.064069598195753997e+03
1.045413852926523759e+03
1.055269343881661143e+03
1.064403361171713414e+03
1.058705297266853677e+03
1.052849256265373697e+03
1.072177920769900311e+03
1.060665168008845058e+03
1.064941855200771897e+03
1.065630746759385829e+03
1.045659951910444988e+03
1.065774552273650897e+03
1.056861227059988323e+03
1.053209726492433674e+03
1.070492318077559275e+03
1.067844972434989131e+03
1.074566808211318175e+03
1.061323261404120331e+03
1.059276875102101258e+03
1.052979895096537575e+03
1.061812258650731337e+03
1.066014098602757485e+03
1.068551946781814877e+03
1.067907153476538269e+03
1.051040623625900480e+03
1.059729915408985107e+03
1.052540708379939588e+03
1.052367693551438606e+03
1.059944663157767764e+03
1.053802844791772031e+03
1.063775697590569280e+03
1.056976532191517890e+03
1.069728154024699052e+03
1.058229533728242586e+03
1.057746653177392545e+03
1.056093587863492075e+03
1.061699319407792927e+03
1.054297818153782828e+03
1.056416680493698550e+03
1.070545439264167953e+03
1.070162000219403808e+03
1.064897751365009753e+03
1.054375819268976556e+03
1.070409022186918037e+03
1.077582852186528498e+03
1.063692598412588723e+03
1.060548721871625958e+03
1.054859361485473073e+03
1.050924382557491299e+03
1.063816887829082134e+03
1.062093514395816328e+03
1.072404361800211746e+03
1.037297359370915956e+03
1.063016606027523494e+03
1.063480478377864301e+03
1.047652533961665085e+03
1.051169546455345426e+03
1.071191151036355677e+03
1.061956078412419629e+03
1.069598960584945644e+03
1.067051685867084643e+03
1.067711459103681591e+03
1.065560546350550794e+03
1.052687714462247641e+03
1.056270232758607108e+03
1.077884848107676362e+03
1.054292653447630983e+03
1.071107171677673705e+03
1.053984355478736461e+03
1.044718471179383414e+03
1.045325016365938609e+03
1.046179550764855549e+03
1.062984296912336049e+03
1.058205622690211840e+03
1.060577169994820224e+03
1.046878075915005866e+03
1.054584927690704717e+03
1.055321166277603425e+03
1.066335272222307822e+03
1.079909793733073457e+03
1.060550672995071409e+03
1.060990342120773903e+03
1.062964671244204510e+03
1.059552167607582760e+03
1.063240665870871908e+03
1.056470752635672625e+03
1.069713643809349833e+03
1.067969173762178116e+03
1.063555333144488031e+03
1.068302448849314487e+03
1.063882555024850262e+03
1.056371634632036830e+03
1.066870252503537358e+03
1.049509382027008542e+03
1.065330727811341376e+03
1.069951898374761640e+03
1.066658124292927596e+03
1.062930848732026561e+03
1.054235102667737692e+03
1.044308706484395316e+03
1.060150245128913866e+03
1.081538021853945793e+03
1.067245766466996429e+03
1.058229071000789645e+03
1.050620371669969018e+03
1.071706430277086838e+03
1.049849905256557804e+03
1.057231331604049274e+03
1.060028173473588367e+03
1.065153527337284459e+03
1.073307998255909069e+03
1.065336207778395874e+03
1.064130224303654586e+03
1.071126858517291339e+03
1.060702298077689647e+03
1.058702280961445467e+03
1.063419083766696531e+03
1.053720643366563309e+03
1.065297519829169005e+03
1.060181005617184383e+03
1.062342244964822385e+03
1.060658293404022061e+03
1.076401947171818165e+03
1.054472652247255610e+03
1.060149209299360336e+03
1.066818115311189104e+03
1.069587125458876244e+03
1.068410000666761107e+03
1.053505203679085753e+03
1.056943494919496288e+03
1.062964689336276251e+03
1.061877512356106308e+03
1.062173972265821476e+03
1.059558515809937035e+03
1.084550851070476256e+03
1.066503380979123676e+03
1.064071732134716967e+03
1.051365907868639852e+03
1.061309801482843795e+03
1.073558993619186140e+03
1.061090002736933457e+03
1.044372455162791539e+03
1.061275467566812040e+03
1.052775218860506811e+03
1.046519858869255359e+03
1.071129640841945047e+03
1.065650691277231772e+03
1.059920224657480048e+03
1.053667598399096732e+03
1.063900224261905123e+03
1.058576742144478885e+03
1.043492796828093105e+03
1.037127420673166625e+03
1.072685776358356861e+03
1.053540323617256945e+03
1.067378143259155195e+03
1.052688691400806647e+03
1.075804557957711495e+03
1.067373754107099558e+03
1.072347375220445429e+03
1.074425865663979494e+03
1.058873838234550931e+03
1.066733425093980259e+03
1.068821681388167917e+03
1.048288148014208446e+03
1.061941580449265757e+03
1.048038810351525399e+03
1.044778188309380539e+03
1.051348870896075823e+03
1.062651672874599399e+03
1.053437929017024317e+03
1.075606476960096643e+03
1.061179968876074554e+03
1.054961445542393676e+03
1.074927537301830853e+03
1.069794779352044770e+03
1.063568333279524722e+03
1.056126728126789658e+03
1.065766763854881901e+03
1.060083397521580082e+03
1.059216032154612549e+03
1.051841329777210831e+03
1.053514267982837055e+03
1.061292439686659236e+03
1.063201585562559558e+03
1.061544007404150534e+03
1.064145133555302436e+03
1.053770546386860133e+03
1.065140165795388157e+03
1.076092747239619257e+03
1.050759155726397694e+03
1.037935420637587640e+03
1.059726483194930779e+03
1.051635691540286871e+03
1.068050380786119149e+03
1.056356788264536590e+03
1.067830430345840568e+03
1.050702521138090333e+03
1.059543960097032368e+03
1.055800390202725566e+03
1.055391854557932902e+03
1.059840053324778410e+03
1.060692474864842779e+03
1.057087189170339570e+03
1.078267088137119117e+03
1.038798532861291051e+03
1.069620588583943118e+03
1.067684990080165562e+03
1.068845907692192668e+03
1.053258894854001028e+03
1.066122053721474231e+03
1.050141429224988769e+03
1.060820417709599496e+03
1.068185859868478019e+03
1.068264067770429847e+03
1.053809003834739769e+03
1.082443025809414848e+03
1.047801527436675315e+03
1.062006478260136873e+03
1.061095972702511972e+03
1.061094432642177253e+03
1.070808894747949580e+03
1.049061766709704443e+03
1.053692082383879324e+03
1.059280033644462947e+03
1.058468585027411109e+03
1.061515621083170799e+03
1.079190445418597619e+03
1.067903566356795864e+03
1.084967377745797194e+03
1.056486058379297447e+03
1.056142339196518378e+03
1.075579608770336336e+03
1.072028236834158179e+03
1.044929542073510447e+03
1.060708198395539057e+03
1.062336170955461967e+03
1.058017829675816074e+03
1.045902138714573539e+03
1.057242350953423738e+03
1.062787225759215289e+03
1.047429298456607739e+03
1.063479347939445006e+03
1.065787249179684068e+03
1.053475135711863459e+03
1.060146811406667666e+03
1.064245159069210104e+03
1.058861823026232969e+03
1.054268386168171673e+03
1.048489837213584906e+03
1.058773959716239688e+03
1.063995682932105638e+03
1.063845243935656526e+03
1.045201081101309910e+03
1.057070682281244444e+03
1.065325132110012646e+03
1.064753705843365651e+03
1.061016853540982083e+03
1.059381226342840364e+03
1.070776404929900764e+03
1.059564799084331980e+03
1.060536858228216033e+03
1.077564721033829755e+03
1.042066310895557535e+03
1.059680088115876288e+03
1.059375979970111757e+03
1.047714673762412986e+03
1.057360898740550965e+03
1.061015727130656614e+03
1.074205463139198855e+03
1.069571256823516933e+03
1.057104267756609715e+03
1.062014265091296693e+03
1.041062884784684456e+03
1.059833639226418427e+03
1.057803261354533106e+03
1.063848128267516813e+03
1.057282297562587246e+03
1.065766914397747314e+03
1.068364306449376500e+03
1.070429289614646223e+03
1.053983415942162310e+03
1.063765133143749381e+03
1.060294042772908824e+03
1.072596055009525571e+03
1.050879528483918648e+03
1.050906311901288973e+03
1.053780869803280666e+03
1.063986795395294621e+03
1.059324132525342065e+03
1.062373986545004072e+03
1.044001289593058345e+03
1.073771910043672278e+03
1.041737318706867882e+03
1.058041130406552838e+03
1.050787090968233770e+03
1.065503130531046281e+03
1.049703936001275451e+03
1.057443574033863570e+03
1.049360066899594813e+03
1.049534377803221332e+03
1.062550130632149830e+03
1.059617619432849779e+03
1.053784408536382671e+03
1.060562485986160937e+03
1.059219014898623982e+03
1.065555243571159963e+03
1.073552650130233360e+03
1.071506999376857493e+03
1.058110303435691549e+03
1.047365032855357640e+03
1.056090889074121606e+03
1.044078845544352362e+03
1.044790149761429348e+03
1.056209501920708135e+03
1.055649522081148916e+03
1.070799601939556851e+03
1.063804566417565411e+03
1.043614674817770492e+03
1.061194892906866698e+03
1.040243783776589680e+03
1.071522968226170633e+03
1.039237726844186227e+03
1.071765942845458994e+03
1.067562813142222467e+03
1.047753769004956439e+03
1.048855731972783133e+03
1.063488694788635257e+03
1.055546983646719809e+03
1.059218469682102750e+03
1.060404216187934253e+03
1.057482018321547230e+03
1.065407099672847153e+03
1.056724912130894836e+03
1.051082615088255352e+03
1.045351196208982174e+03
1.050088746524730368e+03
1.043682927348826979e+03
1.060026697936554228e+03
1.049835285480282664e+03
1.047651918421134496e+03
1.063457767555969440e+03
1.052734327588223550e+03
1.061262125752543852e+03
1.058416355445746376e+03
1.074705497525983219e+03
1.072602427941410042e+03
1.050208685463037227e+03
1.062921610615753707e+03
1.044759327504005341e+03
1.041906708066669125e+03
1.059766431865460390e+03
1.057667438681966360e+03
1.064544380197446571e+03
1.041971952616346925e+03
1.058646703863438461e+03
1.063951751639405074e+03
1.061338866454814934e+03
1.049599037254215318e+03
1.061075191201246525e+03
1.053279244345286770e+03
1.055827591389022018e+03
1.056070991680551060e+03
1.072352937903513748e+03
1.049032698798921729e+03
1.056128004334536627e+03
1.057750570363887846e+03
1.051144816553489136e+03
1.059988068322845265e+03
1.069139908584782233e+03
1.076300549921580114e+03
1.064632858978606464e+03
1.052191346033727086e+03
1.060408825311079909e+03
1.058464905731523459e+03
1.042448175623575708e+03
1.059653057825267297e+03
1.048624042467989739e+03
1.059006606614399288e+03
1.059937851943271653e+03
1.044795857723483550e+03
1.050875654045349393e+03
1.056547652819979248e+03
1.056441416245375194e+03
1.067165477772688064e+03
1.049943770656971310e+03
1.038242638487969543e+03
1.047119362528455895e+03
1.069155296544053272e+03
1.058171369806333132e+03
1.050997931476590338e+03
1.076642234967823924e+03
1.056267843807946974e+03
1.055930504881215711e+03
1.058668865360339396e+03
1.050007721765671477e+03
1.035554848603470418e+03
1.057835653011467684e+03
1.050544778305841874e+03
1.063236889858054383e+03
1.065288475919220673e+03
1.038400414179967356e+03
1.050486368324669911e+03
1.048462099207902611e+03
1.052626310176614197e+03
1.045158693452124680e+03
1.058889253840135098e+03
1.038513724151745009e+03
1.058316879964325153e+03
1.059088502797848378e+03
1.046656306361307543e+03
1.049881036319079385e+03
1.052105237337586686e+03
1.049691351924849641e+03
1.048819975818042167e+03
1.051953050123354842e+03
1.069702781359719211e+03
1.046755109827273145e+03
1.065667019154838272e+03
1.059862474634579712e+03
1.056416623999828289e+03
1.056446264135066713e+03
1.053115109391378155e+03
1.050811408286928781e+03
1.041745702298279866e+03
1.068537393821481146e+03
1.047892471103679100e+03
1.056324750856105993e+03
1.046065913039067027e+03
1.053256922230867076e+03
1.052707310179687511e+03
1.047418938081387068e+03
1.047626299653705928e+03
1.056134084008870104e+03
1.043405136171128106e+03
1.050761526241278943e+03
1.069422371101392173e+03
1.048455437323942078e+03
1.043593289382683224e+03
1.055877885860668584e+03
1.064117128946073080e+03
1.064283004374153506e+03
1.032177491944735266e+03
1.051353555144982693e+03
1.047412558657929594e+03
1.064678403433518042e+03
1.051426237837184544e+03
1.048528443184609614e+03
1.052236569861897124e+03
1.046987829591212403e+03
1.054608284221588747e+03
1.056041603867409322e+03
1.046108049734981705e+03
1.045240620466230666e+03
1.057761938522342689e+03
1.045933251563572639e+03
1.045755653696426407e+03
1.052093643764609624e+03
1.055746896243675792e+03
1.036533609154696705e+03
1.050508104892662459e+03
1.052002465594180194e+03
1.055791853882780970e+03
1.058848659069461974e+03
1.048402243412644566e+03
1.045955469139173601e+03
1.043185728512780770e+03
1.052496817350170886e+03
1.048387468838472387e+03
1.048289709749749818e+03
1.045905290900528598e+03
1.041181728964171270e+03
1.050214441492734295e+03
1.055097466453301195e+03
1.040050059098047313e+03
1.053808246809395769e+03
1.053233680810131773e+03
1.066032151072840179e+03
1.058779098428684847e+03
1.044051510560906763e+03
1.038050752674672367e+03
1.043507509665978432e+03
1.048061316953623191e+03
1.054316282244194099e+03
1.039900154464072784e+03
1.042204999933062481e+03
1.048471481773645337e+03
1.044327560647817563e+03
1.057891483789195036e+03
1.052803400226767053e+03
1.032284297024641091e+03
1.038176427452721555e+03
1.033982313029561737e+03
1.060680604920962878e+03
1.043314346953796075e+03
1.034710166294809824e+03
1.044960201249227111e+03
1.041440621064298966e+03
1.051350098865752898e+03
1.040534691357327119e+03
1.045093527442925506e+03
1.046731943017096228e+03
1.057215380398015441e+03
1.048849414913896908e+03
1.059940439114862329e+03
1.048616126509315563e+03
1.046809417304866429e+03
1.060112139980975144e+03
1.039031905234221540e+03
1.060942392454297305e+03
1.049835161330879373e+03
1.057612311407396419e+03
1.043493126904685596e+03
1.058957288405954841e+03
1.038584685116857372e+03
1.045927257639862546e+03
1.036110872490882002e+03
1.063072699879883430e+03
1.040746447505922561e+03
1.029274229471144736e+03
1.044810296624416651e+03
1.042489111235898918e+03
1.070029226390606709e+03
1.037076600185713232e+03
1.048610824615690262e+03
1.036068153659222389e+03
1.051316331417773426e+03
1.041029989346681987e+03
1.060544021165142112e+03
1.053449411845622762e+03
1.056001325089996953e+03
1.054585996863059563e+03
1.042876151712780256e+03
1.039039989839004875e+03
1.046502524677176780e+03
1.071394309937624485e+03
1.035414263753144951e+03
1.034692916858886520e+03
1.041314299854993124e+03
1.036156167423240049e+03
1.041128044414339001e+03
1.031107885927100597e+03
1.047322975540138032e+03
1.044844146140577777e+03
1.037005393106936253e+03
1.037886996653820006e+03
1.041066088641061924e+03
1.039835956252625238e+03
1.056137723888754181e+03
1.034278484158980973e+03
1.034734659539105223e+03
1.042353233374585443e+03
1.040062800295170973e+03
1.056211835405602869e+03
1.046221278378553507e+03
1.043141408056802220e+03
1.034035205999741493e+03
1.042500537540023061e+03
1.027043334285434184e+03
1.037243724012122584e+03
1.049191766514338042e+03
1.045415096728499975e+03
1.044313340238680212e+03
1.063819902847220646e+03
1.049536781044786267e+03
1.050395926406315766e+03
1.037475873163905135e+03
1.056045587133345407e+03
1.024158540915676213e+03
1.032373143968574595e+03
1.045205233593709636e+03
1.031150936218122752e+03
1.035719784684446040e+03
1.034626755291734298e+03
1.031626219928905130e+03
1.037265559180811351e+03
1.044292107827129030e+03
1.028506854660090085e+03
1.052715526155821635e+03
1.045925858647932955e+03
1.042539723064917325e+03
1.053300026473931439e+03
1.032094334861816151e+03
1.045427317125585660e+03
1.031262783403621142e+03
1.030997531802898948e+03
1.038828342300166696e+03
1.036783750156872429e+03
1.032779610238239684e+03
1.034679244193552904e+03
1.042276920940799073e+03
1.045883258062145387e+03
1.028593160483816973e+03
1.045461719960818073e+03
1.041331703484982427e+03
1.040912170624405007e+03
1.042209039455960237e+03
1.025324201249103453e+03
1.044204655634496476e+03
1.031975011998191121e+03
1.036975918767757776e+03
1.030886900325891020e+03
1.034842520375990489e+03
1.041770612883476133e+03
1.034147218944780207e+03
1.047084116528641971e+03
1.040512356161506659e+03
1.022266969953186276e+03
1.033165221328854386e+03
1.038615212230620500e+03
1.031121415957061345e+03
1.027893524035526752e+03
1.019006184391734791e+03
1.040624379987138582e+03
1.049819706056482573e+03
1.030936263431428870e+03
1.043010934210242340e+03
1.034782932597374383e+03
1.024552560132171948e+03
1.025408492277273581e+03
1.029614497339754735e+03
1.027720289175429343e+03
1.039745302210985756e+03
1.034417034941705197e+03
1.037390332539323708e+03
1.034120321966803886e+03
1.030505608750558395e+03
1.034465362241267485e+03
1.038598932448821188e+03
1.028346550197255738e+03
1.046942491301673726e+03
1.036212182284715482e+03
1.021144824762352300e+03
1.031075265706125037e+03
1.035083477964528583e+03
1.044892436194345237e+03
1.034813752406152844e+03
1.037418606472931515e+03
1.031776388124169671e+03
1.034698245642784741e+03
1.038528659666599651e+03
1.039552928136693254e+03
1.029210637904753412e+03
1.036189104357802762e+03
1.024330365185722485e+03
1.040107070684471410e+03
1.029663050698326970e+03
1.033220302609146984e+03
1.041164234995093921e+03
1.038553670097812528e+03
1.016336493972641961e+03
1.031724588452092348e+03
1.032286616764328755e+03
1.030305511065193059e+03
1.033733691307819072e+03
1.034085871194948140e+03
1.042493973161185295e+03
1.025161099069643114e+03
1.035513795207949897e+03
1.016597481291399390e+03
1.027939992677520650e+03
1.044680446998441084e+03
1.028907312872146804e+03
1.039236803385232861e+03
1.031048956996644847e+03
1.039200436206082259e+03
1.016070579736667923e+03
1.034302460366781361e+03
1.022150146262564363e+03
1.022288256252238284e+03
1.031442524691392464e+03
1.019767442432099415e+03
1.024748841730673803e+03
1.032035015976596014e+03
1.028032960002641630e+03
1.032421880235983508e+03
1.031770635130390929e+03
1.048210699627391023e+03
1.020623440180616967e+03
1.036930512082266659e+03
1.020948833447308061e+03
1.024281223514579096e+03
1.033952857823911472e+03
1.047393545806441580e+03
1.022953672214381754e+03
1.030565166571795316e+03
1.033238295165552699e+03
1.029348410742271653e+03
1.028147422200369874e+03
1.012147501338626967e+03
1.024308022706626389e+03
1.019232334275095809e+03
1.030948422385694812e+03
1.027995499398291713e+03
1.035247724007864917e+03
1.029254093137707741e+03
1.012241180062531726e+03
1.046303569189627979e+03
1.017618040540770266e+03
1.024682024407695053e+03
1.008408114494553502e+03
1.019450359861130096e+03
1.023634500482343810e+03
1.020968281235523250e+03
1.011258002316006014e+03
1.017333292576030203e+03
1.025737821052419122e+03
1.015314265240063833e+03
1.036879522884088374e+03
1.026615137145498693e+03
1.038393095014924938e+03
1.039559227616532780e+03
1.016422299623028721e+03
1.020878353017753966e+03
1.004923609423197377e+03
1.012762796123061548e+03
1.014361879860044724e+03
1.010678791806830077e+03
1.009354930251675000e+03
1.026915523898942865e+03
1.016090858201567244e+03
1.026649219259159736e+03
1.026852990914456996e+03
1.024699941991634432e+03
1.017767677308048746e+03
1.028806060983260522e+03
1.012397822880747412e+03
1.035961189382074281e+03
1.029658907508603534e+03
1.014496227470049917e+03
1.012716980206972721e+03
1.032750428674302157e+03
1.015750420977276917e+03
1.017856816644336277e+03
1.019925761790009233e+03
1.020457902108842973e+03
1.008578651848528125e+03
1.021337247277339202e+03
1.015474771678699994e+03
1.000179044206061576e+03
1.013201347725264100e+03
1.010553479458018501e+03
1.012153905566905564e+03
1.028248286327812366e+03
1.005388282785633237e+03
1.023204446392125192e+03
1.014572474031210731e+03
1.023672558548124016e+03
1.008951050220009961e+03
1.009857569847053014e+03
1.014429036524504340e+03
1.019095224040901940e+03
1.021013163983319942e+03
1.032284181207232677e+03
1.022571212164318922e+03
1.019323329026939746e+03
1.028199836573203811e+03
1.020679627305159102e+03
1.025326910574476642e+03
1.031522742009361764e+03
1.027095990562697807e+03
1.002957477694541581e+03
1.015389400790566242e+03
1.008052973162735725e+03
1.012481664311930331e+03
1.003135237986379821e+03
1.012311543893509679e+03
1.013612954525120472e+03
1.027131949904734483e+03
1.013093956578740176e+03
1.025386305303382187e+03
1.013153003832709260e+03
1.025114679682410269e+03
1.022982012482357618e+03
1.011608406806927064e+03
1.028786966196700860e+03
9.983481231590577636e+02
1.004120550071110301e+03
1.031017346643652900e+03
9.906188702767487939e+02
1.011844983570419799e+03
1.001629404493098150e+03
1.011206680532530868e+03
1.004108889561078286e+03
1.005601670250383563e+03
1.015581896862980784e+03
1.012344084432759132e+03
1.014958246096861558e+03
1.002805894008245104e+03
1.010920607083117716e+03
9.966713936834759124e+02
9.966268733034502247e+02
1.009271732910578521e+03
1.016080902315758635e+03
1.011869417330298802e+03
1.016041784888574853e+03
1.001849225772294403e+03
1.001545244642447301e+03
1.018595539448625232e+03
1.004577687890665970e+03
1.011567953619312107e+03
1.011631196836094546e+03
1.018896600105665584e+03
1.022834678055349173e+03
9.933604560352160888e+02
9.957620048496285108e+02
1.012077378663182117e+03
1.000600151404110761e+03
1.014208835808346294e+03
9.883648650030205545e+02
1.012401706211651003e+03
1.000394819649087026e+03
1.005264424803330485e+03
9.955842228721014635e+02
1.009384404755315586e+03
1.008967337817211501e+03
1.023968022279965112e+03
9.869354247582454036e+02
1.010059493362728745e+03
1.012081509207195609e+03
1.006450837404689082e+03
9.937367540551415459e+02
9.967018701620369256e+02
9.929708021822068531e+02
1.020976456986843573e+03
1.005346302085472303e+03
1.019167657970250048e+03
1.008915134800354735e+03
1.000941744835532177e+03
1.017836051839229071e+03
1.003761065040572248e+03
1.004991533799046351e+03
9.998745560023867256e+02
9.960892656977381421e+02
9.997491487151913816e+02
9.869164261863186312e+02
1.000935076827477246e+03
9.842584230660969524e+02
1.012776818024868930e+03
9.956975275511343852e+02
1.001521068589629067e+03
9.966303149586926793e+02
1.004086734066691520e+03
9.989853833229473139e+02
9.981025731118198792e+02
1.004533691889880629e+03
9.928528160984726583e+02
1.000272143932283257e+03
9.943184075216640849e+02
9.973188419920520573e+02
9.992984100556845988e+02
9.983082718800154680e+02
9.987622718941050834e+02
1.002299587593023148e+03
9.925038576300523800e+02
9.950536417797247850e+02
9.861576039637078566e+02
9.902920637532226920e+02
9.909194421384097495e+02
9.929757333484662922e+02
9.971012874573079898e+02
9.966913612623832250e+02
9.997362165577799260e+02
9.968455157457791529e+02
9.904237562745520336e+02
9.974612726252305492e+02
9.951133118180463271e+02
9.810393297717893120e+02
9.912178431291310972e+02
1.007993742073341195e+03
9.929520247575397889e+02
9.991202410962323484e+02
9.957024667421677577e+02
9.937697601129409577e+02
9.840377215013012346e+02
1.006396307200357342e+03
1.000830526789655664e+03
9.986467192158779653e+02
9.844391061161735479e+02
9.895512792688386980e+02
9.851018695567080385e+02
9.859984039622356704e+02
9.919070892380186706e+02
9.877899207508368136e+02
9.754529568116749942e+02
9.945725995558149179e+02
9.812641945469135862e+02
9.886678481632935700e+02
9.872327534550229302e+02
9.879878810659996589e+02
9.936554130159366878e+02
9.886759712849506059e+02
9.874551238962470734e+02
9.879170006394255097e+02
9.987115204247661495e+02
9.789250648166702149e+02
9.844644045956144964e+02
9.725406891776741531e+02
9.953922161588873223e+02
9.926005298336232272e+02
9.855475672847143187e+02
9.921388851991093816e+02
9.798557407432756463e+02
9.850188161875319111e+02
9.861179440289455442e+02
9.968391733592151240e+02
9.833487211083202055e+02
9.926224502308741648e+02
9.970428342928071288e+02
9.910380919397279058e+02
9.886347393500557246e+02
9.826333060722683967e+02
9.847044747376450005e+02
9.803202256746150169e+02
9.736399339913141375e+02
9.807690645279433284e+02
9.896763430623130944e+02
9.834666402232379596e+02
9.770802576493455263e+02
9.734630163188579672e+02
9.865828422118984236e+02
9.866902580447199398e+02
9.844287665452447982e+02
9.857046064593290566e+02
9.851142432038280958e+02
9.785815071091257096e+02
9.877335726165343885e+02
9.834216857759483901e+02
9.973238230884908262e+02
9.841644048924243862e+02
9.739971061094702236e+02
9.765009761991788082e+02
9.904520078430371086e+02
9.754612272989309076e+02
9.818231373354325342e+02
9.846993810236408535e+02
9.633517900743441942e+02
9.701549927455466786e+02
9.804162813045583107e+02
9.781145211945375877e+02
9.910813695518579607e+02
9.794269892386548690e+02
9.745916138786279816e+02
9.836241886434667094e+02
9.732589936033143658e+02
9.826045080503748750e+02
9.680431651783977713e+02
9.784719955833348877e+02
9.826081647058621229e+02
9.646878018724814865e+02
9.783659721813028227e+02
9.736813243883815403e+02
9.642657355396751200e+02
9.885728499578534638e+02
9.655089327423999066e+02
9.771955544422801268e+02
9.794191863212568023e+02
9.854222764323126285e+02
9.698464124757806530e+02
9.825879972653495997e+02
9.581032964735641144e+02
9.711180627284389857e+02
9.708461207758718956e+02
9.784604018405852912e+02
9.731671986764847588e+02
9.843292399824476888e+02
9.703363354460058190e+02
9.666063776401891801e+02
9.743506382054896449e+02
9.720144269539727020e+02
9.670367673097325678e+02
9.830694700392116374e+02
9.763818657298836570e+02
9.696551221942927441e+02
9.762405673269264526e+02
9.685805947413344938e+02
9.633799362014206054e+02
9.690347109461943091e+02
9.750922586719923402e+02
9.735135308980997024e+02
9.711065845488583363e+02
9.731167735791439100e+02
9.752572222221664333e+02
9.596170902772310001e+02
9.622460765750161045e+02
9.616198779447441893e+02
9.842774539145734707e+02
9.815701970554446234e+02
9.678235945611867237e+02
9.670031158153295792e+02
9.735142053165805009e+02
9.559717011706518406e+02
9.604711555492981461e+02
9.655415768187439198e+02
9.540866323339794235e+02
9.618232117513804269e+02
9.680673680789941500e+02
9.675491753435437658e+02
9.618006462922588753e+02
9.635135818397534422e+02
9.607229925611885619e+02
9.570139925856218497e+02
9.557888310676034962e+02
9.550333166275640906e+02
9.615888996935030946e+02
9.602672832392736382e+02
9.652925342424347264e+02
9.666581739190241933e+02
9.762240998073556284e+02
9.437730685293464603e+02
9.589143485635295292e+02
9.580985472872046103e+02
9.706696375179579945e+02
9.644711461483134372e+02
9.604221493599366113e+02
9.594933707806386565e+02
9.578677678352793237e+02
9.618371091079220605e+02
9.502042877005861783e+02
9.489760887001763194e+02
9.421023236463618105e+02
9.495198102420891928e+02
9.609442538662008246e+02
9.718646716045371932e+02
9.635371976074924305e+02
9.611972046025070995e+02
9.651703053573795614e+02
9.684965571528285864e+02
9.489637013014470313e+02
9.586280231720133997e+02
9.468379266124444484e+02
9.568070238752187606e+02
9.535981507927281200e+02
9.576575505746068302e+02
9.539013016964643157e+02
9.587476019493738022e+02
9.613997286974654344e+02
9.479368953626039911e+02
9.443252619956963372e+02
9.455093796880785249e+02
9.390499216637321069e+02
9.525187168286801125e+02
9.511483027748535051e+02
9.710044491991734503e+02
9.526967300753201471e+02
9.637118596737203688e+02
9.450256355121374554e+02
9.549117427484131895e+02
9.589964393103783777e+02
9.548354555902747052e+02
9.599321915044248499e+02
9.403641115593303539e+02
9.366989983339493619e+02
9.486695014216732034e+02
9.529083077687059813e+02
9.427633105812618624e+02
9.517051517722305789e+02
9.403338317569858873e+02
9.569643705318485445e+02
9.479343983816636410e+02
9.478893451827099170e+02
9.390280981961126372e+02
9.294548711220517134e+02
9.620123162614247576e+02
9.544298383182865564e+02
9.401678774282037239e+02
9.438110739903835338e+02
9.505616763417001494e+02
9.288723814572562105e+02
9.523263201794459292e+02
9.518519570476047420e+02
9.379942647526669361e+02
9.530680658254480022e+02
9.320977851645977807e+02
9.241453712165053958e+02
9.455308568691224309e+02
9.491387750922439182e+02
9.319769214246958882e+02
9.503740662048818422e+02
9.415209172354184375e+02
9.435722193373397886e+02
9.456329311469065715e+02
9.502033037146417200e+02
9.333524242494647751e+02
9.484722188786170136e+02
9.329208798215906882e+02
9.374855528913737999e+02
9.448227194952000900e+02
9.493573724975452706e+02
9.381260770241585760e+02
9.365397315318114124e+02
9.321669381298943335e+02
9.341801698165830885e+02
9.420737064032538228e+02
9.528050451673598218e+02
9.300928909717429178e+02
9.414407388730896855e+02
9.327860096120647313e+02
9.345821898838014476e+02
9.188490583949225083e+02
9.296620366400945841e+02
9.334664813499175580e+02
9.299280988876844276e+02
9.349725114104602426e+02
9.325061746114565722e+02
9.303180385230125466e+02
9.170758574075155138e+02
9.370700561616171171e+02
9.360470349425158929e+02
9.251828023824970160e+02
9.307257251449054820e+02
9.288499530967852706e+02
9.369261044760131654e+02
9.333587553820502762e+02
9.183555644679569241e+02
9.206589930633564336e+02
9.226231860509464013e+02
9.346460050084716613e+02
9.376389475116430958e+02
9.156659445090222107e+02
9.311886335806728994e+02
9.243184006220370748e+02
9.294251506414670985e+02
9.148967973095050183e+02
9.235640877700753890e+02
9.166974659542797781e+02
9.451579822021205928e+02
9.337862289379471576e+02
9.374625239643453369e+02
9.277925659235635294e+02
9.119680984411140798e+02
9.222102006733853159e+02
9.240271790230469833e+02
9.339642751750467369e+02
9.274439668107544321e+02
9.260775295987673417e+02
9.376925291861205096e+02
9.180145883226896331e+02
9.047115129740594739e+02
9.283533202194820433e+02
9.140800096999054176e+02
9.170016209153233149e+02
9.459611010206336914e+02
9.114353913504999127e+02
9.215550742803242201e+02
9.344832664491489140e+02
9.296119049047094904e+02
9.323155379298092384e+02
9.084796187532402882e+02
9.096706457657833198e+02
9.114677568011430822e+02
9.205045516167532469e+02
9.256039962715341289e+02
9.375538840213104095e+02
9.293170547607794560e+02
9.143313826286782842e+02
9.093712529545261987e+02
9.146669094362833903e+02
9.141616756309859966e+02
9.158361486220557026e+02
9.181410620862284304e+02
9.240274598795451766e+02
9.220067983578713893e+02
9.133646801894551572e+02
9.235547581681348674e+02
9.190222202589659446e+02
9.068047597087825125e+02
9.226723997349675983e+02
9.191364932557009979e+02
9.014158041054049590e+02
9.131598767214848067e+02
9.074118462309922961e+02
9.022956025379252196e+02
9.155362926840585942e+02
9.069327115099899856e+02
9.056326145412175492e+02
9.170323535423200383e+02
9.117368639448247905e+02
9.226990057969665031e+02
9.069052933101249891e+02
9.137625174749936150e+02
9.244795479315024522e+02
8.958745259955750271e+02
9.007879742043245415e+02
9.107492579454254837e+02
8.984161557728398293e+02
9.027841439825127736e+02
9.026886846500334514e+02
9.150085786531751637e+02
9.153693225424639195e+02
9.165206172972914374e+02
9.131861993107711442e+02
9.110788885808254918e+02
8.906723396156932040e+02
9.103929611242451756e+02
9.105675230635433763e+02
8.969783795335579271e+02
9.004048424771877990e+02
8.926534942703901834e+02
8.951757402501347087e+02
9.115991751692913567e+02
8.976118514592147903e+02
9.030698163972867860e+02
9.062735473743086914e+02
9.112277783596003928e+02
9.009511414995545238e+02
9.007936056381164462e+02
9.012310391500311653e+02
8.955650514802387079e+02
9.020421214520947615e+02
8.900468876873769659e+02
8.821823063966069185e+02
8.956021431044630390e+02
9.080273128919195642e+02
9.057761349475944144e+02
9.033401191867681064e+02
8.987273208760996113e+02
9.047134145210068255e+02
8.990648323660512915e+02
8.979938281608679063e+02
8.820482569350872382e+02
8.940604782971006443e+02
9.005883834437538553e+02
8.859712521363978794e+02
8.833194640448202790e+02
8.989469785772882915e+02
8.862687138927412889e+02
8.892228783528745453e+02
9.032466480465330960e+02
8.858326166662947116e+02
8.989431169042337615e+02
8.749943526962663327e+02
8.874131764956724737e+02
8.870446099749585755e+02
8.841157231945844615e+02
8.869432179446038162e+02
9.021621560431627813e+02
8.886219302985728064e+02
8.979666278601706608e+02
8.952687640288679631e+02
8.773988218208514809e+02
8.917545946853839496e+02
8.895092276745826894e+02
8.787380436398368602e+02
8.979570144470876585e+02
8.889238016433300800e+02
8.816125687600600713e+02
9.041296817247273339e+02
8.960960706454773117e+02
8.810279789404617077e+02
8.755610357919168791e+02
8.697836705577758494e+02
8.997228951082491903e+02
8.818971501402618287e+02
8.908759692964952137e+02
8.847465218191379108e+02
8.842640934582383352e+02
8.798991528698378488e+02
8.730452222275023360e+02
8.680280435867405231e+02
8.714557222677068467e+02
8.686395908343714609e+02
8.814258374459514016e+02
8.704927097253553256e+02
8.970900118100869349e+02
8.910934343330692400e+02
8.813276654145535076e+02
8.727057787929618371e+02
8.613016616119573428e+02
8.750990917721491087e+02
8.687220681936157689e+02
8.765341502986034357e+02
8.705668776004705478e+02
8.713928117726343316e+02
8.844617217031775454e+02
8.863968555198271133e+02
8.557547220339843079e+02
8.622207087530864555e+02
8.801453332477019558e+02
8.733281154337067846e+02
8.766136330322025287e+02
8.686468142820507410e+02
8.659160855958808725e+02
8.729958753483867895e+02
8.794505955490745919e+02
8.610412095024746577e+02
8.696850555232623492e+02
8.781155066846068848e+02
8.750193321350499218e+02
8.596142736090865810e+02
8.789911911886831604e+02
8.772200079034738565e+02
8.595909979942839527e+02
8.694291569892264988e+02
8.716418046974599747e+02
8.680392694137412946e+02
8.796652055236370416e+02
8.879847603276191421e+02
8.560889002634814915e+02
8.716985563681150779e+02
8.563774468558580111e+02
8.698108348984497979e+02
8.693033990423718933e+02
8.729787264310502906e+02
8.620522969544510943e+02
8.531647942171747445e+02
8.583412474855059600e+02
8.640543190490072902e+02
8.560370259226654071e+02
8.767842820002499593e+02
8.586991429123492026e+02
8.647864370880089382e+02
8.652576683685230137e+02
8.746423846430914182e+02
8.388229839914931745e+02
8.547584950822465544e+02
8.764976878311540531e+02
8.733107784196402008e+02
8.612097438948885610e+02
8.466083031996475938e+02
8.632214775680483854e+02
8.683693492255827096e+02
8.643723000745994796e+02
8.584010981928894353e+02
8.341465328742482370e+02
8.849428882256559064e+02
8.635103585874087457e+02
8.527999626836949574e+02
8.405610583184902680e+02
8.562775834889698672e+02
8.468724145928007374e+02
8.538367884157587469e+02
8.478528992852276360e+02
8.549365067909407117e+02
8.639020303667967937e+02
8.584035815127482465e+02
8.483323520528624613e+02
8.646753197066532266e+02
8.612961367933373822e+02
8.465118598633646343e+02
8.497062945287904085e+02
8.562558277498341113e+02
8.412873638836679220e+02
8.541603376426719478e+02
8.505097196372508961e+02
8.441449229302832009e+02
8.482663654815981999e+02
8.469125485156873765e+02
8.449415888053651997e+02
8.508043811785812522e+02
8.486499522926093277e+02
8.494143194192035935e+02
8.531031480092924539e+02
8.598946545541527939e+02
8.334195971989524878e+02
8.417170412407795084e+02
8.284343632636612256e+02
8.362237730921921184e+02
8.460526465658058441e+02
8.531547605138460995e+02
8.344840905949209855e+02
8.301190240484131664e+02
8.614561604409059328e+02
8.319108088159614454e+02
