9.139883225160838265e+02
9.153672469671770386e+02
9.184740877066293478e+02
9.129464082861161387e+02
9.089288876959803929e+02
9.197089919289360296e+02
9.261039355754312510e+02
9.210436732716185588e+02
9.221404708193036868e+02
9.141109731098862312e+02
9.132091922759844920e+02
9.341715172635645104e+02
9.100638995420043784e+02
9.201100777690840005e+02
9.243421144711190891e+02
9.194360059750028995e+02
9.091196576732394306e+02
9.070521939946463590e+02
9.321831977296612877e+02
9.268763182305998498e+02
9.100742410874536290e+02
9.109470449593087551e+02
9.240976327160487926e+02
9.276153109035203670e+02
9.099604554331846202e+02
9.303396160453925177e+02
9.278733275683104011e+02
9.179051150219769397e+02
9.227718506905733875e+02
9.256031676015852554e+02
9.119876515649016255e+02
9.086767732400602426e+02
9.287340348816226197e+02
9.172467737129975376e+02
9.202160755062427597e+02
9.185616263016181620e+02
9.235448470226140216e+02
9.267825840068402385e+02
9.143602071055237275e+02
9.179691307019991200e+02
9.177761829756070711e+02
9.122372802592753942e+02
9.328781971107055142e+02
9.150068993427657915e+02
9.180175095621923447e+02
9.045628749678068061e+02
9.134800024373309952e+02
9.348039496779470028e+02
9.341233998777341867e+02
9.164955639441056974e+02
9.186486990173427785e+02
9.176962856375103001e+02
9.318117275698999720e+02
9.128535032434542700e+02
9.289749725835334857e+02
9.278304433914335050e+02
9.212860007289744999e+02
9.256983256762090377e+02
9.182756584622433138e+02
9.167158425626014377e+02
9.107913867132581345e+02
9.198695554540739749e+02
9.199255104732715154e+02
9.126359180690317316e+02
9.092336594976771948e+02
9.366059355178429087e+02
9.172723850904186520e+02
9.218810449599102412e+02
9.199819602953220965e+02
9.188559605828606891e+02
9.273888611161446534e+02
9.455413386094134012e+02
9.347933994120089665e+02
9.363872981785301590e+02
9.308109674570683865e+02
9.271831048802090436e+02
9.216755288750770205e+02
9.253977161399133138e+02
9.391271425623943969e+02
9.108626958953793746e+02
9.274557468977825465e+02
9.154232671701181516e+02
9.201727461468437923e+02
9.230818324690509371e+02
9.176290988111715023e+02
9.093596372175212537e+02
9.339339659375334577e+02
9.389081353965975723e+02
9.114417463878503440e+02
9.119351580028012449e+02
9.090024067485463775e+02
9.306574016685698325e+02
9.239479668906714096e+02
9.260006558317231793e+02
9.235347237869432320e+02
9.191075496276271224e+02
9.307160904661600398e+02
9.192285012376745499e+02
9.221177889657479909e+02
9.332676267290132728e+02
9.348677572220483398e+02
9.206668890717875229e+02
9.338494609073617312e+02
9.172317609029828418e+02
9.192926591946253438e+02
9.182899817845207053e+02
9.295568421386236651e+02
9.335616334435933368e+02
9.275548993454553965e+02
9.236084764502402322e+02
9.387400380871347352e+02
9.248648876707967474e+02
9.297924252627926762e+02
9.346768014097324340e+02
9.265990584302247726e+02
9.351570572891844222e+02
9.320401606462914970e+02
9.209972624783497395e+02
9.309968630769020592e+02
9.276742995011557014e+02
9.178587017947673985e+02
9.173911879817701447e+02
9.385013171060435297e+02
9.243551671375594196e+02
9.369357314938172294e+02
9.272893198980362968e+02
9.246659212313380749e+02
9.212449348447842112e+02
9.314799956332331021e+02
9.284389723394519933e+02
9.225647805310509284e+02
9.487899370263197625e+02
9.192643028714229558e+02
9.434407800783584435e+02
9.421385163709863946e+02
9.352641776169568857e+02
9.331850994747406958e+02
9.219393465370483227e+02
9.285152396682433391e+02
9.096515111949978518e+02
9.393220229008345541e+02
9.389715793759157805e+02
9.378078510954587728e+02
9.255939716438567757e+02
9.358752394272677293e+02
9.285562598180232499e+02
9.485082964259856908e+02
9.352790490525098903e+02
9.273322969452046891e+02
9.314833544985907565e+02
9.179788169772781430e+02
9.349880403732878449e+02
9.284649231276553110e+02
9.227779802897254058e+02
9.342956809713351731e+02
9.203004831136847770e+02
9.211392081566859815e+02
9.325462234072754200e+02
9.263896988784182440e+02
9.244325752558288514e+02
9.238642315758764880e+02
9.488229471257114938e+02
9.323445283221419686e+02
9.361181679721479441e+02
9.187252989683898932e+02
9.309647257344238369e+02
9.415253347350305830e+02
9.356765011635891369e+02
9.463310914021383269e+02
9.263962172617306123e+02
9.304691134953015990e+02
9.364111494778234146e+02
9.345094026157858025e+02
9.337727930068418800e+02
9.183983196205821287e+02
9.220292809727786789e+02
9.448166908663049526e+02
9.286106626629130005e+02
9.310983576660796643e+02
9.402435172464325888e+02
9.369319616522743672e+02
9.194800061041225945e+02
9.335078282368202736e+02
9.294342038275964342e+02
9.245010640363170751e+02
9.319667295607711139e+02
9.308392457780610130e+02
9.365992178841258919e+02
9.373937612823870040e+02
9.266021419933689458e+02
9.380536915506689866e+02
9.246203775985209177e+02
9.298085250924219736e+02
9.150732897913532042e+02
9.288138974406253965e+02
9.459007324679481599e+02
9.416731141646655487e+02
9.387493516935794560e+02
9.356439001869077856e+02
9.555568473586970413e+02
9.309384752022662042e+02
9.247579323469141173e+02
9.418567765486953931e+02
9.334011620487616483e+02
9.359335539856134574e+02
9.511759218630866144e+02
9.331482302574203231e+02
9.329336483019141042e+02
9.448428905136265712e+02
9.336483367465615402e+02
9.391285548480657326e+02
9.258114075302119090e+02
9.468861763497312722e+02
9.336661522196598071e+02
9.347926711572338263e+02
9.453283746656534277e+02
9.418075044915048011e+02
9.420975157062582639e+02
9.325797654132626349e+02
9.441633946996564646e+02
9.378789901398344000e+02
9.337528671522005652e+02
9.470553188007846757e+02
9.312367000215811004e+02
9.463031864348731688e+02
9.357606103685786820e+02
9.453739032449389015e+02
9.412848872643685354e+02
9.638592931688732506e+02
9.384212056440002243e+02
9.353186557493934288e+02
9.277410360787627042e+02
9.276194324354792116e+02
9.332702840961517268e+02
9.227871767023752909e+02
9.414463541676450404e+02
9.440857679081867673e+02
9.475184385569267533e+02
9.304740422195447991e+02
9.489425570999877664e+02
9.439937791036826411e+02
9.276326908802094522e+02
9.350493469918644678e+02
9.411943789171499475e+02
9.559660380544977443e+02
9.448416884559349000e+02
9.314762950854822066e+02
9.332151453319653456e+02
9.216945023233211032e+02
9.418071360072176503e+02
9.420127256051431459e+02
9.317415656716763124e+02
9.393479033174661481e+02
9.372863936185178773e+02
9.393955355440384665e+02
9.324359139167983130e+02
9.471222338632143192e+02
9.278512289092871015e+02
9.414738086269754831e+02
9.548648819103905225e+02
9.350907777197181758e+02
9.399451044076436119e+02
9.418089186397897947e+02
9.529497502858456528e+02
9.400589945198250916e+02
9.507855215007496099e+02
9.369124384314598046e+02
9.348747993746549128e+02
9.434770952274579940e+02
9.444116976064667597e+02
9.512577964934110923e+02
9.363515627650847364e+02
9.317797154623737015e+02
9.309169318510710127e+02
9.401547745318566740e+02
9.416723336928980643e+02
9.388049016340505659e+02
9.508967147731652858e+02
9.416225094819375272e+02
9.545069470974079877e+02
9.397544382124755202e+02
9.394520724111214349e+02
9.356154742240221367e+02
9.380493949216628380e+02
9.440916167703869633e+02
9.409375559136154834e+02
9.360507286680785910e+02
9.404706491248391558e+02
9.411934536004537222e+02
9.255302698598451343e+02
9.416717565616909269e+02
9.477699570994561782e+02
9.324847685228155569e+02
9.343740646306041526e+02
9.308337506405164277e+02
9.370690212278021818e+02
9.372466015876277652e+02
9.464348067145377854e+02
9.292496797904784671e+02
9.539904410400785082e+02
9.437196414453359239e+02
9.451629315039842822e+02
9.411352031659105251e+02
9.472662640463423713e+02
9.410239859197737360e+02
9.442116529231905133e+02
9.489341393432353016e+02
9.196241304092862947e+02
9.251388405323323241e+02
9.463325893877720318e+02
9.483859430574769931e+02
9.505066233941274731e+02
9.426571703932368109e+02
9.383028207630482029e+02
9.452096073770509292e+02
9.369925212095261031e+02
9.455073755431559448e+02
9.435115997016711162e+02
9.340325527014099407e+02
9.323535800560657663e+02
9.580715676429977066e+02
9.528704147824691972e+02
9.436263332642873820e+02
9.412523666192013252e+02
9.491464725796832909e+02
9.462952016525161980e+02
9.465222919909583652e+02
9.407206894387996954e+02
9.472021281898530560e+02
9.636585558991286007e+02
9.583265893883743729e+02
9.415915167138571178e+02
9.424096682691684919e+02
9.554982276980247207e+02
9.405859690502177273e+02
9.512060798371032888e+02
9.331968383980470207e+02
9.350439384485745222e+02
9.453941493039041006e+02
9.353187621103875244e+02
9.532844547641129793e+02
9.529524695021946172e+02
9.409542859324760684e+02
9.395822167267663190e+02
9.457338158528405074e+02
9.438742587329071512e+02
9.564586834010893881e+02
9.578066807880246643e+02
9.304275782024719774e+02
9.414813943468923298e+02
9.425187449032354152e+02
9.558897662939240263e+02
9.615338650752868261e+02
9.444683766862839320e+02
9.608109553205957809e+02
9.483300998395424131e+02
9.507448920481122059e+02
9.535494057760133728e+02
9.524969887654409604e+02
9.539519815242827008e+02
9.531568790687549608e+02
9.429176927143013245e+02
9.435509582973860461e+02
9.356570167393276733e+02
9.508244078057035722e+02
9.470075002398961033e+02
9.412621909526704940e+02
9.416964007781941746e+02
9.451880216843622975e+02
9.527331969761802384e+02
9.433087598203321704e+02
9.636703403698819557e+02
9.470857456731926050e+02
9.560007814420666818e+02
9.512776134778101778e+02
9.534569542631204513e+02
9.554677984307998031e+02
9.554594648817466123e+02
9.585424840425242792e+02
9.443842748574879806e+02
9.416859663099825184e+02
9.467107264086948817e+02
9.351204759081114162e+02
9.528524455553598500e+02
9.479012714146081180e+02
9.613459783751594614e+02
9.377343731103394475e+02
9.505545961342977535e+02
9.454981178182346184e+02
9.514040938681938542e+02
9.461425747342739214e+02
9.516365683639296549e+02
9.573056092777121648e+02
9.508035459180457565e+02
9.426907588780984497e+02
9.661069580065179707e+02
9.398279523690728183e+02
9.486902199780868159e+02
9.408798358881413151e+02
9.526549118604604018e+02
9.511582518463604856e+02
9.514311674678158397e+02
9.569207396475026144e+02
9.464032286423225742e+02
9.505880850997530160e+02
9.628183788318053757e+02
9.511914816396800916e+02
9.535382181961327888e+02
9.414098685318315347e+02
9.405091698946342831e+02
9.408187119976884105e+02
9.562378958351105211e+02
9.514639349580000953e+02
9.404836834387870113e+02
9.462091684029040835e+02
9.523860578532352292e+02
9.463756390044335376e+02
9.457840617568203925e+02
9.612966875193427541e+02
9.498194927809175852e+02
9.483711171753510598e+02
9.512660249478111609e+02
9.452467829469687786e+02
9.451440834789605105e+02
9.459932815891569362e+02
9.528647889056906024e+02
9.541335279081795306e+02
9.548019778834499220e+02
9.661953741624239456e+02
9.496605732836866309e+02
9.549913259358467030e+02
9.438690702870375162e+02
9.491680504255632513e+02
9.466608755628896006e+02
9.549633335312332747e+02
9.665956592757927410e+02
9.552855012217473814e+02
9.437124212190559547e+02
9.455377477039504583e+02
9.524934936545683968e+02
9.571462794764154296e+02
9.508873151664171246e+02
9.601238917027533262e+02
9.522171580691104964e+02
9.534651763643651066e+02
9.458087196070146092e+02
9.420291655764517600e+02
9.509190266012831216e+02
9.506752100214189340e+02
9.674150321043306349e+02
9.408474846537744725e+02
9.670004585086165889e+02
9.420808948734800197e+02
9.633958004568770548e+02
9.514333249155458816e+02
9.539949672079631000e+02
9.702186097498066601e+02
9.396684327761449822e+02
9.496457059450469842e+02
9.575383754901429256e+02
9.629554546751572843e+02
9.524029859079918197e+02
9.438428880128726632e+02
9.547953509601908308e+02
9.551298892083439114e+02
9.495224753584832342e+02
9.386607291477691888e+02
9.651882466566370340e+02
9.614666269276340245e+02
9.380505684867652008e+02
9.607073970801571932e+02
9.604404287559117392e+02
9.499839295148868814e+02
9.534621003920691464e+02
9.620447866866086315e+02
9.468104562983921824e+02
9.534230906349669112e+02
9.622258024790307900e+02
9.478357049385887194e+02
9.506908007482026051e+02
9.585847960384915041e+02
9.579133621698526895e+02
9.466400050909109041e+02
9.462451458124078272e+02
9.519806149497807155e+02
9.637661407578918897e+02
9.642940949996182098e+02
9.373915521066604697e+02
9.496586652851693771e+02
9.500514367645301945e+02
9.509792233621187734e+02
9.548460097751100193e+02
9.465041634806582351e+02
9.417605904895924596e+02
9.513662429343543181e+02
9.713188869769107896e+02
9.455878178231142783e+02
9.696773122737386075e+02
9.542673723961207770e+02
9.532291575283245493e+02
9.613983995799104605e+02
9.669564519818994768e+02
9.548971555839787015e+02
9.627916173662882784e+02
9.524590431947416391e+02
9.781083241259208307e+02
9.673781596863283312e+02
9.688699085578624590e+02
9.632026080090940923e+02
9.603279070899028511e+02
9.490112656828548552e+02
9.545663153657894782e+02
9.664850908050019598e+02
9.694601757861851183e+02
9.548274616971406203e+02
9.490818261184961102e+02
9.662107943369147733e+02
9.646918827380800394e+02
9.472637124371105983e+02
9.672968539651495803e+02
9.603257124189987053e+02
9.583687004446903757e+02
9.694607965013517514e+02
9.683611171967160089e+02
9.664714605965955343e+02
9.609588475282770332e+02
9.478173704160952866e+02
9.550185868635932138e+02
9.536938755572756463e+02
9.529512946479264883e+02
9.537579797997293554e+02
9.626030482662374652e+02
9.619476785774460268e+02
9.531326718634053350e+02
9.473066919674214432e+02
9.551663044003532832e+02
9.661061724467823524e+02
9.603191808345695790e+02
9.479220025070675320e+02
9.656094810960063342e+02
9.605837543018286624e+02
9.474699870988486055e+02
9.528037650890014447e+02
9.735985518842506963e+02
9.576562098082581542e+02
9.728808945340147147e+02
9.499514490896860934e+02
9.763512005906468403e+02
9.389421102185614245e+02
9.471085156800962750e+02
9.600576795265116061e+02
9.607994246489251964e+02
9.599389593177048710e+02
9.628612592752770070e+02
9.543519171272597532e+02
9.652009471003188992e+02
9.708432771850530116e+02
9.513630122378897340e+02
9.709457743265410272e+02
9.667212091107402330e+02
9.617868784255100536e+02
9.652221380473333738e+02
9.700772174413467610e+02
9.618634722044672571e+02
9.685231197870551796e+02
9.716601095615891381e+02
9.584722114325862776e+02
9.709061243450338452e+02
9.499942774566237631e+02
9.589495042191614402e+02
9.692643982179728255e+02
9.716630076542058987e+02
9.744824024468988455e+02
9.628249534028589096e+02
9.660289481489588752e+02
9.802101154684185076e+02
9.654973037938750622e+02
9.782232604723473059e+02
9.577384597033325235e+02
9.759236008638265503e+02
9.542993431945563998e+02
9.719912160645047834e+02
9.740659063711433419e+02
9.705086189138571626e+02
9.667774233822131009e+02
9.609625263603235226e+02
9.600875214330110339e+02
9.597174716955375970e+02
9.698729458876420040e+02
9.811446851961120501e+02
9.762066731907315216e+02
9.660876816899059349e+02
9.643276925389607186e+02
9.633843475650529626e+02
9.681527906253400033e+02
9.646487436081104079e+02
9.788472087013917644e+02
9.596050695083677056e+02
9.718603470978343921e+02
9.648321948158529722e+02
9.582900687199274898e+02
9.698162771526065171e+02
9.684772559420467815e+02
9.643909596741877976e+02
9.665860868935219514e+02
9.772246681031014077e+02
9.641989611355987790e+02
9.669394415948154347e+02
9.659284378367642603e+02
9.530225519171461883e+02
9.681095494855311472e+02
9.699359431654224863e+02
9.640147860959497166e+02
9.488357173337079757e+02
9.692446638622136561e+02
9.660164971816469688e+02
9.549567304297141845e+02
9.486373480350691807e+02
9.604324173510008222e+02
9.650715269509463496e+02
9.593620743128259392e+02
9.687330065965434187e+02
9.515210137583511596e+02
9.596431461033275809e+02
9.586278113006484318e+02
9.622276930108654369e+02
9.522648638268342438e+02
9.618954409582938752e+02
9.597042304520506377e+02
9.624314813984360626e+02
9.672155713440550926e+02
9.698937560849159354e+02
9.570079703329496397e+02
9.642962301545776427e+02
9.731803169983460293e+02
9.818687928778872447e+02
9.766219036776002440e+02
9.755321477469070715e+02
9.630738655990902544e+02
9.691210471044089445e+02
9.701914045592614002e+02
9.777991060202175504e+02
9.745669692809607341e+02
9.789434140598045815e+02
9.626912335101446843e+02
9.670445910280151338e+02
9.632652812196737386e+02
9.719918239684044465e+02
9.541558963025405546e+02
9.808952432726662209e+02
9.793386634601968126e+02
9.783014659171169569e+02
9.578955128975146636e+02
9.741737811728459064e+02
9.787744005328337380e+02
9.688381361918924313e+02
9.646507567226643687e+02
9.645276133605877931e+02
9.742077071985568182e+02
9.783940567110926168e+02
9.737371204984950737e+02
9.689359163844528666e+02
9.774758416140541613e+02
9.716397658974501610e+02
9.666490134510087273e+02
9.693689464456732594e+02
9.753281834916740536e+02
9.668267364575661986e+02
9.730021798225333214e+02
9.666900504235022709e+02
9.677966958505139701e+02
9.566011279020435722e+02
9.652634219990694646e+02
9.623140112030432647e+02
9.796028193328620546e+02
9.656684291119413501e+02
9.562263006217272050e+02
9.612884185759568254e+02
9.647470965659246076e+02
9.566353851860025088e+02
9.631009328312426305e+02
9.648856286098840656e+02
9.792026428892586409e+02
9.586893845041870463e+02
9.649198688904072014e+02
9.757987813480375507e+02
9.715613203372577118e+02
9.867792929767945225e+02
9.739800406817287239e+02
9.695819801228112738e+02
9.574248293784704629e+02
9.766668526435594231e+02
9.775811871418492274e+02
9.714847026354195805e+02
9.748392373170021301e+02
9.843962371031908560e+02
9.721974727444086284e+02
9.498212384717724035e+02
9.580421120334979150e+02
9.711235136239155281e+02
9.647142701229277009e+02
9.671016383600353947e+02
9.697445575913554876e+02
9.530658956550236098e+02
9.676665217832612598e+02
9.731297980842728066e+02
9.736353096049529086e+02
9.588493398718931076e+02
9.891443010464101917e+02
9.886942278103666695e+02
9.625001784464111552e+02
9.887315286882218288e+02
9.725768406576155485e+02
9.858375694270514487e+02
9.765343630336695924e+02
9.837544497760791273e+02
9.809318294851053679e+02
9.527322715461239113e+02
9.713706127869093052e+02
9.874548719796891874e+02
9.876297617554648696e+02
9.842897534562165447e+02
9.625773965255947360e+02
9.773620240619427477e+02
9.766960877047574741e+02
9.687804395651472760e+02
9.780253391411370103e+02
9.713177093027691171e+02
9.761587551059127463e+02
9.713265213720424072e+02
9.833059340929062273e+02
9.692476563722569836e+02
9.670819048306333343e+02
9.758844600384283012e+02
9.781999052601469202e+02
9.656119554315873756e+02
9.733782818155599443e+02
9.876221598651002296e+02
9.737392914492725140e+02
9.787673689356507793e+02
9.819171648435335555e+02
9.728245339145246362e+02
9.751804175115098587e+02
9.675491969525783134e+02
9.869403792610316941e+02
9.586877022418418619e+02
9.646706151067641031e+02
9.668603627639529350e+02
9.894625416437673948e+02
9.741290163303694953e+02
9.688851547947518839e+02
9.856677912477587142e+02
9.567590267914073365e+02
9.782012072375979415e+02
9.712186312577630360e+02
9.779602531600625070e+02
9.648648532955936616e+02
9.719413053921376786e+02
9.802051738329369073e+02
9.615081221148739132e+02
9.756755639309972139e+02
9.805701980664032362e+02
9.828275000949358855e+02
9.634031729609955619e+02
9.791768274346430871e+02
9.697989724240927671e+02
9.748742112167914229e+02
9.837096187004383410e+02
9.774383846458157450e+02
9.762857420585309001e+02
9.689765491975189207e+02
9.567737077058530986e+02
9.646239430993682618e+02
9.657689346559292289e+02
9.844613809119654206e+02
9.775296356860934566e+02
9.817156258387825574e+02
9.756402159924384705e+02
9.766940019940013826e+02
9.767354883609669969e+02
9.865046192516902011e+02
9.779612277436788190e+02
9.813157174453707512e+02
9.715235059272364424e+02
9.705162569905875216e+02
9.659779870853227521e+02
9.731237121157897718e+02
9.746493212717119832e+02
9.763998224178612872e+02
9.921062266177812035e+02
9.751044359141242239e+02
9.842286254804347436e+02
9.741920071466178115e+02
9.792357009930296954e+02
9.675549058352487464e+02
9.655329029136873942e+02
9.808846708887554087e+02
9.665192368133975833e+02
9.733020040342365746e+02
9.692608347090313146e+02
9.839441704055078617e+02
9.884010639178341080e+02
9.812307916043097293e+02
9.948537513204433935e+02
9.727701140124744370e+02
9.831311358069763173e+02
9.721548584181689421e+02
9.840736275516688920e+02
9.784225287631248875e+02
9.689384728003510645e+02
9.824528698310085701e+02
9.898729007557234354e+02
9.682200465390255886e+02
9.816855269246090074e+02
9.656725353445788187e+02
9.892890649163533681e+02
9.781756421030637512e+02
9.853405906386527704e+02
9.710871303926788869e+02
9.726832692993925775e+02
9.743863756159057630e+02
9.782828697667771394e+02
9.859979788181298090e+02
9.834385024694892081e+02
9.752802798413365508e+02
9.883567886756243297e+02
9.888039196966799409e+02
9.739754010245051177e+02
9.799957673844861574e+02
9.781048835132592103e+02
9.747806299319415757e+02
9.793629750618499656e+02
9.593116122357171207e+02
9.910995711666413399e+02
9.658489962848634605e+02
9.802655450917192184e+02
9.804548039570283890e+02
9.809333774821227507e+02
9.829858544230596635e+02
9.793429913171648877e+02
9.932512890961020275e+02
9.847970142085534917e+02
9.744909560621956643e+02
9.804964013454724636e+02
9.696349836980865575e+02
9.868242441164869660e+02
9.673483465001704644e+02
9.818818522340937989e+02
9.747912474320874026e+02
9.876041084339983627e+02
9.842567931705905266e+02
9.865709905715308423e+02
9.987963638797604062e+02
9.788623360224961516e+02
9.859788170787830950e+02
9.714507081305306428e+02
9.857565017534828939e+02
9.577278979304496715e+02
9.860307987472900777e+02
9.694103239381546473e+02
9.801744972371287759e+02
9.712535521726692878e+02
9.799522110761159865e+02
9.895086502548246017e+02
9.800414999813064014e+02
9.668055740712884472e+02
9.759063584220504026e+02
9.726940778445101614e+02
9.938754337771238170e+02
9.854023777274361464e+02
9.806111811427692828e+02
9.790105927725654738e+02
9.799980224194116545e+02
9.746926887937441961e+02
9.751796159193872882e+02
9.937785865650935193e+02
9.867822867990267923e+02
9.864447101287926216e+02
9.924644513706655289e+02
9.871925834453894595e+02
9.895383322555361474e+02
9.944341727517404479e+02
9.972710429394124958e+02
9.835147666307121881e+02
9.777826929219434078e+02
9.778402716132237629e+02
9.830241397789553730e+02
9.757335962060985821e+02
9.735886367538516879e+02
9.819394021932482701e+02
9.880472170556112133e+02
9.915291534351141536e+02
9.738928918894748676e+02
9.826524484999581546e+02
9.765958595782934708e+02
9.790191913810001552e+02
9.731404341554132316e+02
9.721924811716922932e+02
9.822736419453956387e+02
9.846596821948216984e+02
9.820272763177223396e+02
9.681379048556433418e+02
9.772758325976669767e+02
9.788719549028741085e+02
9.840815037254158142e+02
9.896208499321858199e+02
9.751543170634026865e+02
9.755827625416943647e+02
9.854755474707463918e+02
9.761359113528458238e+02
9.907789319568847759e+02
9.809519084932494479e+02
9.971503385827417105e+02
9.950198809338346564e+02
9.713071181582968165e+02
9.792514170416887964e+02
9.991443505171064317e+02
9.836096919615757770e+02
9.817753897611155480e+02
9.845716517679969684e+02
9.750226884184845630e+02
9.914174250743426455e+02
9.732453149278933324e+02
9.835063395242669912e+02
9.681281336356263409e+02
9.883446884631463263e+02
9.802285431506788882e+02
9.744415172131947429e+02
9.842552431495535075e+02
1.005801780033198952e+03
1.002621659159569845e+03
9.987077781469521369e+02
9.966202720214774899e+02
9.836569790844146155e+02
9.850340934458985203e+02
9.709200104386018211e+02
9.732110595030047762e+02
9.739286880740702372e+02
9.833236334958479574e+02
9.873456031063516321e+02
9.810823741545734720e+02
9.969277915594225306e+02
9.799123291160244662e+02
9.850360151110573952e+02
9.857282353552247969e+02
9.842276419532479395e+02
9.915160302365868574e+02
9.906788753795085540e+02
9.796914642996066505e+02
9.775267815439842707e+02
9.696552647216125251e+02
9.823968727216508796e+02
9.805545424654598037e+02
9.889193685825398461e+02
9.892734951517065838e+02
9.877698456323441860e+02
9.848744337809034732e+02
9.861640610072824984e+02
9.806775090218222886e+02
9.806484052790148098e+02
9.965016692938169172e+02
9.896942204534227585e+02
9.823095018755892625e+02
9.889035262746160697e+02
9.826510771661932040e+02
9.841788577795967967e+02
9.938945897433386563e+02
9.780585711970229568e+02
9.823407554493783209e+02
9.831372598786363142e+02
9.980189374462455589e+02
9.957170726933032938e+02
9.966847267737593938e+02
9.750982817371005922e+02
1.006514547273390235e+03
9.747676135634935690e+02
9.967304110968949544e+02
9.868434465578822028e+02
9.983599397909936215e+02
9.790462888529392558e+02
9.890842625484108339e+02
9.963616949136979883e+02
9.897916616893874107e+02
9.908954117446510281e+02
9.877362745717948656e+02
9.765850536055572775e+02
9.808990067605579952e+02
9.892868811993733971e+02
9.717558270063042301e+02
9.859706402861850165e+02
9.925241470539785951e+02
9.929574995156127670e+02
1.002299642838780755e+03
9.731037467515299113e+02
9.825474866579762647e+02
9.838078503036647362e+02
9.810961866995975242e+02
9.925077283496284508e+02
9.785398057127068796e+02
9.846723173133052569e+02
9.989727232251289024e+02
9.875500633749331882e+02
9.867712156751211978e+02
9.899064143728548970e+02
9.857810940559891151e+02
9.793259895279936700e+02
9.752059735162487186e+02
9.702937943466409934e+02
9.661196006966351888e+02
9.826651881893308200e+02
9.869343272469502608e+02
9.842796106028620216e+02
9.840960565116756698e+02
9.809948410847453033e+02
9.926149027595060943e+02
9.897463432509864560e+02
9.928911153630441504e+02
9.772674680043883200e+02
9.902012649034173819e+02
9.931248189654093039e+02
9.969499573356789597e+02
1.003264410495746574e+03
9.819504740573636354e+02
9.908037888932468604e+02
9.863310500494033022e+02
9.822705221068300716e+02
9.906965664210083560e+02
1.001070009616973493e+03
9.773794684820021530e+02
9.843141722696985880e+02
9.848015183206201755e+02
9.699629641780474003e+02
1.002042999768907976e+03
1.009518573791872200e+03
9.680785411621288858e+02
9.942555814733282205e+02
9.942120738013522896e+02
9.903530399744175838e+02
9.975086555811219569e+02
9.988343475911689211e+02
9.800618861956771752e+02
9.928848530651838473e+02
9.896821403628623557e+02
9.878014150180334809e+02
9.824371716651792212e+02
9.896824939576168845e+02
9.963782849370627446e+02
9.800243810917280598e+02
9.847496494221466037e+02
9.864959365546409344e+02
9.856289605904031532e+02
9.892581371052085615e+02
9.916769753230685183e+02
9.973559417256224151e+02
9.849331820789382164e+02
9.946901161535786287e+02
1.002447683549374347e+03
9.826066107391069409e+02
9.937346180061043697e+02
9.930285900189865060e+02
9.945996587543314718e+02
1.000705001521843087e+03
9.926430630084824998e+02
9.975431268470454143e+02
9.978480043675775732e+02
9.762316014080772675e+02
9.992251134846128480e+02
9.865098767950447609e+02
9.790915250520947666e+02
9.760656415863489883e+02
9.991260741782763262e+02
9.839679424759788162e+02
1.002602910069636437e+03
9.973507169043714384e+02
1.002268715116658655e+03
9.942222963124613671e+02
9.693901917893816744e+02
1.002270510517458320e+03
9.924892275523052376e+02
9.816814756166046436e+02
9.924579370383759169e+02
9.814996031338125704e+02
9.909629223860599723e+02
9.991747439209186723e+02
9.853663946108615619e+02
1.009543877122742970e+03
9.953496113625501494e+02
1.004119646896951735e+03
9.828395408738424521e+02
9.923053809629309399e+02
9.952079444150460859e+02
9.804962299991759664e+02
9.960563384617809106e+02
9.858624073953546940e+02
9.918834838896742667e+02
9.872922738234540248e+02
9.918432542865845107e+02
9.972755099576806970e+02
9.816241039453523172e+02
1.003077002481331988e+03
9.906654643615646592e+02
9.689624989476988048e+02
1.007958671981177758e+03
9.922856600601641048e+02
9.846557831497245843e+02
9.930096881946429903e+02
9.934977798780244029e+02
9.919684873932200162e+02
9.939427265341271323e+02
1.002643731970536351e+03
9.783566375784076854e+02
1.000672946180323720e+03
9.826118657499897608e+02
1.005039195592035981e+03
9.896151704793188628e+02
9.869872580266321620e+02
9.946071550583728822e+02
9.834130818971317467e+02
9.949405254284557714e+02
9.859985319119216456e+02
9.993048532978159528e+02
9.795258291702717770e+02
9.867856007787751196e+02
1.003495463090288695e+03
9.893348369414748049e+02
9.919760288369310501e+02
9.922116246331311231e+02
9.855933572913693297e+02
9.976582125503809948e+02
9.975635873864928271e+02
9.834717558367296988e+02
1.004297624065228661e+03
9.839306535610355695e+02
9.970364552561441087e+02
9.875329303789917503e+02
9.956094991050342742e+02
1.011023894111461345e+03
9.868404293096674564e+02
1.003076913687672459e+03
1.002349781342906567e+03
9.868850363893538997e+02
9.926923660779109468e+02
9.903185132828742780e+02
9.800046845765901935e+02
9.863137154803522435e+02
9.882801057384580190e+02
9.978027161476925357e+02
1.002559157320785403e+03
9.972760211675059736e+02
9.849295143279832701e+02
9.981123038124865161e+02
9.854314413905563015e+02
1.000802518027757401e+03
1.002856983754414273e+03
9.847363552511479838e+02
9.835405577638217665e+02
9.871286650291154956e+02
1.002943567050690717e+03
1.002508104847650202e+03
9.864699610416447513e+02
1.002549285465352227e+03
9.915413154935204147e+02
9.920104096240914942e+02
1.007602097117055109e+03
9.952000742416164485e+02
1.008698058557992226e+03
9.878829350565958975e+02
1.005644912306620995e+03
9.860761648607484631e+02
9.883169331125837971e+02
9.856476460120701404e+02
9.868058273296417156e+02
9.801238565718740574e+02
1.005836416602815120e+03
9.969672163327373937e+02
9.906076955372864177e+02
9.903916387002549300e+02
9.853509190400287707e+02
9.871780058862734677e+02
9.977767233237353821e+02
9.915531600425200622e+02
9.918586025571904656e+02
9.893450831022005332e+02
9.990988597909787359e+02
1.000638217139834637e+03
9.927599093050456531e+02
9.896758863488054203e+02
1.008556229586930954e+03
9.916841298835801126e+02
1.004076480576340941e+03
9.925762005570314841e+02
1.011390182917024504e+03
9.858423447770981056e+02
9.758476317188443545e+02
1.006905071494732965e+03
9.802727478880800618e+02
9.823808821829991302e+02
1.003046270907601411e+03
1.001735192289437009e+03
9.780079184569807467e+02
1.003559007877095610e+03
1.003675611131822393e+03
1.000357448505978482e+03
9.950812522993762741e+02
9.893170854590898671e+02
1.003923323388708013e+03
9.867927571843378018e+02
1.013338123130187000e+03
1.005660112020854967e+03
9.990895009780695091e+02
9.909901302393553806e+02
9.930041751852054404e+02
9.909354125241305837e+02
1.003766356038129175e+03
9.780511766735438641e+02
9.895623703917015064e+02
1.002077469051140611e+03
1.010356086621729446e+03
9.977106053215119346e+02
1.004719175550488103e+03
9.972335504206924952e+02
9.887007394719386184e+02
1.006983465190859988e+03
9.923044736527291434e+02
9.879898480574438508e+02
1.003035931087345602e+03
9.823352422471732552e+02
9.997668881586063208e+02
1.016678837305396769e+03
9.957193734046134068e+02
9.910854265739259290e+02
9.948588578892797614e+02
1.004345842721284953e+03
9.978494378126679294e+02
1.005775286267111142e+03
9.915447086204848119e+02
9.918961109822117805e+02
9.830751317096828643e+02
9.884244966043220302e+02
9.934993252164783826e+02
1.000080410550931447e+03
9.879525187145110294e+02
9.950636194376529602e+02
1.007196221519800361e+03
1.002312514535155856e+03
9.986896615572485416e+02
9.989785052772805329e+02
9.829487426980950886e+02
9.977430337659005772e+02
9.932054387331687622e+02
9.881147622810460689e+02
9.973780240601802234e+02
9.938358039344847157e+02
9.813025876060070232e+02
9.852689140823256366e+02
1.003463333751700361e+03
9.861238324200019179e+02
9.968980240928581225e+02
1.001437868555486716e+03
9.888449888595062021e+02
9.981472552728433811e+02
9.892096542735523599e+02
1.001771227616801298e+03
9.874999172235343394e+02
9.966864327950065672e+02
9.972142484375680169e+02
9.946979063295601691e+02
9.907415529609705800e+02
9.890027990183411930e+02
9.990395242980207513e+02
9.847974353455713299e+02
1.004774944509822035e+03
9.868104511757799173e+02
1.006108389729006035e+03
1.005382064164530789e+03
9.989120033693490086e+02
9.850419102397171400e+02
9.981181521886144310e+02
1.008226641284147831e+03
1.008240157662787169e+03
9.866535156012638481e+02
1.008315253040559924e+03
1.001231721800090099e+03
9.800017491088103725e+02
9.949699283511215526e+02
1.009424544155902936e+03
9.897339891342758165e+02
1.006237279993288780e+03
9.931355306160246528e+02
1.005471346569038928e+03
9.891123853721720707e+02
9.929508528231775699e+02
9.864403661441272106e+02
9.872128941280906247e+02
9.903423686721893091e+02
9.872692336893890115e+02
9.929563555605013789e+02
9.923090873139102541e+02
1.008125340559853726e+03
1.003525690627845393e+03
9.989107781343022907e+02
9.991312619842609593e+02
9.956668653002993779e+02
9.908011358834778548e+02
1.016280597945110571e+03
1.011389797304152125e+03
9.993831843420117593e+02
1.004245724345820236e+03
9.888972531847146001e+02
1.003877434694157159e+03
9.881256015960948389e+02
9.942755163388260371e+02
9.871973696523016315e+02
1.007381670620604154e+03
1.004232010095278497e+03
9.919203050620243403e+02
9.910822549974636786e+02
1.009193006462102630e+03
1.000182338596682143e+03
9.987722241129995382e+02
9.853564018833889122e+02
9.966624536123306370e+02
9.983166463465179277e+02
9.922811981990396362e+02
9.919243737097235680e+02
1.013621175819677319e+03
9.960518386797008361e+02
9.954906080082363360e+02
9.952831127532583650e+02
9.899022293485929822e+02
9.934875619123787374e+02
9.989180179495517677e+02
1.006048420812364725e+03
1.003281418062377270e+03
9.967432939266180938e+02
9.919149534858122479e+02
1.011417500024061155e+03
1.004291691629097727e+03
9.848698844153315122e+02
1.004170941804152108e+03
9.975868174280267340e+02
1.000157829687606636e+03
1.009747126609524912e+03
9.961696961563529840e+02
1.000963413733312450e+03
1.009550301740285931e+03
9.881925239364265963e+02
1.006087514944180953e+03
1.009614561163324083e+03
9.936174013882105100e+02
1.005415484195961426e+03
9.975813978179478454e+02
9.998774539995612258e+02
1.000040468150663060e+03
1.006086300745944413e+03
9.979104128744935451e+02
9.842720593287825750e+02
1.001881136401281879e+03
9.936485628653496178e+02
1.010884165675473810e+03
1.009155492061989094e+03
1.006056564597743204e+03
9.959476465738134721e+02
1.013552899886679143e+03
1.003163361458614418e+03
1.005377519677355167e+03
1.001529991972396374e+03
1.001285568496762949e+03
9.968580922511276867e+02
1.005901089228253454e+03
9.897499728705565758e+02
1.002594468642531865e+03
1.013626606084077594e+03
9.878749879906683873e+02
9.907181594462167595e+02
1.000734410415111256e+03
9.954789239489383590e+02
9.869619878251870659e+02
1.002041668387061691e+03
9.769608237108753883e+02
9.910153107010520444e+02
9.881382341889485588e+02
1.004035593722842350e+03
1.005848755685086985e+03
9.898638585742814939e+02
1.008523731130246688e+03
9.953606293998697083e+02
1.005233927877641349e+03
9.890993487805479845e+02
1.011978416229993059e+03
1.003297675328825562e+03
1.002218061244001774e+03
1.004835857750082369e+03
9.831920999468540003e+02
9.970776652645157583e+02
9.993717473382828302e+02
1.004837129209427644e+03
9.930848375609800769e+02
9.956331039190764614e+02
9.920479108909746628e+02
1.000220482238066779e+03
1.015220128630246677e+03
1.017004764659166199e+03
9.963773542400373344e+02
1.003503950589716851e+03
9.995363753621716114e+02
1.001701070507145914e+03
9.841238342443017473e+02
9.980133362823258949e+02
1.000939093362248514e+03
9.916643121172674000e+02
9.806955399512725080e+02
1.002920443680688550e+03
1.015529811181372338e+03
9.951228023431677912e+02
9.966476368091858831e+02
9.869875436894283212e+02
1.000301710610878899e+03
9.948906455728405263e+02
1.006952419456294251e+03
9.902464092759271352e+02
1.008107449445773796e+03
1.005025396612470786e+03
9.929458025687714553e+02
9.994909660760497445e+02
9.944966554749014449e+02
9.931743306550878287e+02
1.002999382653104476e+03
1.012681043005987817e+03
9.947689241989369293e+02
9.991539154123006483e+02
1.013978943442919444e+03
9.985196669115279064e+02
9.972528402690370513e+02
1.008296418730565847e+03
1.012243950396134551e+03
9.998229773801589317e+02
9.899472487506213838e+02
9.917109582866191886e+02
1.019472112548259247e+03
9.977174726287250905e+02
9.996164453035830775e+02
9.783509641443428109e+02
1.002808977460946380e+03
9.842978857085558957e+02
1.013894986792390796e+03
9.965740395200298281e+02
1.003793091035634575e+03
9.953311066192505905e+02
9.984580956611126794e+02
1.010682418928764378e+03
1.007006260568948960e+03
1.004228626399147629e+03
9.979447051575399428e+02
9.963186633594227715e+02
9.946182974156814680e+02
9.907443389938039218e+02
9.814813583047150587e+02
1.006419092739600842e+03
1.000859111174847044e+03
9.980905141350367558e+02
1.003263670257272793e+03
9.858970196548870035e+02
9.991397710866829129e+02
1.009538932596020800e+03
1.008247401219059498e+03
9.867674008730067499e+02
9.946425893712329298e+02
9.953089618939201273e+02
1.012408987543997341e+03
9.954186477971612703e+02
1.002297922247196539e+03
9.976796664139109225e+02
1.008574750734746658e+03
9.977874087245214696e+02
9.892864933014184317e+02
1.010063759003970972e+03
9.796922035304593237e+02
1.003149272786516576e+03
9.958928838133674617e+02
9.791399511727008758e+02
1.002676774854896280e+03
1.017085373279562987e+03
9.940940512799364797e+02
1.011593723370060957e+03
9.971219963833844986e+02
9.849617551423343684e+02
1.002864444436725080e+03
1.014766352122609533e+03
1.004155322311951068e+03
9.836259794437786468e+02
9.914381424826235616e+02
1.015521726664238599e+03
1.000971897386078467e+03
9.894648044611581099e+02
9.902649913427646879e+02
1.002973977504737491e+03
1.008231141538668908e+03
1.000423466253703964e+03
9.964694292525159653e+02
1.006375977121513188e+03
9.938006529159323463e+02
1.007043068020928104e+03
9.909294765273547227e+02
1.005546813223230060e+03
1.001195645786605155e+03
1.000996500134669873e+03
1.007631246601131238e+03
1.002884049378262944e+03
1.004357043035136712e+03
1.015612552212316814e+03
1.010395990029145423e+03
9.981627239593951799e+02
9.956369543314111752e+02
1.002911554972853878e+03
1.001674920425283972e+03
9.792345020629592227e+02
9.954384447371000988e+02
9.959702599879080935e+02
1.009976598945751107e+03
1.005796816907302627e+03
1.003316896220434387e+03
9.997537957954668855e+02
1.001327478233163106e+03
9.953595328513628147e+02
9.870393742650836657e+02
1.003703267376458371e+03
9.732908761618868994e+02
1.000608195386540388e+03
9.947944149008208115e+02
9.907183987907061464e+02
9.913196326455608869e+02
1.018053827432707067e+03
1.006085014330161016e+03
9.832953007193993926e+02
9.890039566278412622e+02
1.000413530177195639e+03
9.981619692126760128e+02
1.005771307006627694e+03
9.887766834798777609e+02
1.007412751150089889e+03
9.866732988390533592e+02
9.951649811622430661e+02
9.832786451935401146e+02
9.883435664564646004e+02
9.937028896664317017e+02
1.006554042953346880e+03
9.984064846403606452e+02
1.001783266097977844e+03
1.008196049705477776e+03
1.003027931125046962e+03
1.015334668942517510e+03
1.006604338560302949e+03
1.007893426023066695e+03
1.000339024489310077e+03
1.006415691709897146e+03
9.915323842592226811e+02
1.002377502152319721e+03
9.949896403432074976e+02
9.933522091820461810e+02
9.936223763053586708e+02
1.007861267478849868e+03
9.892149355147789720e+02
9.943514648902116733e+02
1.013368209158540822e+03
9.883193589889207260e+02
1.001316599248371745e+03
1.014316268304079017e+03
9.923141330593280145e+02
1.000232558561363930e+03
1.014212586491378602e+03
9.923062296542634613e+02
9.919256330121133942e+02
9.867248921208170032e+02
9.953969442579921179e+02
1.011001591905363853e+03
9.994293007458109059e+02
1.016130348974637741e+03
1.009075375805503882e+03
1.003552536733933607e+03
9.869158038280177152e+02
9.964061725244201853e+02
1.004764333559540660e+03
1.015885215431529105e+03
9.974593769702437385e+02
1.009863802477101331e+03
9.959836427266751571e+02
9.993352040913885048e+02
9.971406334134961753e+02
9.969346327977314104e+02
9.889435047568149457e+02
1.005540503554948600e+03
1.000977178417494315e+03
1.003755712640367165e+03
1.014741230495786795e+03
1.000073333314942488e+03
9.956257906579347718e+02
1.011067630225658377e+03
9.935731425724464998e+02
1.011609268878383773e+03
9.929186551793936815e+02
1.005226202998668782e+03
1.021622056480028959e+03
9.962214189470223573e+02
9.790223110672091025e+02
9.804105572943553852e+02
1.009696847078037536e+03
1.019282190226419630e+03
1.004655521595476671e+03
1.010423113194699908e+03
9.942632930337704238e+02
9.974087166378160418e+02
1.005417492820907455e+03
9.864677683154958459e+02
1.011733186874120747e+03
1.002150290561886322e+03
1.002854057632742524e+03
9.981267726589388758e+02
9.857865584113941395e+02
1.007578331695683005e+03
1.009730700283537772e+03
9.867980481168892766e+02
9.993740447970350260e+02
9.907571908642773906e+02
1.000779223578523215e+03
9.994341881020145593e+02
9.958306873318717862e+02
9.942197724982371483e+02
1.013386787325962587e+03
1.004197948928400820e+03
1.002870898078472123e+03
1.001300397565455683e+03
1.006154618336888575e+03
1.001929773857443024e+03
9.952510693573134404e+02
9.970039607201555327e+02
9.911959241318530758e+02
9.954037296170928357e+02
1.003001775895051651e+03
9.957951285334173690e+02
9.992092017908508979e+02
9.996755469851326552e+02
9.933632069139006262e+02
1.000326894902861113e+03
9.878316842848822716e+02
1.016732532790140226e+03
1.003112535600478282e+03
9.907434771491282390e+02
1.012175848540794846e+03
1.005615733763222920e+03
9.980018846090157467e+02
1.010700941273308558e+03
9.879673285782236007e+02
1.004378286539228611e+03
1.007538682827145635e+03
1.003444194674559185e+03
1.013734283733178245e+03
1.008198658116220145e+03
9.972236632382878270e+02
1.001260038818961903e+03
1.000695687144698582e+03
1.003677605527557034e+03
9.846886888970528844e+02
1.008767114845107926e+03
9.998521035596558022e+02
9.958892300054305906e+02
1.014336124646907592e+03
9.871739418899824159e+02
1.008178266126962285e+03
1.007457131070400578e+03
9.962767776484274691e+02
9.953952519859868744e+02
1.010317994651526760e+03
9.962356296303538556e+02
1.000785496235818300e+03
9.849871767095035011e+02
9.951357340526589041e+02
9.934197885515294502e+02
9.967286185137262464e+02
1.005924748067479641e+03
9.955532092383128884e+02
9.938961520655641380e+02
9.988555033820114204e+02
9.963046351039018873e+02
9.950596545465341478e+02
1.009268216127002688e+03
1.015914566430417949e+03
1.001108423615609013e+03
9.990919912430989598e+02
1.012679355066182552e+03
1.009711120387638516e+03
1.000206268210653661e+03
9.978463195587754626e+02
1.024035030053276614e+03
1.009974902284434279e+03
9.975670640275011465e+02
1.011172838464737310e+03
9.970621025068538756e+02
9.948513283956706346e+02
9.978242457997496331e+02
9.989204034642066290e+02
1.000055150582853457e+03
9.794330548256890552e+02
9.976906401161465965e+02
9.888377078827255673e+02
1.011447861521447521e+03
9.920911630667178542e+02
9.902543244644915603e+02
1.002217117481805190e+03
1.000940543746445314e+03
9.963419465134302300e+02
9.820507127290528615e+02
9.873683863218761871e+02
1.005458385936841296e+03
9.787720064144564276e+02
1.001520110874319585e+03
9.981244713881887947e+02
9.924826446129543456e+02
9.986022828855218449e+02
9.918466283708510218e+02
9.964762079957303058e+02
9.956192307314925074e+02
9.902703031670923792e+02
9.768526639562462606e+02
1.001028568737960086e+03
1.015027451667595074e+03
9.988452758069573747e+02
9.831453827056458294e+02
9.967368115907046331e+02
9.983862826823598198e+02
9.960762526764843869e+02
1.000766722199750689e+03
9.985108550514951276e+02
9.936711228348378881e+02
1.002599159634372995e+03
1.009711847344745138e+03
1.006823169708094838e+03
1.005230465113949549e+03
1.003759489448034401e+03
1.000448037153201312e+03
9.982349864897405496e+02
9.972609435196967524e+02
1.005333674432984026e+03
1.002363440041258286e+03
9.996438162566744268e+02
9.835238131931384942e+02
9.913428418482263851e+02
1.011741850132636273e+03
9.985457825753452425e+02
9.970625014274969544e+02
1.005856473935603844e+03
9.972109944997297362e+02
9.902577361344045812e+02
1.001380864204580348e+03
1.001606731142454578e+03
9.929360831347908061e+02
9.865849325667335279e+02
1.015038912799417290e+03
1.002739968203530225e+03
9.993552677784718981e+02
1.003691218659546848e+03
9.941356726627593616e+02
9.899434062525414220e+02
9.958119201680283368e+02
1.000158241408968138e+03
1.008071965160689501e+03
1.010792929880916176e+03
9.974533825827415967e+02
1.007237679416598780e+03
9.882441237749407037e+02
1.006864691085456798e+03
9.888804310174026568e+02
1.007334420871754105e+03
1.002402673763000053e+03
9.954345006315991213e+02
9.826974260550773579e+02
9.860321995384318825e+02
9.931252842446236855e+02
1.010234746100465827e+03
9.919680435782513541e+02
1.008024077841090616e+03
9.941444305147037994e+02
1.000453631032877183e+03
1.017281386426632935e+03
9.975963922791270306e+02
1.011065873707809146e+03
9.992434914689971492e+02
9.927953829815925246e+02
1.009732445579184059e+03
1.005597966753374976e+03
9.972891309732291347e+02
9.901060186217656565e+02
9.999165537499330867e+02
9.941976098321894142e+02
9.941793303434130848e+02
9.841890951492071054e+02
9.790462618070702092e+02
9.979399696845794097e+02
9.743667228823312598e+02
9.989400046407708942e+02
1.013198950487818024e+03
1.007843727654602731e+03
9.982364512351402936e+02
9.989705524086876949e+02
1.002249864762649167e+03
9.824599649698278654e+02
1.006392941924184697e+03
1.002569310791604721e+03
9.927909569335847664e+02
1.011765350974793819e+03
9.957279048730169961e+02
9.981498528933439047e+02
9.979968787711319465e+02
9.872547162460886057e+02
9.886811617058865522e+02
9.963845835464850325e+02
9.956595873456233221e+02
9.892456757577848521e+02
9.991415762338601780e+02
9.884727006530224571e+02
9.979921576212982472e+02
1.002313833761191063e+03
1.004787638897916850e+03
9.844813689173150806e+02
9.951114803812116634e+02
9.944981253246965025e+02
1.005763882054883879e+03
9.920415354334249969e+02
9.942468758479727740e+02
1.000033256998930142e+03
9.895833181775403773e+02
9.971952289449455975e+02
9.942532259075081811e+02
9.929066334327520735e+02
1.001407491139712647e+03
1.006662448205283454e+03
9.948008570935512580e+02
1.010160949020174144e+03
1.015145360034719374e+03
9.923051805568584314e+02
1.002973809851977535e+03
1.009962039472043443e+03
9.914272483582100222e+02
9.903456183543162297e+02
9.982672366035131972e+02
1.007799204480775416e+03
9.914983789049097140e+02
9.837830849766899064e+02
9.878952322125343244e+02
9.768444153852990439e+02
9.830208592721813829e+02
9.960100556562819065e+02
1.004916967318741172e+03
9.996690017558415775e+02
9.932458898383575843e+02
9.918205518595542571e+02
9.983682110589921876e+02
9.867566772932578942e+02
9.874518721701377899e+02
9.955546561477638079e+02
1.000527773677286177e+03
9.956753126949907937e+02
9.926855960965214081e+02
9.988073609114745750e+02
9.854514888409951254e+02
9.887048673444634233e+02
9.961358123578974073e+02
9.967885022292142594e+02
9.903149327620374152e+02
1.002148421347564408e+03
1.009711505547361298e+03
9.999250221362260618e+02
9.966314747805790830e+02
1.010582886088853797e+03
9.949034704337468611e+02
1.005642315892014494e+03
1.005320673357246960e+03
9.767458140778244342e+02
9.911328670708675190e+02
9.945675035234494317e+02
1.001414323242220462e+03
9.825533901324586168e+02
9.964751201573228627e+02
9.947599248019372453e+02
9.962770910972161573e+02
9.956548789554456107e+02
9.966063071000324953e+02
9.968182887629786819e+02
9.961911793684309941e+02
9.935793569264878897e+02
9.838457818614796224e+02
9.877909900946274320e+02
1.005472523161048002e+03
9.902026716472926182e+02
9.937353000860431393e+02
9.883014569075760392e+02
9.814351763616191420e+02
9.974160901667430608e+02
9.920571485861509018e+02
9.913029511472796003e+02
9.942041045892619877e+02
9.927655669184154021e+02
9.740094536633881717e+02
1.001298292436647785e+03
1.005109542979655544e+03
9.861455912740821077e+02
9.948808079562045350e+02
9.813325087292090529e+02
9.939720595676386665e+02
1.001711740162483125e+03
9.970053280649709677e+02
9.962297665316054918e+02
9.958633115136120750e+02
1.002636742621041549e+03
9.875467695892135680e+02
9.919922460818906984e+02
9.844842348720045493e+02
9.790380016542701469e+02
9.830202132742858794e+02
9.917050200762755594e+02
9.878047460883221902e+02
9.874675459059619698e+02
9.836599364512181864e+02
1.007855104383795492e+03
9.804696874869033536e+02
9.842535642544519305e+02
9.950152799316184655e+02
9.960111029887075347e+02
9.933205303802521939e+02
9.950727828783344648e+02
1.002295506928271379e+03
9.931645945387189158e+02
1.002261404940828015e+03
9.872365739521561636e+02
9.895193634436699313e+02
1.004277856987540417e+03
9.955194472489761210e+02
9.865250612081464396e+02
9.930333738768487137e+02
9.982268045104880230e+02
1.007685440323061130e+03
9.992931152001717692e+02
9.901927122250338016e+02
9.942035671838920052e+02
9.969897251963500366e+02
9.889760557092727140e+02
1.007389751556049077e+03
9.941858773180554181e+02
9.849353647112411636e+02
9.840668484047879474e+02
9.839923747911982446e+02
9.926468952059705089e+02
9.922913241055307481e+02
9.829095555710634926e+02
9.885370855725260526e+02
9.939321950687251501e+02
9.954738176286680300e+02
9.742067583142279545e+02
1.013298568194326663e+03
9.833801457216184190e+02
1.002772044722157489e+03
9.787014844792164467e+02
9.780056684319449687e+02
9.931296938506661718e+02
9.875707989933409863e+02
9.984909045299979198e+02
1.000162935290098403e+03
9.790120900510154343e+02
9.990473176906629078e+02
9.906688100023179686e+02
9.775315716137221216e+02
9.829890441229440512e+02
9.910638644397455437e+02
9.969148750209241143e+02
9.876197396601440914e+02
9.896228597133365383e+02
9.823525176633603451e+02
9.804959144656151011e+02
9.896301548326861166e+02
1.001409191084848203e+03
9.988478526356761904e+02
9.961710531021162751e+02
9.807258136276274172e+02
9.751846474473602484e+02
9.952892092336885526e+02
9.751689238140106681e+02
9.801644688960390113e+02
9.865853533382397700e+02
9.949720789381564146e+02
9.882815930241388287e+02
9.714466398925859494e+02
9.895380073384903881e+02
9.873344941312547007e+02
9.959656540587202471e+02
9.813955707149965519e+02
9.979490360393425590e+02
1.003050938637818717e+03
9.772922438741911719e+02
9.818970046700535477e+02
9.915186937728293515e+02
9.880492516245525394e+02
9.813509075644777795e+02
9.779577769937692437e+02
9.915914734542673159e+02
1.009135684099257105e+03
9.926954465324981811e+02
9.737568550417024653e+02
9.722273184111245428e+02
9.729585728880412034e+02
9.918218047925596466e+02
9.912465429701095445e+02
9.799052122610859215e+02
9.960412803835793056e+02
9.895064337311472400e+02
9.908268397484542902e+02
9.809549786862761493e+02
9.917703532671711173e+02
9.915612129414233777e+02
9.797973188202231540e+02
9.917270621618115456e+02
9.751719593521145271e+02
9.592895073233976291e+02
9.840691061615503941e+02
9.843248501189931403e+02
9.768108621909788098e+02
1.008178147573404658e+03
9.826153642672538808e+02
9.866924621092019834e+02
9.930077715094918176e+02
1.004163766887616134e+03
9.967123995279753217e+02
9.855302867033169605e+02
9.812769644032038059e+02
9.927438728420332836e+02
9.757950257982197400e+02
9.859035817745734676e+02
9.868069652862409384e+02
9.984865645273705468e+02
9.688929194272803898e+02
9.850285754645743737e+02
9.938757282268593372e+02
9.856766974454322963e+02
9.870296190097593581e+02
9.865543679892864475e+02
9.880347295027715973e+02
9.729234021674245696e+02
1.002380048915044654e+03
9.856874191150478737e+02
9.909934294864824551e+02
9.752056365850696693e+02
9.740721614233405035e+02
9.937270247519609256e+02
9.853622334286125124e+02
9.918695732272340138e+02
9.666201152481738745e+02
9.850824711979208814e+02
9.710659940141663355e+02
9.765218586404511143e+02
9.817461353324117681e+02
9.782024230767585777e+02
9.836947998165680929e+02
9.798715691675324706e+02
9.856782142619110800e+02
9.791270243089650194e+02
9.749272413573313543e+02
9.735612500252861992e+02
9.850968341084088706e+02
9.872019694889335142e+02
9.796946342042983815e+02
9.763951891155365956e+02
9.715882168278276367e+02
9.757030963981486593e+02
9.862391331524935367e+02
9.819024759903621771e+02
9.868905196970046063e+02
9.931477932489336808e+02
9.867589175195632833e+02
9.832500004900299473e+02
9.792075503610598162e+02
9.832586238009509998e+02
9.865044058763999146e+02
9.759009339737052642e+02
9.724896231268547808e+02
9.865650820621902994e+02
9.662724963691115363e+02
9.878174386679495456e+02
9.850792003039343854e+02
9.790283093540782602e+02
9.718473462855522484e+02
9.831245492968936333e+02
9.851191949442271607e+02
9.795071799273512170e+02
9.827154055954997602e+02
9.775944442552870441e+02
9.731283787110379535e+02
9.744727936634518528e+02
9.792429492875077131e+02
9.594107224974366090e+02
9.859455850777833348e+02
9.773971640469061413e+02
9.666810894654087178e+02
9.780524779475790638e+02
9.936974887447705669e+02
9.714306982570434457e+02
9.731564618239864330e+02
9.718588581600743055e+02
9.749146755090258694e+02
9.696630288116567726e+02
9.783622878982673683e+02
9.894929547437629935e+02
9.790470380137662687e+02
9.857559659291187018e+02
9.775190975797625015e+02
9.742188740576159489e+02
9.905709915190682295e+02
9.730429965650159829e+02
9.794351068586835254e+02
9.764371647135928924e+02
9.754879998862385264e+02
9.844157745632215892e+02
9.682968140146649603e+02
9.684029358322027292e+02
9.800165700305865357e+02
9.686750588030562312e+02
9.869838019064870878e+02
9.856476556534516931e+02
9.766023002013257610e+02
9.851748385591573651e+02
9.827944264138237713e+02
9.752678378915687745e+02
9.730863439491363351e+02
9.731029227926472913e+02
9.901735480527109985e+02
9.753336713714097641e+02
9.801760595254099826e+02
9.985642902704231574e+02
9.674149730277599701e+02
9.700199789920440026e+02
9.819143525438736333e+02
9.756049349085557196e+02
9.735933149665592055e+02
9.658542172871680123e+02
9.753953587010095134e+02
9.766516221902744519e+02
9.923935156152264199e+02
9.757264642270168906e+02
9.867364475944172000e+02
9.641382140738058979e+02
9.787056468087147323e+02
9.814025400701118542e+02
9.842444830733275012e+02
9.595045291612852907e+02
9.779285631056990269e+02
9.797260923688301091e+02
9.787477636302674000e+02
9.610977063895803667e+02
9.955504584677975117e+02
9.888433149321149358e+02
9.856519006468819271e+02
9.687787565587810832e+02
9.805976934503568145e+02
9.701776085377570098e+02
9.880761140461816012e+02
9.657088210669708133e+02
9.638542982792444036e+02
9.640377736767599117e+02
9.776254714848139429e+02
9.748707686627109297e+02
9.897689725001258694e+02
9.762703955250138961e+02
9.878730160555139719e+02
9.646606408245058901e+02
9.704754039701213060e+02
9.553677347824932440e+02
9.672215751059698050e+02
9.742980632325297847e+02
9.839842305871403596e+02
9.750931388845208403e+02
9.629342097803547631e+02
9.662759931853717035e+02
9.771192911387993263e+02
9.741125737796436397e+02
9.838791523729601067e+02
9.674307936339315575e+02
9.638415262969058404e+02
9.598871288532601511e+02
9.580676353520125303e+02
9.642067290968183215e+02
9.719520798191243784e+02
9.586527700711271791e+02
9.538634564429829652e+02
9.776685146840417246e+02
9.715282128874432601e+02
9.725304149653364902e+02
9.635373733995069188e+02
9.606048587150542062e+02
9.646019064447830260e+02
9.754289995768566541e+02
9.667106753286767571e+02
9.726617980602172793e+02
9.769562200102710676e+02
9.672267286966499569e+02
9.657481585140676543e+02
9.805752366530031168e+02
9.585889938293028081e+02
9.683773154976902333e+02
9.728049831168568744e+02
9.744089529076627514e+02
9.642785034683481626e+02
9.518894349513100224e+02
9.795277370469548259e+02
9.691500429241045822e+02
9.780183279281272917e+02
9.612576927020235189e+02
9.882616703444222139e+02
9.547355871764699486e+02
9.490544761239972331e+02
9.714970046230519074e+02
9.746184904961020266e+02
9.490900881565075906e+02
9.669872595872107013e+02
9.673737720621204517e+02
9.674272231005783169e+02
9.699680547779931885e+02
9.654413944797994418e+02
9.654450073334152194e+02
9.700467040995339403e+02
9.632239487831396900e+02
9.675032219709929677e+02
9.660680920280350392e+02
9.694414336702557193e+02
9.712939765984117457e+02
9.902598892806996673e+02
9.753814895673851879e+02
9.781807221027346486e+02
9.755637403685780100e+02
9.702798741829780056e+02
9.823003490958936936e+02
9.626763175303181015e+02
9.694211777967939270e+02
9.687300479690990187e+02
9.774578858700866704e+02
9.795973152393540886e+02
9.665345150547507274e+02
9.613513222108750824e+02
9.726160944209002537e+02
9.825765191024398746e+02
9.697443058293367812e+02
9.686319354097988708e+02
9.554270530750775379e+02
9.741258760387996745e+02
9.668081123759274078e+02
9.757095404035277397e+02
9.672118938086571234e+02
9.827116490214832538e+02
9.774445938056913974e+02
9.726098754723269622e+02
9.658994984635602350e+02
9.756176616035928646e+02
9.633200083593077352e+02
9.798196531029440166e+02
9.771682346389654867e+02
9.805475773038381249e+02
9.786737238845132651e+02
9.593393076873195469e+02
9.670285204734979061e+02
9.552794617172628477e+02
9.666876215940608290e+02
9.610605938123328542e+02
9.622452932137110793e+02
9.775360835115428699e+02
9.593206560750670633e+02
9.508491180993229364e+02
9.672066676977752877e+02
9.583472763910817775e+02
9.617666922155943894e+02
9.707528572647073588e+02
9.653166696746385469e+02
9.701776163932512418e+02
9.766865852861978965e+02
9.632407198098849221e+02
9.684827423210513189e+02
9.746072333931040248e+02
9.529247117584238822e+02
9.523391420349728378e+02
9.605607648465572765e+02
9.718701020535166890e+02
9.583029891294149820e+02
9.636533790395399137e+02
9.605253714046961022e+02
9.629688844659906408e+02
9.652647855644864876e+02
9.569650802324374581e+02
9.639621956940237624e+02
9.532305345085574118e+02
9.588671646413835106e+02
9.527677899015282037e+02
9.753495107150437207e+02
9.735282175186532641e+02
9.637526756125271277e+02
9.685149195566461913e+02
9.655461002933058126e+02
9.664639171344006172e+02
9.645448133205395607e+02
9.527249024964471573e+02
9.539007019604989637e+02
9.630706742267226446e+02
9.710099590086146009e+02
9.440700837677272830e+02
9.744748067347395590e+02
9.681080168284655656e+02
9.632503139810934272e+02
9.606625717846271755e+02
9.752277859232576702e+02
9.735219315178536590e+02
9.519317838205784028e+02
9.584712891887164687e+02
9.586471644928255955e+02
9.564981897415875665e+02
9.649459855619940072e+02
9.462074591650533648e+02
9.538936970697196784e+02
9.619032101554795418e+02
9.500632560343167370e+02
9.657676928566296510e+02
9.731352371648938515e+02
9.492942912097483941e+02
9.683078986029836415e+02
9.493852484033839119e+02
9.510307595672466050e+02
9.403884344186938051e+02
9.716078399087364232e+02
9.727971906565377367e+02
9.554499416578732962e+02
9.577956949865399565e+02
9.524638137110007392e+02
9.583670791948775332e+02
9.609184192640997253e+02
9.681424742164626878e+02
9.632530539011520432e+02
9.539379130160890554e+02
9.597089786143237689e+02
9.516663128665703653e+02
9.821911317717824659e+02
9.397599860040967314e+02
9.604626553142393277e+02
9.495480494594668244e+02
9.496880581259285918e+02
9.501442479972849924e+02
9.591986894556692960e+02
9.620548457128287509e+02
9.581220004817652125e+02
9.428303775201742383e+02
9.630179608464596868e+02
9.535063893761870304e+02
9.492317351717281326e+02
9.569048298682887435e+02
9.597050164970853530e+02
9.533394972837477326e+02
9.645573524515032204e+02
9.510247367961368354e+02
9.529009209624437062e+02
9.539443430910923780e+02
9.464068946517552376e+02
9.439771351318618144e+02
9.643652947739838055e+02
9.550165259855504019e+02
9.595323548471615140e+02
9.472843082462881057e+02
9.469711628022100740e+02
9.532400750008745263e+02
9.472088691329697667e+02
9.407022905219273525e+02
9.719486718610960452e+02
9.562439902123733191e+02
9.568138283924134839e+02
9.661342184682860079e+02
9.542508256956502919e+02
9.465073184777912729e+02
9.567367900998169716e+02
9.509731155693048095e+02
9.530269146782936787e+02
9.562884832282466050e+02
9.634309572050614179e+02
9.526631506774674563e+02
9.491100818332010931e+02
9.504090739671437404e+02
9.521288380302451060e+02
9.665275802970387531e+02
9.572723779949432128e+02
9.616200974045998464e+02
9.492530357494507598e+02
9.662026095365429228e+02
9.445276899119629661e+02
9.386634224306835677e+02
9.376934544691533802e+02
9.467735942691315358e+02
9.515435949153976480e+02
9.654057293245466553e+02
9.529386000600953821e+02
9.440130324511687832e+02
9.429258685462153835e+02
9.421999671041521651e+02
9.370206227399760337e+02
9.523420723638771506e+02
9.363630065720975608e+02
9.376635632704684440e+02
9.410640246254748718e+02
9.432417944822670961e+02
9.413539422016619937e+02
9.398492093064390929e+02
9.386747249858517534e+02
9.466483362717738146e+02
9.495857542783660392e+02
9.537190434886930461e+02
9.526274738240098259e+02
9.461827547601030801e+02
9.298943272252594170e+02
9.536095881525777713e+02
9.475054844461024004e+02
9.449567836873087572e+02
9.638094562822659555e+02
9.510874484296269884e+02
9.504638057203455901e+02
9.444817739369082119e+02
9.337747670303003815e+02
9.419220677420163383e+02
9.358609077390451603e+02
9.504108092639709184e+02
9.382319704803892364e+02
9.588648020558581493e+02
9.643357727065103973e+02
9.419263286250455849e+02
9.404812862366326272e+02
9.535132793600046170e+02
9.517180721461256780e+02
9.227869310238304479e+02
9.496838875943606126e+02
9.492874081233109109e+02
9.295043551349990594e+02
9.589360881328342430e+02
9.286980934284146088e+02
9.482080780880339717e+02
9.329025902471222480e+02
9.437359930760560474e+02
9.561648127525847940e+02
9.205830572377371936e+02
9.494588306358853060e+02
9.209308486099683932e+02
9.489453958348605056e+02
9.541550210615897640e+02
9.362987839752445325e+02
9.394596389670047074e+02
9.490332041708707038e+02
9.515442787227516419e+02
9.564962049008062195e+02
9.368479899526259942e+02
9.534058859213344022e+02
9.466112824083622854e+02
9.441626627672386576e+02
9.508886532064803987e+02
9.485684792954156137e+02
9.417850729790800415e+02
9.623686016638619094e+02
9.417693406420787596e+02
9.356961059370448766e+02
9.449262066499236425e+02
9.297865605688523374e+02
9.433191098245242756e+02
9.384574648407520954e+02
9.376732162618553730e+02
9.398547487348357663e+02
9.350166600278237183e+02
9.402802704413849142e+02
9.283017663858167907e+02
9.349440469029404994e+02
9.483748317576880709e+02
9.436644596410045551e+02
9.371957241783532027e+02
9.406695112463033865e+02
9.306161036646327602e+02
9.380446049704667075e+02
9.339832550846057302e+02
9.347750968537731069e+02
9.283354684462955220e+02
9.118676710243942125e+02
9.374753596858820401e+02
9.372349859036753514e+02
9.381580413292878120e+02
9.468744462676469311e+02
9.263579123409303975e+02
9.567315581595206595e+02
9.438672147925035461e+02
9.357407060746307934e+02
9.300338397681261995e+02
9.336492616598136465e+02
9.428998455200912758e+02
9.411409596531250372e+02
9.363230788298686775e+02
9.347603047283056412e+02
9.319346309889474469e+02
9.360073906755062580e+02
9.176752916118540497e+02
9.253709620972147150e+02
9.453404422283410895e+02
9.255768059720943484e+02
9.370406707731877987e+02
9.266064287149141592e+02
9.441481165225027326e+02
9.307516995793118895e+02
9.372803620740274937e+02
9.445089031573313605e+02
9.355238293662963542e+02
9.319010286821544469e+02
9.542692408446605441e+02
9.343746712685093598e+02
9.303684465138268251e+02
9.352762474064405751e+02
9.200521454854832655e+02
9.371860576599476644e+02
9.137838980042030244e+02
9.318378066447181709e+02
9.315922523206418191e+02
9.409669855124938067e+02
9.326384004886331240e+02
9.229700276418675458e+02
9.161920886928089658e+02
9.460791909633642263e+02
9.376238511876971415e+02
9.179320470212077225e+02
9.334591204547728012e+02
9.443588287224760052e+02
9.198939009904261184e+02
9.323877037402572796e+02
9.293409465598142560e+02
9.322333662392293263e+02
9.347772710232304689e+02
9.424568409782357321e+02
9.245850436828736747e+02
9.574350226412082066e+02
9.389178756603287184e+02
9.246424987205161869e+02
9.294461805517353241e+02
9.324728590564764090e+02
9.361387005725647441e+02
9.316462500267984979e+02
9.151220473663466919e+02
9.348951251212212128e+02
9.276540727039579224e+02
9.147707169114160024e+02
9.287603911758591266e+02
9.506875783025105875e+02
9.197884943739586561e+02
9.322263155886524828e+02
9.313380653606016040e+02
9.219385519790524768e+02
9.230239309985179261e+02
9.342900217314086149e+02
9.231570708942506371e+02
9.154610217018854428e+02
9.312823178195266109e+02
9.249278234459974328e+02
9.264678811786948245e+02
9.334777867991922449e+02
9.282810204985140672e+02
9.269246499841368632e+02
9.256585524111280847e+02
9.238962206801645607e+02
9.387814928036658557e+02
9.343507130604796203e+02
9.217910481649298617e+02
9.361944044682047661e+02
9.203212769678133327e+02
9.230275313315572703e+02
9.172520103341958020e+02
9.258557994937244757e+02
9.339416322532833874e+02
9.294619886267615811e+02
9.221720691272684007e+02
9.502036653894583651e+02
9.265330225188479289e+02
9.267747010605795595e+02
9.322869277061656703e+02
9.174278216293728292e+02
8.984228013593019568e+02
9.284973784089552282e+02
9.209363497207843920e+02
9.028239024654963032e+02
9.191214242845593390e+02
9.276261522375720006e+02
9.309878871453522606e+02
9.046393307350344912e+02
9.181478929635529767e+02
9.270980109264407929e+02
9.125776873681568304e+02
9.266546082612975397e+02
9.268139945375314710e+02
9.254880563076669659e+02
9.071865888676929899e+02
9.256248388450686662e+02
9.079305844659218110e+02
9.155522435937580212e+02
9.338504525003852450e+02
9.161018484746123249e+02
9.281572042421380502e+02
9.181477803981548504e+02
9.124787085807722633e+02
9.228931916727631233e+02
9.109968566817550482e+02
9.223476626694374545e+02
9.123942200155141791e+02
9.116822290659869168e+02
9.128496306597289731e+02
9.299168562213459381e+02
9.068751866179042054e+02
9.348851881909714621e+02
9.291464640530502948e+02
9.110735245112406346e+02
9.342423804934655891e+02
9.254046517717022198e+02
9.135611778602958566e+02
9.197407712284206127e+02
9.188270834475963511e+02
9.052302445639636517e+02
9.103918791178032279e+02
9.120332471273724195e+02
9.285624351254921294e+02
9.179745708428035869e+02
9.174435793087326374e+02
9.141462762088581258e+02
9.309877750817888682e+02
9.118230757780087288e+02
9.174882527092800046e+02
9.006629356374675126e+02
9.087029678109598763e+02
9.171476918815304771e+02
9.048450339527246342e+02
9.186896735952335575e+02
9.196267974086403001e+02
8.971671890911065930e+02
9.122577336291666370e+02
9.166338400320786377e+02
9.261513377240529508e+02
9.107194036230044958e+02
9.058354496971979870e+02
9.059183535184995435e+02
9.046964537627004574e+02
9.040281331327513499e+02
9.119560414137131374e+02
9.199124831197402727e+02
9.076508945793653993e+02
9.110302481761000308e+02
8.979389303372967106e+02
9.165413074113704397e+02
9.170354076207154321e+02
8.959549149756278439e+02
9.055221020618773764e+02
9.217788525865236124e+02
9.078048950217024640e+02
9.116326759058980542e+02
9.007769119708885910e+02
9.168825507645486823e+02
9.162073032570631312e+02
9.222292845259394198e+02
9.251872225376924916e+02
9.021562655902174583e+02
9.070040019409002525e+02
9.090686875974413397e+02
9.107667820657565017e+02
9.093159412189351087e+02
9.120636003357199115e+02
8.937155637845087313e+02
8.988249329612955307e+02
9.057890779594938522e+02
9.052711618745577198e+02
9.038964172766446836e+02
9.027318875912095564e+02
9.035782037938746498e+02
9.086968509195810384e+02
8.851231830510514555e+02
9.147259582131478055e+02
9.075563854046192773e+02
9.159300152954098166e+02
9.046478272442112711e+02
9.077011475880622129e+02
9.088743566887350198e+02
8.976622789798637996e+02
8.952011963978649192e+02
9.118424766006512527e+02
9.202912981786826094e+02
8.909141269975619934e+02
9.073619902876562264e+02
9.122262070507807721e+02
9.138841457053536033e+02
9.099302433290721410e+02
9.012575899968900330e+02
9.022172023851921949e+02
9.052503301530257431e+02
8.904742808504288405e+02
8.983937948262712325e+02
9.202244909293325463e+02
8.975730857051978546e+02
9.018080870062492522e+02
9.061294063224509046e+02
8.966945216734907262e+02
8.975581674558349050e+02
9.065534829538231634e+02
9.178787555555405788e+02
8.932243053305037392e+02
8.962579894025930116e+02
8.908691344584862009e+02
8.890483087586108013e+02
9.099811155205316027e+02
8.955954016287764716e+02
8.974652275703973601e+02
8.977587098354574664e+02
9.088448503099959908e+02
8.933773612567129021e+02
9.092005685650808573e+02
8.999823235363166987e+02
8.905850782284126126e+02
8.821328613815446715e+02
8.882416808741378418e+02
9.060454042446867788e+02
9.038707823632258851e+02
8.984388633629573633e+02
9.067260359744232119e+02
8.899736310125400678e+02
8.855887291262388317e+02
8.953535389771715245e+02
8.954985465817474051e+02
9.021020244168065574e+02
8.999097248271239096e+02
8.856317774950964576e+02
9.014827070919820926e+02
8.942544786245759951e+02
9.026220378678683574e+02
8.871763577344097484e+02
8.968959163725958206e+02
9.034218941659997881e+02
8.991055319441433085e+02
9.011207057318465559e+02
8.864127035936222683e+02
8.968475326462380508e+02
8.976544431808193849e+02
8.982639109786986182e+02
8.850730015796019643e+02
8.930586723861989640e+02
9.053670613096644502e+02
9.049796941150719931e+02
8.930606920621435165e+02
8.986912739129828651e+02
9.064924516471927518e+02
9.008823247305986115e+02
8.919278436717173690e+02
8.914876485188035531e+02
8.954730365616334211e+02
8.938562238458545153e+02
8.779468154845112622e+02
8.999811704801356882e+02
8.812894369995326542e+02
8.772529076889863973e+02
8.861117078621890641e+02
9.029235035001905771e+02
8.777292277858874741e+02
9.067716405817470786e+02
8.902050682317777728e+02
8.928341524378097347e+02
9.068480194437623823e+02
8.900258554903007280e+02
8.976209724819354960e+02
8.826489076492653112e+02
8.923320284203998654e+02
8.914072118115909689e+02
8.918051767547405007e+02
8.988790529683413979e+02
8.925817455043866175e+02
8.836894990054768186e+02
8.843577588519792698e+02
8.734420007665526100e+02
9.026547771413181636e+02
8.888936122915312126e+02
8.740227175018956132e+02
8.824945580803059784e+02
8.947932869989483606e+02
8.811168697940508991e+02
8.995824203983137295e+02
8.891418615371406986e+02
8.864737865089197157e+02
8.866962955034724700e+02
8.809797273003933924e+02
8.752318074761709568e+02
8.953522038141863959e+02
8.798073983607232549e+02
8.799998671123877330e+02
8.917386715476657173e+02
8.808639076720509138e+02
9.030275574330469226e+02
8.844266926548133370e+02
8.875917645674154528e+02
8.828941285347142411e+02
8.755499622831135866e+02
8.928281789932996162e+02
8.750267760988048167e+02
8.826802405838614050e+02
8.990927600928837364e+02
8.888306863693717332e+02
8.820782367482892141e+02
8.818953434935035602e+02
8.997693084434487218e+02
8.960393548066792846e+02
8.765062913390283938e+02
8.607491541191258193e+02
8.774035876406509260e+02
8.812701402859212294e+02
8.779960437253362215e+02
8.810263895149179234e+02
8.773528408266043925e+02
8.681935272192964703e+02
8.753742016753991493e+02
8.869922700623692435e+02
8.752358120447566989e+02
8.643063491804027763e+02
8.939126321961194890e+02
8.843289516239140085e+02
8.766057342814797266e+02
8.697074586992443983e+02
8.808699629993080862e+02
8.651651566356313197e+02
8.780944137970469683e+02
8.544861429961362091e+02
8.900268210494866707e+02
8.649449260031638005e+02
8.891867414879466196e+02
8.835583837758691743e+02
8.742716194513518531e+02
8.754059484062814818e+02
8.796553841295840357e+02
8.817655522064361548e+02
8.839676964706932267e+02
8.754231552487044610e+02
8.774976877359925993e+02
8.752221166087082338e+02
8.738591091536013664e+02
8.805372952874181465e+02
8.815022999977343261e+02
8.709851761865005528e+02
8.662580168374358891e+02
8.584988813663246674e+02
8.778785723082752384e+02
8.833898708592852245e+02
8.668191833187530619e+02
8.791205368826208542e+02
8.733042454995188564e+02
8.689630010796588522e+02
8.652637701634049563e+02
8.745270679892713588e+02
8.807252181558221764e+02
8.645978642118683410e+02
8.791683842228972026e+02
8.634673136716683075e+02
8.755593804286081649e+02
8.585652455343229121e+02
8.765198128356723828e+02
8.763519615866720187e+02
8.611710108870626073e+02
8.638532323415042811e+02
8.734489669297965975e+02
8.615523270947526271e+02
8.590538649393130299e+02
8.604500668558613370e+02
8.770141092731566914e+02
8.706549972779728250e+02
8.831150994105798873e+02
8.669450822091225746e+02
8.600421089890655821e+02
8.717017979242967840e+02
8.704112353455814173e+02
8.635780663987778780e+02
8.682899329570960845e+02
8.644368515641617705e+02
8.653619833903395602e+02
8.764854417660069430e+02
8.729331146440033535e+02
8.778559520098256144e+02
8.528901548922128768e+02
8.758988388772725102e+02
8.545016179643166652e+02
8.542215363271106980e+02
8.688264337611284418e+02
8.652822922473940253e+02
8.477958281092936659e+02
8.677476324021903338e+02
8.546082788101336973e+02
8.534143077855483170e+02
8.577046388583387397e+02
8.659557083891568254e+02
8.797201185478299976e+02
8.608481414661963527e+02
8.507281230254257025e+02
8.705857912421979563e+02
8.595294352119653922e+02
8.482929046306012424e+02
8.489556671343880225e+02
8.771841911304323958e+02
8.667042960576505948e+02
8.560130712583948025e+02
8.844377535207178198e+02
8.455541902643229832e+02
8.696890819665528625e+02
8.542361160672659253e+02
8.679776750245415542e+02
8.446731379322848170e+02
8.497471255242192001e+02
8.533815488324072476e+02
8.666936648268429053e+02
8.653702048074289905e+02
8.566903925506936730e+02
8.510006346170641791e+02
8.659149023913342944e+02
8.549322573305051947e+02
8.605392480423580537e+02
8.370935784082018927e+02
8.504087678791265716e+02
8.590558713604041259e+02
8.533013376368887748e+02
8.695576757833533748e+02
8.492730414318770045e+02
8.482627099520121874e+02
8.390129546307016426e+02
8.558075214858474737e+02
8.521790678434040274e+02
8.504489369221456627e+02
8.497378490107765856e+02
8.495444709060342348e+02
8.459496443507225649e+02
8.500785386324149613e+02
8.514304642878827281e+02
8.696782654524415648e+02
8.539963692315344588e+02
8.533269827709434594e+02
8.458816093446490640e+02
8.376832531512118294e+02
8.578251516209336387e+02
8.519150190972781047e+02
8.556159360813744570e+02
8.364594253043494518e+02
8.524451597740926445e+02
8.428393351686972892e+02
8.547019168251326846e+02
8.449689161619121478e+02
8.438842877784499024e+02
8.510382088253721804e+02
8.503737974931808594e+02
8.383507531991730275e+02
8.568886821039593542e+02
8.486225857331399993e+02
8.591202396019435810e+02
8.423882695898566908e+02
8.441719657051129388e+02
8.518307369602802055e+02
8.410301041493402181e+02
8.452741167394226522e+02
8.566381816622957786e+02
8.542674969021089737e+02
8.406571746555958953e+02
8.545217230096704952e+02
8.472998885972352809e+02
8.548171189589644428e+02
8.446924564673435043e+02
8.356345070967100810e+02
8.555280042421724147e+02
8.366156089435179410e+02
8.567892675786321206e+02
8.446940416325460319e+02
8.392756015767206463e+02
8.552101970881329862e+02
8.457351801342296085e+02
8.339552172903265728e+02
8.400362839763394049e+02
8.371388608467815402e+02
8.376641334387948064e+02
8.404845089750866691e+02
8.381611992203510226e+02
8.391174472216641789e+02
8.506758411407867015e+02
8.347155885439183294e+02
8.343269561520538673e+02
8.304012638909908901e+02
8.281773899754408603e+02
8.446992560395938199e+02
8.419670262913272154e+02
8.422165203570402809e+02
8.313076210601287812e+02
8.377137854947633286e+02
8.286770602055145218e+02
8.477884438681568327e+02
8.337129924870062041e+02
8.381685850426154047e+02
8.386851214971856052e+02
8.494627817471141498e+02
8.337693521639001801e+02
8.335798935402121970e+02
8.324596839738084100e+02
8.326887568059663636e+02
8.345309128100479938e+02
8.309283046973523597e+02
8.256800970554905916e+02
8.347372014566578855e+02
8.368659721743631508e+02
8.299258768685488121e+02
8.461570197350172293e+02
8.317279479006717793e+02
8.282781308036545624e+02
8.462645088583860797e+02
8.332303860371912378e+02
8.263557551627459361e+02
8.263889360811066354e+02
8.367684499637468889e+02
8.379473867411619494e+02
8.364561269915591311e+02
8.368977648109967049e+02
8.254538992683595779e+02
8.318830552888772445e+02
8.381509967155881213e+02
8.257146089438556373e+02
8.451563157759478599e+02
8.474755968664616148e+02
8.254588500814638792e+02
8.202511300789294637e+02
8.313840142261831261e+02
8.275291038200977027e+02
8.344110068962320383e+02
8.337656788392791896e+02
8.253003762629505218e+02
8.327654901521256079e+02
8.243561188545986624e+02
8.225096074277607840e+02
8.199755619144139018e+02
8.343078574389194273e+02
8.386678635195196421e+02
8.040096268945055726e+02
8.302282135819282303e+02
8.150189225376051354e+02
8.258148170985869001e+02
8.254510553620708606e+02
8.220789375521112561e+02
8.174280380494800511e+02
8.190718105741379986e+02
8.236165804350076769e+02
8.259951722811724721e+02
8.206038483514715836e+02
8.110982071089799774e+02
8.179948532372593490e+02
8.135505036174562292e+02
8.399352983652134981e+02
8.173559910686700505e+02
8.346775017741080092e+02
8.301515824950166689e+02
8.029511972179425356e+02
8.326365956524620060e+02
8.130338950519716263e+02
8.373197508116281824e+02
8.334648162586038325e+02
8.114120137790622493e+02
8.161500065495118861e+02
8.107585518666320468e+02
8.162061653212374495e+02
8.028346271568598240e+02
8.208273627474483192e+02
8.061520004754008824e+02
8.239689406167398147e+02
8.197600307227488656e+02
8.190820692924709192e+02
8.221601552127609693e+02
8.141856890320450475e+02
8.213517082776396592e+02
8.279214054928717132e+02
8.119844341309843685e+02
8.177160981207020995e+02
8.170347694470002580e+02
8.283931742004050420e+02
8.298034814866178976e+02
8.200905202740168534e+02
8.144566433974955544e+02
8.112245665722912236e+02
8.137735851956680335e+02
8.095843667918716164e+02
8.155954115664892470e+02
8.229941759267908310e+02
8.083738937478483422e+02
8.301326245093924854e+02
8.473080768188704042e+02
8.089777144267953872e+02
8.094185848411766528e+02
8.078153850514904661e+02
8.196074076256027183e+02
8.159302106730647210e+02
8.168667234493361775e+02
8.179357839315977117e+02
8.169334162518604217e+02
7.929459337626309434e+02
8.169495021767788785e+02
8.151223122301507829e+02
8.286494858416200486e+02
7.983098170399623541e+02
7.962212601755276182e+02
8.156862741506336079e+02
8.160467436911012555e+02
8.070410303353711470e+02
8.024039482425041570e+02
8.014196954451082320e+02
8.063744229785032758e+02
8.032089138117497669e+02
8.064826231129624148e+02
8.056139067889392891e+02
8.010132269328356642e+02
8.023372124879722378e+02
7.909498040280651594e+02
8.136538897120860838e+02
7.969677000306701302e+02
8.047058319525444858e+02
8.072700630495049836e+02
8.131706999361507542e+02
8.216301960443375947e+02
8.119039690191038972e+02
7.922817105595948988e+02
7.815332316625896283e+02
8.111687192155968660e+02
8.108930819339651634e+02
8.023083359061386091e+02
8.124478399258217678e+02
8.028524609288040210e+02
7.981773667412020359e+02
8.091574587094571598e+02
8.046198242959243316e+02
7.888178422561335310e+02
7.987998308830445922e+02
7.987495929075022332e+02
7.982791870262739167e+02
7.807915522780411948e+02
8.181537112829059879e+02
8.098732504488185668e+02
8.106950623172763244e+02
7.977653807684832827e+02
8.015375739370197152e+02
7.985370474560206731e+02
8.106745456706651112e+02
7.991579664841536896e+02
8.003687063174934337e+02
7.984147736295615232e+02
7.982634228245204895e+02
7.945059161466535897e+02
8.091228820706778606e+02
7.761268205895805750e+02
7.920393378144203780e+02
7.939848406482193468e+02
7.852108116864702652e+02
7.958907283129229882e+02
7.819098133664799661e+02
8.095693888083276306e+02
7.972545412644544740e+02
7.924451290189545034e+02
7.944464355841998895e+02
7.877292713261492736e+02
7.769314276478617103e+02
7.853418556266219639e+02
7.829428298070628216e+02
7.856541423740299024e+02
7.881054230905655231e+02
7.883715548474312982e+02
7.865239683424591703e+02
7.757794389307561005e+02
8.028247834654210919e+02
7.779070307813310592e+02
7.911820047012013220e+02
7.738821879432581454e+02
7.808200648846099057e+02
7.846640413083978274e+02
7.951063489180460238e+02
7.684063277198181368e+02
7.885462226507047490e+02
7.867119461806030358e+02
7.924738310671048112e+02
7.781763489595800820e+02
7.955130760044289673e+02
7.812413237648898985e+02
7.758161287214663844e+02
7.734143209433549373e+02
7.846349689589974332e+02
7.955724677707096362e+02
7.940205233420863351e+02
7.711137494747971459e+02
7.937875315042157354e+02
7.939102181521373041e+02
7.841963671216954026e+02
7.983768401028934250e+02
7.810985807096587905e+02
7.672759595952401241e+02
7.844162890020097620e+02
7.924784867676489739e+02
7.807885464404737377e+02
7.760280206487207124e+02
7.843288042920680709e+02
7.899573100545802617e+02
7.732125784207116794e+02
7.750036340292759860e+02
7.778596952031737146e+02
7.689486966106336467e+02
7.869918663326237720e+02
7.782669712781970475e+02
7.862424010103555929e+02
7.687722979856702068e+02
7.786605326391271547e+02
7.817012121027742069e+02
7.708502180168669611e+02
7.811698024925757409e+02
7.792266463606629259e+02
7.752361026801527260e+02
7.654618570540911833e+02
7.694224678741214802e+02
7.722723155027797475e+02
7.564617633180683924e+02
7.630473455623728114e+02
7.703941207368777668e+02
7.696816762897760782e+02
7.696968560604268532e+02
7.681718128733019739e+02
7.809155164972622742e+02
7.656070572375970187e+02
7.757680299396211012e+02
7.760226670097021042e+02
7.631115337414688611e+02
7.734774831809509124e+02
7.670140565197251590e+02
7.563496470879418894e+02
7.817318044308459548e+02
7.512869367146835202e+02
7.538476240928108609e+02
7.492977289875356064e+02
7.900118654684918056e+02
7.692732728448361286e+02
7.548935540769609815e+02
7.643548487093947870e+02
7.634275507726672458e+02
7.701113369909356834e+02
7.579757052484911810e+02
7.596319310981998569e+02
7.593071559068055194e+02
7.624803024389082111e+02
7.733241357599022194e+02
7.572586480135865941e+02
7.624414123680902549e+02
7.570289013723989910e+02
7.689980040466128912e+02
7.681784892150329824e+02
7.405714362105143209e+02
7.437814135979555203e+02
7.466414679343419039e+02
7.557333093643306938e+02
7.604929070870310852e+02
7.609624268939567173e+02
7.595342347496521143e+02
7.530347930092528941e+02
7.678048667747526679e+02
7.699047679735763268e+02
7.531922710461121824e+02
7.766687556475213796e+02
7.590853314507326104e+02
7.594515528569347680e+02
7.578973873719040739e+02
7.572678920300739946e+02
7.453275195769267611e+02
7.526141753713302478e+02
7.422464137074820201e+02
7.491009833566733960e+02
7.546771439173006684e+02
7.726430233240489542e+02
7.640369128965509162e+02
7.527888032824234870e+02
7.554097863741012588e+02
7.584207117351713805e+02
7.696401808193422767e+02
7.655473935731630490e+02
7.552433136885288150e+02
7.391895152774617372e+02
7.598511775303095419e+02
7.349355339794382189e+02
7.494000766989926205e+02
7.577631105668847340e+02
7.373688960819388285e+02
7.475912331924545242e+02
7.570831807938117208e+02
7.459538021830592243e+02
7.561506313118536582e+02
7.504510113610665485e+02
7.379970654875954779e+02
7.570516597643223804e+02
7.343719248889163964e+02
7.416614803667036995e+02
7.474454763510400426e+02
7.505808333494212548e+02
7.407137034505572046e+02
7.487224124534895964e+02
7.550459446741863303e+02
7.383836115762202326e+02
7.589350105546543546e+02
7.444928961614897389e+02
7.395268422393011178e+02
7.451032575748371301e+02
7.295649129300621780e+02
7.503871345570726135e+02
7.523083454518562121e+02
7.508793308762582228e+02
7.425143200138360271e+02
7.460549208508151651e+02
7.377947697749642657e+02
7.635452392733268425e+02
7.515085699975608122e+02
7.510640035004460060e+02
7.510279905737302215e+02
7.433419322500377575e+02
7.578202091130838198e+02
7.435449640273184286e+02
7.485187766785552412e+02
7.469507084067282676e+02
7.314796648328293713e+02
7.504189036567223638e+02
7.324369463454611378e+02
7.322455822501054854e+02
7.307763555841345351e+02
7.475913232236694057e+02
7.447878977690432976e+02
7.185948066286115363e+02
7.413130764885104327e+02
7.206638641462424175e+02
7.263356141486932529e+02
7.338057888603963193e+02
7.483820265333743009e+02
7.376464626607114496e+02
7.317867190315793096e+02
7.372054170876095895e+02
7.445880365480680894e+02
7.329673406718268325e+02
7.300538035174989773e+02
7.325140230857385859e+02
7.222398684054239766e+02
7.374879362336292843e+02
7.297325933834247280e+02
7.303142198843607957e+02
7.389115259880417170e+02
7.386108385307217077e+02
7.266777626919051727e+02
7.320119475628166583e+02
7.219351017750416304e+02
7.285461913345599214e+02
7.353129829858360154e+02
7.374513543758273499e+02
7.383398063238972782e+02
7.331893643286464339e+02
7.355514000391286800e+02
7.236204344978189056e+02
7.206417804905534013e+02
7.238428617390414956e+02
7.241715353565014084e+02
7.302253204295209343e+02
7.353477777867328768e+02
7.225428889336856173e+02
7.103223414655051329e+02
7.304461876387179018e+02
7.278679779208616765e+02
7.295477170015932415e+02
7.257466729328376687e+02
7.205854784962708663e+02
7.221213727449572843e+02
7.181863740698734091e+02
7.254605286422512336e+02
7.130327941185921645e+02
7.336062944581989314e+02
7.244792706686482688e+02
7.114849686352289382e+02
7.203014447939993943e+02
7.230141252862397323e+02
7.179815352727661093e+02
7.091305538189027402e+02
7.312171748755995395e+02
7.205303383431547672e+02
7.199142979715945785e+02
7.167287891112091529e+02
7.196910177272724241e+02
7.183523320296150132e+02
7.349400213513458766e+02
7.037529811085896654e+02
7.107837870901975066e+02
7.181283632233888738e+02
7.276063718607589408e+02
7.214797390751155035e+02
7.200868674571026986e+02
7.242936071608069142e+02
7.116952702029727789e+02
7.128457286023458437e+02
7.231153511914424143e+02
7.166506479861515118e+02
7.078703153121603009e+02
7.211658361096385761e+02
7.162891190169972333e+02
7.315171432062430767e+02
7.178684240358376201e+02
7.229354820685608729e+02
7.138679025615795126e+02
7.126672260621328405e+02
7.110253215490539560e+02
7.077147600625099813e+02
7.096071067571355115e+02
7.105911036581877624e+02
6.984212993793555597e+02
6.998874799685522703e+02
7.163466935595641871e+02
6.912292885501103683e+02
7.126886665476630469e+02
7.073837596243809003e+02
6.941127048615010153e+02
6.976113546791935960e+02
7.071913789950451701e+02
7.138522668049148479e+02
7.218683905300551942e+02
7.096738463079068424e+02
7.071703096981656245e+02
7.056749731498999836e+02
7.098130821283477871e+02
7.032129477750162323e+02
6.989643374109887191e+02
6.987697497272956753e+02
7.073341067085059422e+02
7.111507601041035969e+02
7.014736789423886876e+02
6.966392841826874474e+02
6.920729452773907724e+02
7.134029485815926819e+02
7.030427307736525790e+02
6.955157268744013663e+02
7.026359177417011779e+02
7.043584734165494865e+02
7.082080827529604221e+02
7.089552275988006613e+02
6.801538731818567385e+02
6.810433689936044175e+02
6.978091319713655594e+02
7.123317356780050886e+02
7.084126837330557009e+02
6.847768240128406205e+02
6.879713112089880269e+02
7.046802501343437370e+02
7.033944394830608644e+02
6.920574640099221142e+02
7.021683634834188297e+02
7.004655482767373087e+02
6.983319860823953604e+02
7.011882923543540755e+02
7.001119920662073355e+02
6.741754232184813418e+02
6.955820937184129207e+02
6.996054263744777018e+02
7.020107734304081077e+02
6.876453545733647843e+02
6.825846123527860527e+02
6.949790714623730992e+02
6.754120143171574000e+02
6.884737880849684188e+02
6.905762189783163194e+02
6.849660163408489097e+02
6.984709064622342112e+02
6.885054938748353379e+02
7.049400149912711413e+02
6.751001231537981084e+02
6.994949149364535970e+02
6.769317212474027201e+02
6.910475123979721275e+02
6.753055199790276220e+02
6.966618495824089905e+02
6.854274914587217609e+02
6.738828875470887851e+02
6.918844220449315117e+02
6.877202276004464920e+02
6.821266438757561446e+02
7.020324337123480518e+02
6.870346758754606071e+02
6.689314854018626875e+02
6.864306801746881774e+02
6.955395810970604771e+02
6.857112557721716257e+02
6.844097214488201644e+02
6.712718726187786160e+02
6.992956202757601432e+02
6.929024221259843443e+02
6.776215548471973307e+02
6.867586867258476104e+02
6.731647135525021213e+02
6.906991476441214672e+02
6.740241139935995989e+02
6.762175285398701590e+02
6.919053260613590055e+02
6.708054523477535440e+02
6.683655435608924336e+02
6.793692950584182881e+02
6.815968554939590831e+02
6.918444748417385881e+02
6.765530949786401607e+02
6.781132974898157499e+02
6.781012203429395413e+02
6.679521584511378478e+02
6.749770458801590394e+02
6.866546953336693377e+02
6.799960337803746597e+02
6.869983157601089943e+02
6.673503753443856112e+02
6.644292935492204606e+02
6.689086959197500164e+02
6.709061946861914976e+02
6.741643878001982557e+02
6.749032285781764813e+02
6.690399707523199595e+02
6.711298478885792065e+02
6.634760808298225356e+02
6.703083922439781190e+02
6.759871938458580871e+02
6.802646289211436397e+02
6.715294641377819289e+02
6.511849291385582319e+02
6.699205638396642826e+02
6.585782350776339626e+02
6.749414934827888146e+02
6.930396788074147025e+02
6.675146788417847574e+02
6.754804191261499682e+02
6.740214195613870061e+02
6.591153734228179246e+02
6.740347050183563624e+02
6.673172644967662563e+02
6.648269731668699478e+02
6.528691141271906417e+02
6.613337267242056896e+02
6.651911193699457954e+02
6.641720580067335504e+02
6.709236164314435200e+02
6.543463004819404887e+02
6.641267369367545825e+02
6.563474553661416167e+02
6.603545920549044013e+02
6.629024595399193913e+02
6.707455451645287212e+02
6.498478813904768003e+02
6.549888458584586033e+02
6.641257053839146920e+02
6.624348938438439518e+02
6.552388072478269123e+02
6.545326820107126196e+02
6.658327123036641524e+02
6.723113419441004908e+02
6.568537643354823103e+02
6.600909373337717625e+02
6.639204866467342754e+02
6.592921391753915259e+02
6.680967739426644130e+02
6.666106983384134992e+02
6.469542554810104775e+02
6.574100652184430373e+02
6.528130010674024106e+02
6.512644273249784419e+02
6.461951327812064392e+02
6.474489455054601876e+02
6.535703380731893049e+02
6.396951215269643853e+02
6.692195969236640849e+02
6.564223249084789131e+02
6.371642164072977721e+02
6.460061300765862597e+02
6.541398674751334283e+02
6.709716895310341442e+02
6.408537391246616153e+02
6.516084716558258378e+02
6.567231536947427912e+02
6.545618920693852942e+02
6.482224923920767878e+02
6.509905260661022339e+02
6.504255737775617945e+02
6.525858327459876591e+02
6.449132821446939943e+02
6.474792682270772275e+02
6.534849138959983748e+02
6.417005591507657982e+02
6.461816650317269932e+02
6.355439849159216692e+02
6.236770354654017865e+02
6.439673144111584406e+02
6.385096041722423479e+02
6.504373573548058403e+02
6.299052408433440178e+02
6.371118472865775857e+02
6.375279820506494843e+02
