1.070825755638079954e+03
1.073671684830584354e+03
1.074570432391923759e+03
1.050748631003516039e+03
1.070517062885987571e+03
1.061271668497196288e+03
1.060512546965463116e+03
1.068944070806682248e+03
1.056526911487757843e+03
1.070295367893724006e+03
1.062342227004867709e+03
1.078587113533967113e+03
1.067544811090272333e+03
1.077837316237926871e+03
1.079961761569863938e+03
1.077038728875071456e+03
1.071444404792628802e+03
1.070984046327958367e+03
1.076749509548193373e+03
1.068841196653779434e+03
1.078053097727965451e+03
1.063388360696298832e+03
1.079288952691743361e+03
1.063994999267158391e+03
1.058883067648586575e+03
1.068196760546643418e+03
1.066976229713916382e+03
1.090410473727650924e+03
1.069762675676762001e+03
1.077548251213879212e+03
1.073225094286996637e+03
1.073894905618580879e+03
1.071113275377726950e+03
1.080068306904551946e+03
1.068240265124552252e+03
1.087296527798785064e+03
1.075579479258950869e+03
1.083185979102864849e+03
1.084065133085934804e+03
1.077565570207361134e+03
1.086605214461392734e+03
1.062887171169887552e+03
1.076725427590875597e+03
1.079599452380165076e+03
1.062336877473433788e+03
1.081175762559184250e+03
1.086489156633195080e+03
1.091689631018673708e+03
1.074169210813453446e+03
1.058920402176218658e+03
1.083595193097518631e+03
1.080620645634289076e+03
1.081638844153934087e+03
1.086203805043764760e+03
1.082339761669905329e+03
1.068883737192188164e+03
1.083717158468483376e+03
1.069992837325455639e+03
1.067746263415261637e+03
1.090748711811757858e+03
1.076620963932797395e+03
1.070075534919737038e+03
1.072135539628506422e+03
1.095264620702361754e+03
1.096041599110587413e+03
1.079732925678039464e+03
1.070968241923176038e+03
1.086937058905124104e+03
1.076256843087172456e+03
1.082779071779982814e+03
1.075734775214497404e+03
1.079034720270748949e+03
1.077289920870998685e+03
1.096244977744019934e+03
1.076726460997442018e+03
1.067955947806047789e+03
1.079240557474000525e+03
1.082975777006182852e+03
1.093211885948906001e+03
1.083553620406778919e+03
1.089302073035252988e+03
1.088561619551347121e+03
1.088520020832684850e+03
1.095266035473274542e+03
1.086482955045566769e+03
1.087910920432597550e+03
1.078211518598799557e+03
1.083395148058206132e+03
1.083976069861623955e+03
1.075263170608620158e+03
1.073520976476069791e+03
1.073234228138341905e+03
1.089881058904991733e+03
1.067588558787516376e+03
1.078153720965225830e+03
1.083219832860119823e+03
1.093504993577143068e+03
1.088434335358545468e+03
1.085524553030364132e+03
1.086505715242227097e+03
1.094583763719964509e+03
1.090576101664428506e+03
1.085715979102983283e+03
1.079922653143571324e+03
1.071276023686048575e+03
1.091558664550819458e+03
1.077093621642694416e+03
1.104197807840790119e+03
1.081254228890489230e+03
1.073134577594131770e+03
1.078014179592067876e+03
1.082784030008262562e+03
1.093107797404697749e+03
1.081846883515043373e+03
1.105387950194301993e+03
1.090910418435695647e+03
1.092244062276451814e+03
1.082587414215167883e+03
1.093541383171342432e+03
1.066421281392602850e+03
1.076960555321436686e+03
1.087502299414325989e+03
1.091051829297323138e+03
1.100206558696965203e+03
1.082150935023946886e+03
1.094484487890351375e+03
1.086414545563661022e+03
1.088219326689510353e+03
1.081671816346429978e+03
1.083947167210151292e+03
1.095477640978150248e+03
1.090609178951863896e+03
1.103325735554597486e+03
1.084003816164676891e+03
1.090530783314767859e+03
1.098305270843846074e+03
1.086534434005435514e+03
1.102344830566767769e+03
1.099495525015914836e+03
1.097940591693488386e+03
1.100160842050896235e+03
1.097647151478505293e+03
1.091345750125454288e+03
1.104457476556876600e+03
1.113753324569764573e+03
1.103126488132049872e+03
1.111551748967474623e+03
1.086637346387800108e+03
1.101729207420340117e+03
1.081122915552773520e+03
1.093829826856545424e+03
1.099289567703901412e+03
1.102373620374450411e+03
1.087392304759783428e+03
1.098876305872806142e+03
1.091054261804411681e+03
1.095151164467092258e+03
1.096029944364853918e+03
1.104095255021194816e+03
1.093091015650222744e+03
1.104092349001319462e+03
1.104036332933432959e+03
1.100199795653486717e+03
1.105436037629336397e+03
1.080872032802894410e+03
1.095637972377261576e+03
1.087809849753817844e+03
1.090725105493829687e+03
1.079065625846307285e+03
1.109172273775762733e+03
1.096132541342399236e+03
1.094200287174871164e+03
1.098693525318320553e+03
1.107363465468311233e+03
1.108510372734701377e+03
1.088137528063116861e+03
1.118056970457202851e+03
1.113121508309361161e+03
1.095649227408732941e+03
1.109260728579621627e+03
1.093325142621684790e+03
1.104460658236152085e+03
1.111610748020023948e+03
1.107897890933222698e+03
1.088323739983442238e+03
1.091593587225405599e+03
1.097662034879443354e+03
1.096212667100781118e+03
1.097331218138417398e+03
1.098985133468869662e+03
1.116226045682126596e+03
1.105130521585584802e+03
1.094418834979244593e+03
1.103535497186822340e+03
1.089773047484377457e+03
1.094916343350122816e+03
1.094162268266131832e+03
1.113050080753748034e+03
1.093829689453026731e+03
1.091868669376464595e+03
1.107119114572343960e+03
1.096911381934961128e+03
1.097685278083289404e+03
1.105919165773576424e+03
1.112933821707838661e+03
1.103104353323669329e+03
1.095751744011193750e+03
1.100161969713300778e+03
1.112832040946760799e+03
1.096072028271286626e+03
1.097133064210165912e+03
1.115155647375217541e+03
1.109771655159888724e+03
1.115855623503551669e+03
1.109980406876361030e+03
1.099489388599531139e+03
1.097015756918451189e+03
1.111278853085093942e+03
1.120490590267957487e+03
1.111435498878858652e+03
1.107984370277491735e+03
1.114449302732920842e+03
1.108352144499743190e+03
1.091732221415102003e+03
1.100542651133664776e+03
1.130428534362399887e+03
1.125881174356853762e+03
1.118627281286964035e+03
1.103739643824271752e+03
1.113119801063230170e+03
1.115673865086732121e+03
1.113604781167432975e+03
1.120156838206360590e+03
1.131983162545810728e+03
1.099970602229073165e+03
1.112471356336654253e+03
1.106310959480739939e+03
1.101880356264567354e+03
1.103784908346736756e+03
1.102814356001573515e+03
1.127908691775125362e+03
1.099543460109330908e+03
1.121749717317312843e+03
1.105032433610308544e+03
1.115185533605451610e+03
1.100577423163020285e+03
1.130073096048798106e+03
1.107048882337592431e+03
1.087751169805053223e+03
1.131451687025941283e+03
1.116732737705039426e+03
1.101974817394577030e+03
1.126819604157567710e+03
1.120406931743061250e+03
1.117731192253670770e+03
1.117539903020497377e+03
1.129036091970871439e+03
1.104607853522845062e+03
1.111395398650523020e+03
1.112521393306407163e+03
1.126075722606942918e+03
1.120473802916380464e+03
1.127501965653468233e+03
1.113153299428861146e+03
1.112743460398573916e+03
1.109006137388096022e+03
1.121069873950136071e+03
1.125898329349394771e+03
1.124505184718192140e+03
1.104172423922282633e+03
1.124655131822376006e+03
1.120617528961179460e+03
1.128110988283454844e+03
1.125063654310526999e+03
1.123307352497351076e+03
1.123900641157150631e+03
1.106657388812860518e+03
1.115888455794447282e+03
1.114783347929934507e+03
1.131883873383077571e+03
1.121735189120881842e+03
1.123099860982078098e+03
1.109597501248899107e+03
1.118531585516409223e+03
1.116717860381996616e+03
1.123432851533068288e+03
1.122264198274749788e+03
1.113297670777719077e+03
1.124924500874276418e+03
1.130245557334317482e+03
1.132015524682183695e+03
1.113757086248490623e+03
1.130479785869751595e+03
1.118629825460221809e+03
1.127833794052608027e+03
1.122370455082213766e+03
1.120388803888756229e+03
1.111864319255100099e+03
1.129662740140409824e+03
1.123188373294041185e+03
1.117549290557270979e+03
1.121474210386237019e+03
1.109897902539054485e+03
1.145502618277566853e+03
1.120588438261467672e+03
1.137557814140222717e+03
1.120686564699439259e+03
1.116525310797052271e+03
1.136029762594751219e+03
1.122537467007742407e+03
1.102901514105356682e+03
1.137533784355863418e+03
1.133966920094888792e+03
1.107329327243172202e+03
1.125013837919316984e+03
1.120649123357733743e+03
1.128307001346918696e+03
1.133308664097392239e+03
1.143796829367607415e+03
1.127862836542079776e+03
1.129547074439088419e+03
1.115474729585205750e+03
1.126012132954235085e+03
1.135545195093875009e+03
1.124029844307493931e+03
1.131337844313598225e+03
1.135513304762504504e+03
1.127207517442867584e+03
1.122553675177316563e+03
1.129684519876793274e+03
1.121649715972681406e+03
1.114504658393961108e+03
1.123060573822777314e+03
1.127053298402798873e+03
1.132234921436866671e+03
1.129597992098685381e+03
1.139097066960491702e+03
1.157837057237199588e+03
1.144924170128479545e+03
1.122906716710240289e+03
1.138972682393115520e+03
1.132883643328048038e+03
1.132155816275824918e+03
1.143044940664672367e+03
1.135197067667938882e+03
1.148260110835600699e+03
1.130473181202414935e+03
1.132443135302250312e+03
1.136264339974157338e+03
1.139180838259718712e+03
1.136083334297620240e+03
1.134974934772462120e+03
1.134678123540063780e+03
1.135826648256479302e+03
1.132544306888791652e+03
1.123707650425180418e+03
1.126331724971528047e+03
1.133085807940893574e+03
1.149019128820494188e+03
1.145267883945938593e+03
1.132198927878330551e+03
1.124999640979938249e+03
1.156277591342645792e+03
1.126516308588312768e+03
1.135920240484965007e+03
1.131276693815966837e+03
1.138424643772358195e+03
1.148017930561010417e+03
1.124594176513597404e+03
1.148551878982830203e+03
1.141432615732140448e+03
1.144271377910688898e+03
1.129594371739778126e+03
1.136179058519041519e+03
1.146547111138538867e+03
1.145376119838431123e+03
1.150596873450358771e+03
1.140941646219454242e+03
1.148567009949516887e+03
1.145064943174034397e+03
1.140571850447142651e+03
1.135569665056838630e+03
1.151862840602068218e+03
1.135841005917368648e+03
1.148890750271408933e+03
1.145842934751690336e+03
1.132121207286068284e+03
1.149355250320200412e+03
1.138653213797897024e+03
1.138545717542973080e+03
1.139572561917250141e+03
1.144106595840927184e+03
1.136141407169254535e+03
1.151586749144843452e+03
1.141932318749788010e+03
1.136343054408567241e+03
1.134608540085514051e+03
1.135100884264490105e+03
1.136470744008044676e+03
1.145605138040699330e+03
1.136536055086164424e+03
1.127022779510659575e+03
1.155674203972872192e+03
1.132413513838034760e+03
1.145201788199567090e+03
1.145225097022119598e+03
1.143670597341677421e+03
1.136196529349466800e+03
1.148377370311549612e+03
1.138972731281546203e+03
1.141640008283977068e+03
1.153527922741931434e+03
1.137758612330592541e+03
1.157061117368336681e+03
1.136865438349783062e+03
1.164091730385682695e+03
1.146804143656045198e+03
1.157995858940545304e+03
1.146778415096775007e+03
1.157774968810999781e+03
1.155339338756771213e+03
1.163155158498325136e+03
1.136439598934922742e+03
1.147245846849686586e+03
1.144654965090282531e+03
1.150483257739538203e+03
1.144786343731237594e+03
1.162972007389130795e+03
1.132417685333065947e+03
1.139543168552711222e+03
1.166476964174601108e+03
1.153468065229930517e+03
1.145728974726997421e+03
1.149598570408347541e+03
1.161199871088477494e+03
1.142143008638216770e+03
1.150943450391909437e+03
1.156409143252695230e+03
1.161156100671250670e+03
1.139559840262852049e+03
1.154873911985867153e+03
1.160370899590744102e+03
1.157640746147078517e+03
1.154651141257904101e+03
1.159378147332607796e+03
1.154370502501878946e+03
1.162112560102226098e+03
1.152293482263476108e+03
1.163438343566766434e+03
1.153286508985268483e+03
1.148813446510376252e+03
1.156855071714032192e+03
1.160855231318351798e+03
1.152173267788505200e+03
1.152376393163608100e+03
1.174529986760865313e+03
1.152131986978834220e+03
1.155729956287391360e+03
1.150904883943500636e+03
1.165569783829030257e+03
1.162299221848867546e+03
1.167151292711833094e+03
1.154971198584949434e+03
1.158585590756950296e+03
1.159680837058190718e+03
1.158130606922067500e+03
1.167661004959783213e+03
1.148317619608354562e+03
1.159876317577531381e+03
1.177349679234744372e+03
1.150219735096097565e+03
1.158110716410170653e+03
1.165454542141472075e+03
1.182349473600395868e+03
1.153397096520395053e+03
1.168670348824519579e+03
1.170414046630264693e+03
1.156303912944885269e+03
1.150899433473334966e+03
1.154715821868809144e+03
1.169704179707219510e+03
1.157664333012742190e+03
1.175289448254505942e+03
1.160150012475500034e+03
1.171125900397671785e+03
1.155118009016636961e+03
1.159646048764241868e+03
1.156545647134782712e+03
1.152395522372573851e+03
1.170342962569654901e+03
1.177849982320362415e+03
1.172045556956747305e+03
1.160026090318430761e+03
1.159563129471112688e+03
1.155992774323424783e+03
1.168245691348408172e+03
1.165172443164928154e+03
1.167947626542344096e+03
1.170051041895811068e+03
1.169182673295094446e+03
1.158745667940650037e+03
1.173154269806588900e+03
1.169283271258921559e+03
1.170952982846135455e+03
1.163099376479696502e+03
1.157825082316468070e+03
1.181059485944111202e+03
1.159313534532082713e+03
1.169471796144999871e+03
1.161999543138460922e+03
1.162895335038261237e+03
1.178673393518257399e+03
1.168529889713807506e+03
1.177808754731821182e+03
1.167290847295688991e+03
1.171047462771271285e+03
1.173823982713455052e+03
1.162690961256548917e+03
1.167081056797004976e+03
1.169060171649362928e+03
1.180473070492261058e+03
1.174386728313660797e+03
1.167183198620512258e+03
1.165929010306042983e+03
1.175136964951014761e+03
1.179311989086395897e+03
1.187021164214285363e+03
1.170297177233336697e+03
1.174763489797625198e+03
1.174662918608215023e+03
1.165076045820396530e+03
1.179194834923308235e+03
1.164628630382444044e+03
1.165840061751747271e+03
1.183588909693283767e+03
1.174925028960687087e+03
1.187733714651317996e+03
1.173638866353508092e+03
1.189837945198685247e+03
1.156971394976228794e+03
1.184638941732726607e+03
1.172298617610705151e+03
1.179248585698249826e+03
1.167427976990041543e+03
1.166299550055337249e+03
1.176364658034801096e+03
1.186625912531362701e+03
1.170665498808714574e+03
1.178233607461913834e+03
1.185683595183920488e+03
1.192333127584956856e+03
1.170029496504141207e+03
1.170872850484637866e+03
1.166478871225735929e+03
1.180766117694527338e+03
1.174549131742566942e+03
1.175214190927596064e+03
1.178394267503918400e+03
1.188164102172890807e+03
1.181801845142217644e+03
1.168312502803703183e+03
1.191028134057748048e+03
1.169781263860169247e+03
1.183890435129133266e+03
1.172610143093104625e+03
1.191860693804725315e+03
1.174561349328360620e+03
1.176236323405981466e+03
1.176857309062649392e+03
1.184566425413635898e+03
1.190134597167499578e+03
1.179587028144923124e+03
1.182975891076486732e+03
1.187898444224716286e+03
1.175834821498480551e+03
1.164906679860020404e+03
1.179330322573651529e+03
1.199287130390278662e+03
1.185379391023041080e+03
1.195429153584210553e+03
1.192272377197782589e+03
1.181308146479994775e+03
1.172834621506564872e+03
1.180110424153565873e+03
1.180833891025127059e+03
1.188270860673009793e+03
1.196920722493441190e+03
1.176110297527901139e+03
1.188969629387060650e+03
1.193306545520712007e+03
1.179288240296233653e+03
1.192007465094840427e+03
1.204190515316668325e+03
1.201209395075221664e+03
1.177189559042368273e+03
1.191203433287425014e+03
1.179258141039957536e+03
1.187339077711821574e+03
1.206147149049967993e+03
1.191065845774129002e+03
1.183197511952887453e+03
1.190636246943175593e+03
1.188214579449121402e+03
1.194179840114823719e+03
1.187609121317875633e+03
1.207099245223388607e+03
1.184876942357075222e+03
1.189269523421216718e+03
1.186537578659542987e+03
1.183319584337874630e+03
1.183350537428832467e+03
1.195172835959990152e+03
1.196400015773042924e+03
1.190284840301152826e+03
1.191483454239147932e+03
1.181145635129933908e+03
1.180153225200019278e+03
1.184126152549491508e+03
1.185948324822528775e+03
1.201955135764132137e+03
1.198257001196878264e+03
1.204185627898838447e+03
1.204416820764207387e+03
1.191115189765647756e+03
1.198322475742305869e+03
1.197615602228564285e+03
1.201361137148612215e+03
1.186689627751882199e+03
1.198946135985592036e+03
1.192725885131755376e+03
1.184217832240541384e+03
1.202124714327451329e+03
1.198443569667410884e+03
1.192004925235655037e+03
1.194986902753707682e+03
1.199447592222377807e+03
1.202606128155035094e+03
1.198227830461789608e+03
1.186096524702206580e+03
1.194405184286672920e+03
1.209466560552888723e+03
1.200810847395320479e+03
1.195054969189985741e+03
1.193817392613261291e+03
1.209088071139437034e+03
1.192167088219437801e+03
1.192367142188851858e+03
1.200401741669337753e+03
1.194913034929527839e+03
1.190021841078711077e+03
1.201567436061035096e+03
1.210595191138053224e+03
1.206373934442332938e+03
1.199361701589627955e+03
1.205195854778666899e+03
1.207244799205387380e+03
1.216393621296228730e+03
1.203072674715628182e+03
1.206362206377115626e+03
1.215900671224533426e+03
1.205007072872333993e+03
1.206691536053020627e+03
1.211919487585982097e+03
1.203656390364660183e+03
1.207832239068339959e+03
1.219390554776503222e+03
1.206093913026101973e+03
1.212462329669562678e+03
1.211503592495113480e+03
1.203216869289793749e+03
1.207180055637714531e+03
1.212566756390695218e+03
1.207879983403561482e+03
1.204179995804285227e+03
1.214250497155721632e+03
1.220794145500683499e+03
1.221788294416429608e+03
1.208676201417587436e+03
1.212039017664366384e+03
1.209647043993403258e+03
1.216534374225377405e+03
1.212179776204109658e+03
1.214723932526156887e+03
1.203640523473782196e+03
1.223397109098549208e+03
1.214908984171379188e+03
1.207748705492502722e+03
1.215020451745145465e+03
1.203983269098444680e+03
1.229411273059111181e+03
1.211210688153080810e+03
1.224548587594255878e+03
1.212782297177326654e+03
1.227406389404799938e+03
1.211825992446034888e+03
1.217779992153949934e+03
1.207047109618105651e+03
1.209855809567319966e+03
1.211251204471613164e+03
1.212089177159837163e+03
1.210327779541339623e+03
1.204847798843592500e+03
1.226453612850829586e+03
1.214033102541305198e+03
1.200209624637874185e+03
1.223373044935271992e+03
1.223475990947283663e+03
1.213617599440447520e+03
1.205246824059811161e+03
1.238223057901369884e+03
1.224037692213109267e+03
1.215620370591623214e+03
1.223680090314847121e+03
1.220567827109881819e+03
1.216444966205863693e+03
1.214719478095885961e+03
1.198726402911801415e+03
1.221303468011781888e+03
1.236490875332172891e+03
1.219506689604798794e+03
1.221186029106791921e+03
1.207783290565052766e+03
1.220562924374326485e+03
1.219769582546457286e+03
1.218868216856493063e+03
1.214137281987569622e+03
1.233552646252002205e+03
1.231188102882022122e+03
1.212496410906397159e+03
1.215877466794951715e+03
1.218899276064832748e+03
1.204847608049094106e+03
1.217660184531486038e+03
1.228074036069471049e+03
1.209459954050216538e+03
1.213566484151933537e+03
1.220689865351838307e+03
1.215079744979467478e+03
1.240575125510786620e+03
1.233100064715373492e+03
1.224669845384009250e+03
1.229723709270116160e+03
1.223488778748201867e+03
1.231899462586809932e+03
1.231710144528449291e+03
1.230593668895598967e+03
1.225159755691694727e+03
1.233244323079357400e+03
1.212904015236768601e+03
1.235487677170781581e+03
1.218466418114905309e+03
1.226686525158232598e+03
1.240562539233730149e+03
1.233284081536991152e+03
1.228035996404335492e+03
1.220997112717707978e+03
1.249884266796270367e+03
1.241673761427990030e+03
1.230709424622827555e+03
1.215234428856339264e+03
1.232044317371880879e+03
1.227984817570276391e+03
1.232771777962437000e+03
1.230517006864899031e+03
1.236715830816770904e+03
1.215380558318499652e+03
1.233417502923323582e+03
1.243899328620690085e+03
1.225935104004648338e+03
1.225701271344977386e+03
1.221018956450517408e+03
1.236678916557350931e+03
1.225036432735298831e+03
1.225152289671452536e+03
1.220561975708738601e+03
1.221401944405186896e+03
1.244646792348640474e+03
1.238031061972237012e+03
1.241694933689918798e+03
1.231121689212301362e+03
1.243095472208728552e+03
1.239527666509942947e+03
1.231868927303225746e+03
1.247675533168645643e+03
1.255524580550505334e+03
1.247307142149262972e+03
1.241632442357710488e+03
1.246773972317644620e+03
1.228306431261734815e+03
1.246076089001281616e+03
1.222730348683735201e+03
1.241321219753582227e+03
1.226965320122323647e+03
1.242829385885446982e+03
1.243065124154988325e+03
1.244556272132942240e+03
1.225264567592435924e+03
1.244458671899178398e+03
1.247106724430942222e+03
1.237946230813796546e+03
1.232885843419338016e+03
1.257573401249009066e+03
1.245116319365120717e+03
1.234637490192160158e+03
1.236180751078753019e+03
1.243099115643365167e+03
1.225588161276182973e+03
1.236033692165078946e+03
1.264100629663778136e+03
1.259925441924602183e+03
1.259828786384979594e+03
1.244660984843452070e+03
1.251897768109501158e+03
1.233655362095215878e+03
1.237074769549104076e+03
1.244393004963616931e+03
1.251367539019246806e+03
1.248068666652226966e+03
1.229469928264873488e+03
1.235880351313573101e+03
1.248371125779272461e+03
1.237896446288766356e+03
1.244033597001757471e+03
1.254896862144629949e+03
1.252481283637415572e+03
1.246609750505288503e+03
1.242057132592003427e+03
1.243216630013464965e+03
1.245055472461629734e+03
1.254068023891062921e+03
1.245348768715034339e+03
1.244078547396642080e+03
1.250580532998217905e+03
1.256160092112813572e+03
1.260019960965526252e+03
1.235798862859307519e+03
1.246625278830708794e+03
1.265203624225167687e+03
1.240064415102726343e+03
1.240952517122664631e+03
1.259697866881097752e+03
1.268940322252433816e+03
1.240194111812133997e+03
1.268053056291187431e+03
1.245128976168123017e+03
1.250995807321832444e+03
1.253021460923533823e+03
1.264260521417159453e+03
1.249242346453518394e+03
1.258287315779072287e+03
1.244255401648320230e+03
1.264982773147405169e+03
1.253675021932793697e+03
1.261767263483723127e+03
1.246605476292626690e+03
1.257622736220115939e+03
1.250445236158927628e+03
1.251548011426165885e+03
1.254076220354597126e+03
1.255480797173250266e+03
1.254687218173961810e+03
1.261362776387805525e+03
1.246945903775995248e+03
1.254128488827928095e+03
1.269417165690950014e+03
1.257850754202701182e+03
1.257711314627025558e+03
1.263067337900098437e+03
1.266847890054445315e+03
1.270876208674438885e+03
1.264636726756768212e+03
1.267495241216875684e+03
1.274512803292572471e+03
1.259398294420405364e+03
1.239707182009084590e+03
1.280350139322304358e+03
1.255509299084213126e+03
1.285520314674978181e+03
1.256253674769203826e+03
1.259242432294529635e+03
1.256190472099017597e+03
1.262824384487814086e+03
1.272503632850723989e+03
1.275893963361728311e+03
1.259616017477375863e+03
1.256398430293063257e+03
1.257654211231136060e+03
1.243104364649015224e+03
1.270851683382166357e+03
1.261596339356161025e+03
1.265108625183602044e+03
1.270382942426778072e+03
1.254407041121614157e+03
1.259429714475817491e+03
1.285117583469449073e+03
1.269404614638053090e+03
1.271252847783415518e+03
1.269011685470211660e+03
1.273825199884045105e+03
1.257143568229155790e+03
1.255693490413133077e+03
1.263331577418907500e+03
1.259005439327304202e+03
1.259154602080756604e+03
1.270771442488176490e+03
1.269013029338269234e+03
1.284847560839651578e+03
1.282645738183536878e+03
1.282612891254895430e+03
1.267241275374458382e+03
1.269297503443722235e+03
1.290914471791536016e+03
1.290434492659029956e+03
1.274951856802430711e+03
1.293350814486100944e+03
1.264813939141989749e+03
1.274332895998237291e+03
1.273193572907473708e+03
1.266603091878059104e+03
1.274064107037078202e+03
1.285699897410843960e+03
1.286253550480580088e+03
1.278513599934057311e+03
1.282863992780055696e+03
1.271684694133758740e+03
1.287480727781105998e+03
1.277430255889899399e+03
1.267906690695219140e+03
1.279752494894952633e+03
1.265284162041086347e+03
1.265600905332462617e+03
1.294498198926099803e+03
1.282203848526194179e+03
1.272663478132888258e+03
1.268177151446153857e+03
1.276532834035001088e+03
1.286201656127215529e+03
1.274650396000139153e+03
1.275896178215841928e+03
1.293291747402085093e+03
1.280806327543927637e+03
1.288329066655687711e+03
1.271595562697393689e+03
1.286622651808130740e+03
1.298567651004103254e+03
1.272235984956003904e+03
1.275980265949386421e+03
1.303066350251746826e+03
1.279383845487607232e+03
1.287052797158368094e+03
1.296608226464153631e+03
1.280295336716965267e+03
1.273616257078601393e+03
1.289836830552304036e+03
1.283951994376100174e+03
1.276800911199826032e+03
1.301329858845182116e+03
1.287270646957749705e+03
1.272265110826045429e+03
1.281605311819203052e+03
1.290639815743458712e+03
1.298129773158669423e+03
1.291809239918031153e+03
1.304010071731896460e+03
1.287031273582060066e+03
1.286193017716295572e+03
1.297074665227014748e+03
1.285930158041006280e+03
1.284251976814471391e+03
1.295794868996478044e+03
1.310639269156864657e+03
1.278741486405967635e+03
1.286923668687222971e+03
1.297853710185941736e+03
1.289143105064453948e+03
1.291587873226878628e+03
1.298623748509215829e+03
1.299511069277636352e+03
1.284930424573606388e+03
1.292728303648982774e+03
1.294289182249229498e+03
1.302802916849828762e+03
1.299962643391222173e+03
1.279510797925835732e+03
1.289888716285495775e+03
1.287417243254152709e+03
1.297912108396013082e+03
1.312176438160405723e+03
1.285789782849277799e+03
1.303926913457247338e+03
1.292804911834116410e+03
1.302906013409799243e+03
1.301483733495342449e+03
1.294510855951906478e+03
1.291225443811366404e+03
1.281428049102394880e+03
1.279018559365900273e+03
1.300145512563937928e+03
1.303551922521750157e+03
1.283861621414724596e+03
1.308106158184405103e+03
1.300193977516665882e+03
1.307904624797796941e+03
1.300810478776384343e+03
1.318329685569429785e+03
1.301779408938866709e+03
1.304904430921448238e+03
1.305832180574583617e+03
1.297776038406387670e+03
1.305543962344758256e+03
1.316858488342130158e+03
1.290051140852935760e+03
1.292383397029213484e+03
1.303421802991513459e+03
1.300177684950001094e+03
1.304245468014671815e+03
1.307595966053464508e+03
1.297771990350626538e+03
1.300266108910399453e+03
1.313389024496364527e+03
1.306729441218079955e+03
1.300080049396293134e+03
1.312876229076129675e+03
1.317880334602868970e+03
1.310830846963851400e+03
1.311391865946298594e+03
1.319418023997955515e+03
1.307268074956286227e+03
1.298196287653652462e+03
1.292564309731081494e+03
1.320055662274570295e+03
1.309610471227493008e+03
1.323219692403308272e+03
1.312042861589460699e+03
1.314641453066549957e+03
1.306934641899200869e+03
1.311113732000166692e+03
1.304362320955200403e+03
1.311202518531638134e+03
1.310504527435800810e+03
1.314198655876765997e+03
1.327005130219582725e+03
1.322372615021381307e+03
1.298715998255053137e+03
1.304141438131834548e+03
1.320904012026615646e+03
1.325748815131115407e+03
1.338868465980695419e+03
1.312603507945130787e+03
1.310215914690947784e+03
1.325455830796519876e+03
1.302881781083238593e+03
1.319314787777495212e+03
1.317730710642998019e+03
1.308864483725887794e+03
1.318291646745275557e+03
1.320782130602794268e+03
1.305746353219208231e+03
1.334633591072790523e+03
1.316187991383262670e+03
1.315260020203062368e+03
1.308571754839642153e+03
1.318606695991325751e+03
1.326562078279491971e+03
1.321056047151283792e+03
1.333260867092911894e+03
1.333068590596795502e+03
1.328378516318814718e+03
1.320163463740686893e+03
1.323678135061522198e+03
1.325552405074852686e+03
1.305856319779004707e+03
1.319375360108280347e+03
1.315905200971757040e+03
1.323074772430831445e+03
1.308808956989811804e+03
1.337419374912595003e+03
1.314658536203349286e+03
1.327076816176141392e+03
1.322005011120723111e+03
1.323821578162046080e+03
1.329295307199955687e+03
1.318752836557405544e+03
1.336155073727916260e+03
1.320314237152393389e+03
1.321647845741996889e+03
1.328019217904977268e+03
1.325397338308423286e+03
1.337167343479181454e+03
1.320659370814053545e+03
1.323182461863823619e+03
1.317003884549243821e+03
1.335838814473895127e+03
1.333019638385792632e+03
1.334478268929971364e+03
1.341941044268816313e+03
1.315960868210644321e+03
1.341977439802504932e+03
1.335614756844884141e+03
1.327494519561702418e+03
1.322365742743875899e+03
1.333403628139427838e+03
1.343454930985194096e+03
1.331634691897694665e+03
1.334698849013908557e+03
1.345766796174583760e+03
1.339288059972559040e+03
1.336984317974495298e+03
1.336879478403981238e+03
1.342311243663618143e+03
1.333573064938676453e+03
1.323252285211430262e+03
1.347028958177648292e+03
1.329097512779761928e+03
1.342258993087232966e+03
1.347599546966502885e+03
1.326499640168467295e+03
1.342419598331581483e+03
1.334890181186607606e+03
1.327496775811923044e+03
1.347686530299564083e+03
1.324899418684899501e+03
1.332322957365241336e+03
1.336023774480973088e+03
1.342809086109016107e+03
1.348891619276398842e+03
1.340430554606565011e+03
1.335859797691579161e+03
1.326070245217085585e+03
1.336225098250110022e+03
1.341103264813094029e+03
1.331956384658237312e+03
1.343178118839871104e+03
1.339263456702433359e+03
1.334496241364429579e+03
1.356484714154513313e+03
1.331875559726838674e+03
1.333007859960896440e+03
1.345961731922633362e+03
1.343118610477536322e+03
1.358867684012653172e+03
1.341251903261110328e+03
1.356460404554386741e+03
1.364108908147362627e+03
1.348952956949282225e+03
1.349900817581309866e+03
1.341201860314873556e+03
1.346402741545063463e+03
1.346404460767282444e+03
1.364566652759575391e+03
1.349239448661008055e+03
1.362928663346345729e+03
1.360382320729799630e+03
1.348791542790759422e+03
1.353176912888413881e+03
1.345749054636135043e+03
1.347844455540239323e+03
1.348411197845591687e+03
1.364474929732813052e+03
1.348125119789112659e+03
1.355055204301317417e+03
1.368110161821791962e+03
1.346193794078111296e+03
1.344050996962957015e+03
1.354555405524919252e+03
1.351643156822269930e+03
1.358912603243177500e+03
1.343767605486152888e+03
1.354052405405131367e+03
1.349723714391773228e+03
1.343761560662313741e+03
1.357652823148936477e+03
1.371813058822901439e+03
1.345693547403427146e+03
1.358585660958798599e+03
1.369825026483267948e+03
1.350555138072317050e+03
1.354343890450537174e+03
1.357624309479993371e+03
1.382735967283254013e+03
1.362354439817981984e+03
1.348361100038455561e+03
1.360368596379606515e+03
1.355575501610460833e+03
1.352243041476241615e+03
1.360207569528845170e+03
1.354890154571111452e+03
1.356247977056830678e+03
1.371199487020605375e+03
1.365459388634934157e+03
1.360768788559421409e+03
1.356196399467212132e+03
1.367855301819332908e+03
1.359561223771808727e+03
1.362923641589853105e+03
1.367740208303801410e+03
1.360772179609517707e+03
1.359516182544512276e+03
1.374255992583412763e+03
1.362667142675936930e+03
1.364066140936872671e+03
1.366282053012919278e+03
1.365112302393053824e+03
1.389373561761155997e+03
1.352243276860145443e+03
1.354137263619044006e+03
1.365487761526794202e+03
1.367242651766509425e+03
1.368145790623550511e+03
1.386045015715056252e+03
1.374776094362011236e+03
1.373878575268229042e+03
1.371231396154651975e+03
1.364385087701480870e+03
1.375469293918244375e+03
1.361349818526076888e+03
1.374798579893697934e+03
1.389559115838214211e+03
1.367882426314021131e+03
1.379717163555752677e+03
1.365730991660995187e+03
1.385719851179426541e+03
1.364113747785969053e+03
1.378650872392269321e+03
1.367818951230530047e+03
1.368445935132285058e+03
1.377532001596045120e+03
1.393374325691673221e+03
1.374225388187544013e+03
1.386110681148530603e+03
1.379437250312179913e+03
1.383340936452774258e+03
1.392402867275942754e+03
1.365412117814399835e+03
1.376170944076093747e+03
1.394207646642344571e+03
1.371840309906249331e+03
1.385931272486039688e+03
1.365720417232799491e+03
1.380594195075325842e+03
1.376457720753265903e+03
1.397993583686130250e+03
1.373941212469938591e+03
1.363680945428444602e+03
1.380838539490945323e+03
1.387825282859264235e+03
1.380635676019385073e+03
1.385570969451182009e+03
1.375910897798991982e+03
1.384988032745790861e+03
1.389836640428188957e+03
1.379881833723022510e+03
1.389560483115349825e+03
1.386466361666303555e+03
1.378137369054711144e+03
1.394501006469505228e+03
1.400385830562585397e+03
1.388923036819804338e+03
1.392184481058171741e+03
1.396205876455301222e+03
1.399042216546137524e+03
1.401673640314430031e+03
1.392659273722910029e+03
1.382154926648039918e+03
1.375166100823662873e+03
1.382357827615965107e+03
1.386019638655800691e+03
1.396056299224828081e+03
1.383365639755544180e+03
1.401052389645501762e+03
1.380574988955166646e+03
1.393298523279654773e+03
1.385541677867865246e+03
1.392579386046040099e+03
1.387657245281319774e+03
1.394667078227980483e+03
1.399146360828584420e+03
1.389551066073369157e+03
1.392168520977113758e+03
1.380772954359663345e+03
1.399918948835225819e+03
1.404636537006744220e+03
1.403667698767844513e+03
1.390451808929738036e+03
1.398058110113417115e+03
1.388763464639359199e+03
1.408197367818835801e+03
1.386512729962536696e+03
1.404756421310960377e+03
1.408269884920999630e+03
1.406347698349853090e+03
1.395326980027842410e+03
1.413425258510474578e+03
1.415738602040582919e+03
1.395783433664532595e+03
1.394400520654866796e+03
1.414957627336281575e+03
1.400726327968141732e+03
1.409617332968657593e+03
1.407214784692162311e+03
1.396752700462792518e+03
1.405043558210320725e+03
1.400678888952782700e+03
1.395684977091998235e+03
1.401428591005981843e+03
1.403612660781491741e+03
1.398156159734072844e+03
1.412479199173045799e+03
1.396387431702991080e+03
1.410346961043182318e+03
1.405549620938767021e+03
1.405966296988151498e+03
1.399661963489809295e+03
1.415394529124145947e+03
1.424806311617025585e+03
1.425968419213664220e+03
1.416766883678607883e+03
1.417776265815493844e+03
1.418817093518905267e+03
1.411793905133595672e+03
1.419038357117242185e+03
1.399905745371512694e+03
1.408144798633358960e+03
1.404644003367734285e+03
1.410285509818126911e+03
1.420042467376338209e+03
1.416317291243768068e+03
1.409467108055888275e+03
1.418538962344535094e+03
1.427929354879225002e+03
1.424961903133560099e+03
1.411200694688646081e+03
1.406819701557101325e+03
1.420467200711964551e+03
1.430330117965973614e+03
1.425874401798985218e+03
1.414875239696115386e+03
1.412220247012141044e+03
1.432809408057833252e+03
1.407175275229832778e+03
1.405096470204784055e+03
1.431351186779778800e+03
1.402116006604267795e+03
1.422719773288904435e+03
1.415521671742322951e+03
1.404688570508645626e+03
1.429208054717408913e+03
1.420413232354778302e+03
1.430405785562361189e+03
1.415134731947511455e+03
1.434832267842904912e+03
1.421619762328875140e+03
1.430118077267265562e+03
1.431217644431415465e+03
1.432997316793232812e+03
1.417422263924874414e+03
1.415725849255431967e+03
1.433969366107902715e+03
1.420835684529571608e+03
1.430986322748927478e+03
1.445989710761315791e+03
1.442963984517414701e+03
1.423927786155071999e+03
1.424497323505252325e+03
1.435059606418821886e+03
1.436529824514923803e+03
1.438609652176351346e+03
1.438970341100072574e+03
1.426067039399963505e+03
1.427259498005010073e+03
1.430486428413223621e+03
1.435610228941445030e+03
1.435334218723744470e+03
1.448461848424773734e+03
1.440921076303082373e+03
1.435919737246282011e+03
1.430897357315232966e+03
1.439069056531842762e+03
1.449564947254002391e+03
1.432512477302325578e+03
1.448396893008444977e+03
1.426185830819001012e+03
1.444918979168270425e+03
1.432680320666220723e+03
1.445888320692778052e+03
1.445704267516678556e+03
1.439021224374862868e+03
1.448392222710654096e+03
1.448933074115289401e+03
1.450079160219187543e+03
1.437983315922316251e+03
1.454131339336358451e+03
1.432987810729983039e+03
1.451842798086709081e+03
1.445734023897352245e+03
1.430919180307593706e+03
1.427877695522005070e+03
1.451454295518020217e+03
1.440109893781444498e+03
1.438039529423366275e+03
1.430653811951581929e+03
1.439032137286193802e+03
1.431360466739937692e+03
1.448775886659515891e+03
1.437634877571255402e+03
1.449233795704414661e+03
1.452871927509101170e+03
1.444414060109204456e+03
1.440354516676674621e+03
1.440886333025500790e+03
1.446439761059853709e+03
1.452885954115055483e+03
1.442395713804378374e+03
1.457676694542655696e+03
1.457255003058285638e+03
1.440020018211338538e+03
1.444867176864287330e+03
1.456862156532645940e+03
1.454106947994496750e+03
1.453487496547720411e+03
1.467387833530799071e+03
1.463776529959729260e+03
1.467593743893556621e+03
1.449316164933388791e+03
1.475016347130762369e+03
1.440197610442006635e+03
1.463900861821892931e+03
1.448528826028691128e+03
1.460467411615562241e+03
1.449015807220454917e+03
1.443186084118319059e+03
1.457839769462975482e+03
1.465895256995267573e+03
1.438825361253289884e+03
1.471385138242576659e+03
1.460027030407257826e+03
1.450694585572944106e+03
1.456623655970730169e+03
1.467054397017851670e+03
1.479118976869938479e+03
1.464612770826440737e+03
1.464817592299640410e+03
1.475014704071826827e+03
1.473575551117579380e+03
1.455185835769318601e+03
1.458034186537726782e+03
1.478246129935326735e+03
1.475196783821503004e+03
1.478089730849332909e+03
1.456562297106027927e+03
1.466721999845626669e+03
1.455996100180805570e+03
1.462955674009178665e+03
1.467113073566537651e+03
1.454689339680608782e+03
1.456691034689457865e+03
1.470031308754995962e+03
1.470440831544097364e+03
1.472666764464818698e+03
1.465886703879261177e+03
1.467279907730401419e+03
1.482179578298907927e+03
1.462886966841740559e+03
1.463988572000543627e+03
1.471546687213597124e+03
1.467620470623522124e+03
1.476714844895404667e+03
1.463930654916738604e+03
1.477916919661180145e+03
1.488826935526233910e+03
1.486767885187864522e+03
1.487343110987101909e+03
1.471423847331815296e+03
1.455677827784292504e+03
1.456848713802191241e+03
1.480467980298215934e+03
1.484248936750009079e+03
1.496562544398484988e+03
1.479812055426205916e+03
1.480662696405667475e+03
1.490228088627849957e+03
1.475288352548845751e+03
1.494186022131781783e+03
1.486509332181226227e+03
1.482104029263116445e+03
1.477419163747713583e+03
1.477526340293604335e+03
1.487692477624360436e+03
1.498651281073201517e+03
1.500309871744833799e+03
1.502464694365824698e+03
1.489228846961891122e+03
1.503774957824910871e+03
1.488843796337416279e+03
1.489355785891432788e+03
1.487438408506835458e+03
1.492874827717250810e+03
1.471470660484174005e+03
1.490274585784029796e+03
1.491056786356562498e+03
1.490432231936877315e+03
1.487303329429551468e+03
1.489404768357898092e+03
1.485677792431312128e+03
1.493094576172715279e+03
1.488862255505988742e+03
1.495657317320660013e+03
1.492649616778077643e+03
1.486874054680139807e+03
1.505923343756185659e+03
1.492504657471654582e+03
1.488892587286151411e+03
1.490202551488660674e+03
1.492165067926239090e+03
1.500912493980011277e+03
1.506305575244322881e+03
1.510031408742488793e+03
1.480845063457331435e+03
1.487269081152819808e+03
1.488295475888979354e+03
1.505098606387008203e+03
1.493280374389472399e+03
1.506105809086156114e+03
1.498036755653993623e+03
1.500668187189884520e+03
1.495051994812299881e+03
1.495927496493302215e+03
1.493335775767049199e+03
1.493882736101762248e+03
1.498800297187605793e+03
1.489664616455467240e+03
1.506171533722822915e+03
1.509122572558304910e+03
1.503352005398242909e+03
1.513690151438121120e+03
1.512481849650150252e+03
1.501826110196889886e+03
1.508371956257497231e+03
1.505372769261157600e+03
1.505030420022267663e+03
1.514580615827227575e+03
1.509581735611798422e+03
1.522374465347453452e+03
1.508091033077013435e+03
1.509887765291324513e+03
1.515822198435748078e+03
1.513127004939268318e+03
1.516447379114917339e+03
1.537229987469732350e+03
1.508765298271132224e+03
1.495866787530304464e+03
1.514323610306033288e+03
1.509898349907191459e+03
1.527523159770382563e+03
1.508520340587355349e+03
1.505550422586263494e+03
1.524607909925014155e+03
1.512451832128765773e+03
1.520780295438636358e+03
1.518625840497839135e+03
1.524727521562069569e+03
1.534899146711692993e+03
1.508964121777132277e+03
1.512965945013075270e+03
1.529060001293144978e+03
1.521487881979434633e+03
1.535396992333741537e+03
1.510054021075398396e+03
1.523296156060894191e+03
1.528438520111318667e+03
1.514407553526728861e+03
1.528532245406449874e+03
1.527391023059695499e+03
1.530289379584376320e+03
1.518414254817113260e+03
1.532086103466747318e+03
1.522439984148726353e+03
1.544787431404694871e+03
1.544123317740916946e+03
1.529948339707715377e+03
1.533393106487974592e+03
1.530025438615745088e+03
1.540138126195531640e+03
1.526916098026752252e+03
1.524617480895273502e+03
1.540289324458816964e+03
1.541641328883405777e+03
1.526551895425034445e+03
1.528728163379488478e+03
1.531561643685910212e+03
1.516531015845668662e+03
1.529521089972736263e+03
1.542199043801483413e+03
1.547899411958831024e+03
1.536314364983577207e+03
1.526598586605819264e+03
1.541001365839597838e+03
1.528979873890683621e+03
1.540059520415782572e+03
1.548044845103372154e+03
1.540401692380004306e+03
1.542405733593340074e+03
1.546421853125890948e+03
1.536500699983939967e+03
1.535437836947793812e+03
1.531560170617549602e+03
1.534410307539845462e+03
1.546605304757310023e+03
1.549855771504981931e+03
1.527947020573100190e+03
1.557853305319108358e+03
1.553474207021553639e+03
1.542427378157641215e+03
1.552151501920617420e+03
1.549340792208918401e+03
1.530351949783618693e+03
1.552222460937102824e+03
1.542280909751847503e+03
1.554977154979620082e+03
1.563476789017164720e+03
1.558651235725678134e+03
1.551412800415221454e+03
1.549699830852977129e+03
1.553590498451379744e+03
1.565333121563746090e+03
1.553614564452258037e+03
1.544984585389239101e+03
1.541177892777991701e+03
1.552477624255637238e+03
1.558804600757817298e+03
1.565624902042306758e+03
1.571796511094694097e+03
1.539645863444158522e+03
1.562227755503268781e+03
1.550048408454627406e+03
1.557259176729690807e+03
1.553442139778308729e+03
1.560850185382766085e+03
1.547792867036270763e+03
1.578729708989884330e+03
1.563319240718967421e+03
1.562243575717945987e+03
1.571475002671109451e+03
1.549809535525434512e+03
1.555186137832826262e+03
1.570954060915978971e+03
1.568877878548782292e+03
1.565406089888523411e+03
1.558810298391762217e+03
1.578917690681308841e+03
1.568215843319690975e+03
1.550937429007135734e+03
1.558139624437092834e+03
1.567767738041611665e+03
1.562519289188992616e+03
1.577258791899001608e+03
1.576441409719393732e+03
1.565570996330923663e+03
1.563852747531699833e+03
1.549901591057067435e+03
1.589261583927790980e+03
1.566111834963766569e+03
1.565605433196803460e+03
1.562488283931012802e+03
1.569875084633477172e+03
1.565418137514584942e+03
1.574142113821206294e+03
1.580978460304848568e+03
1.557619350191376725e+03
1.571606363434200375e+03
1.561034644172826347e+03
1.575383067495324212e+03
1.585728776263494183e+03
1.575243159906688561e+03
1.576881414787814947e+03
1.584368461501906722e+03
1.581905121303413125e+03
1.576319764914398093e+03
1.586451158216042586e+03
1.567076837312148882e+03
1.590761632872329983e+03
1.588933812528496901e+03
1.595542032431669668e+03
1.577291136176115515e+03
1.607454997396108411e+03
1.588762000804996433e+03
1.593414256048075913e+03
1.594332103348807095e+03
1.572420158448160691e+03
1.591277714545061599e+03
1.593234496637042412e+03
1.587345709421742185e+03
1.581997723357800623e+03
1.594035209834984016e+03
1.580123563779374990e+03
1.590623948653139223e+03
1.604958695136730512e+03
1.580574634034555629e+03
1.578447458555214325e+03
1.588226183903801257e+03
1.590613286956539014e+03
1.590967506371181344e+03
1.596393031453390677e+03
1.594341564123527178e+03
1.586539923164876427e+03
1.611249653320847074e+03
1.598227889723415046e+03
1.591565152626849795e+03
1.596559574014406053e+03
1.595245860079354998e+03
1.589271351804954520e+03
1.602692633622347330e+03
1.591804908128839998e+03
1.608322080487860603e+03
1.588915948338573799e+03
1.609073629490876783e+03
1.605566748633513953e+03
1.611736930219631176e+03
1.585131885161702940e+03
1.599152845364702671e+03
1.604088108336131882e+03
1.605540082174731424e+03
1.602239501066377898e+03
1.614115677704229483e+03
1.582373496156131750e+03
1.605872302181948726e+03
1.602084393434719686e+03
1.604714682126024400e+03
1.612069213756457657e+03
1.610392442497900220e+03
1.596756206138544712e+03
1.602767086310122522e+03
1.608431168104854351e+03
1.611033986705253710e+03
1.586241589696469873e+03
1.611583760074549673e+03
1.611378248964888598e+03
1.624362451080262645e+03
1.609803937382959930e+03
1.616772310288885365e+03
1.620401500734859837e+03
1.622950637610121248e+03
1.623629767607755412e+03
1.625514308251114244e+03
1.617903865180558569e+03
1.625727983112228912e+03
1.618592924130919073e+03
1.614706239623926422e+03
1.620154930051308384e+03
1.625265014344267911e+03
1.601394626644945902e+03
1.623433453073289456e+03
1.605651428122943571e+03
1.631870046279066401e+03
1.634157206038459663e+03
1.637861977571346870e+03
1.609264848056628807e+03
1.613487407964732256e+03
1.616001252288871001e+03
1.614477661639951975e+03
1.618913676648242699e+03
1.630717761889896792e+03
1.620321296716654615e+03
1.629817507507729715e+03
1.620085624518164877e+03
1.629329991188496479e+03
1.625289939861791936e+03
1.634780045244369376e+03
1.644072639922027975e+03
1.643192821866948861e+03
1.629757731689016737e+03
1.632520600728716090e+03
1.631942757694108423e+03
1.641432632181199097e+03
1.638584570167515949e+03
1.643005675835600186e+03
1.637543340808254015e+03
1.636153611637943868e+03
1.632415244607702334e+03
1.647880679531138412e+03
1.642114329571233611e+03
1.645048592520635339e+03
1.642598731119387367e+03
1.657437425557480765e+03
1.636986020780961326e+03
1.648688977907863546e+03
1.650214338322366757e+03
1.653373318131056976e+03
1.645437759764891098e+03
1.641625931926866770e+03
1.642153487341853634e+03
1.637178121785345184e+03
1.658595530517174439e+03
1.642408526595427702e+03
1.650740700394038868e+03
1.653104918150123240e+03
1.641636286222274975e+03
1.642665902089766632e+03
1.648852751052219674e+03
1.653760992884908319e+03
1.656782122428805451e+03
1.650928773488696606e+03
1.653416863273919944e+03
1.646052326637524629e+03
1.647694452363454275e+03
1.662197287358039148e+03
1.650638568854219557e+03
1.665263040665909330e+03
1.670343175529331347e+03
1.650522888126273756e+03
1.647304584153527912e+03
1.666726741076824737e+03
1.654975264043943071e+03
1.661498845004060058e+03
1.657935733382978469e+03
1.676817896216678264e+03
1.655382242591054137e+03
1.650783389177095842e+03
1.644840397378833813e+03
1.660995165551251830e+03
1.655441379552473109e+03
1.658565742605925834e+03
1.666594838205567612e+03
1.665115642381461385e+03
1.672998518197528938e+03
1.658938530987349850e+03
1.680209738888230277e+03
1.657301209882025432e+03
1.681534379639922690e+03
1.675494069627646240e+03
1.679329623416113691e+03
1.669000102006264342e+03
1.664117378302732504e+03
1.676297557635382873e+03
1.675844022671391485e+03
1.673541567350401465e+03
1.673775961877576265e+03
1.676732514949090728e+03
1.669839801924782023e+03
1.674601172830050700e+03
1.668224388105204525e+03
1.680251198901816224e+03
1.680431045498940421e+03
1.694060794087308523e+03
1.678326833211934400e+03
1.667994929990220498e+03
1.691699352540760628e+03
1.666963914647595857e+03
1.676880305861412580e+03
1.671680197131683144e+03
1.686831030169297264e+03
1.676334074474626732e+03
1.698673442189311800e+03
1.676828776793435509e+03
1.700416236847736172e+03
1.686029007069071213e+03
1.703617596047661891e+03
1.699833929182872907e+03
1.694794392351249371e+03
1.670637485219065184e+03
1.693461993149302771e+03
1.710758920922884272e+03
1.691826340810489000e+03
1.686166312861022334e+03
1.693171658759393722e+03
1.684668743378434328e+03
1.691140216612783661e+03
1.706774398305665045e+03
1.677333164097783765e+03
1.695825869591219089e+03
1.697185193085595984e+03
1.698027487641928019e+03
1.684756534377899925e+03
1.719178003779747769e+03
1.693511587607897354e+03
1.720778521914559406e+03
1.708396370801310240e+03
1.693184068020216046e+03
1.714876598935404900e+03
1.712265842341969801e+03
1.713554916223674354e+03
1.687950745183269646e+03
1.722371312410006794e+03
1.718509152622595593e+03
1.714410110259286967e+03
1.712417225480364323e+03
1.708064570693653195e+03
1.733772047846460509e+03
1.717180958434914601e+03
1.729745877917218650e+03
1.706166321956298134e+03
1.704800238886031366e+03
1.735829619290007258e+03
1.724207042588804143e+03
1.717002151540541490e+03
1.713303874347992178e+03
1.713469160471607893e+03
1.709636983788707767e+03
1.723111748146894115e+03
1.721439618645436667e+03
1.712667957949483707e+03
1.730498329309327801e+03
1.731494429775857043e+03
1.712415379636013768e+03
1.700264356400284214e+03
1.723860000113798833e+03
1.725876435551555915e+03
1.730404600838251781e+03
1.719195085156831283e+03
1.714160971163608792e+03
1.735862991659010277e+03
1.722807216427877620e+03
1.730769258483887597e+03
1.725583169563277124e+03
1.726631689626000252e+03
1.718059180486621017e+03
1.732203677277162114e+03
1.734237036145498905e+03
1.732425174183326362e+03
1.719619518244890060e+03
1.722970290572415252e+03
1.730365703166398362e+03
1.733986671036547023e+03
1.732194923900199456e+03
1.724113989372702008e+03
1.751231199865644157e+03
1.736323249009348501e+03
1.721764875400402616e+03
1.730396766234895040e+03
1.736197516660386555e+03
1.710686515419878333e+03
1.741585365975772447e+03
1.764012114997534354e+03
1.739965757282752747e+03
1.740401470613261608e+03
1.737188978973567828e+03
1.751283483012516854e+03
1.754326582093269963e+03
1.760774884631505756e+03
1.750765483417971154e+03
1.750322762925561847e+03
1.750249442445077648e+03
1.752382181471454942e+03
1.758059846111285424e+03
1.758312810332399977e+03
1.747083919946112019e+03
1.744496881161650435e+03
1.747720552274955025e+03
1.758365753836614886e+03
1.743654765078182436e+03
1.766600134536093037e+03
1.761142626829586789e+03
1.746443360474091378e+03
1.766777010216051167e+03
1.759879362061889424e+03
1.762473514735004755e+03
1.757341526509917458e+03
1.764497187339511356e+03
1.758617763207024382e+03
1.767441255006936899e+03
1.761445279643300182e+03
1.765774760372560195e+03
1.750073807963041418e+03
1.764568677682793805e+03
1.774322656395420381e+03
1.783935712490233072e+03
1.788023781929049619e+03
1.759531907951262610e+03
1.761344719032027115e+03
1.755366329413564017e+03
1.772776803024769379e+03
1.783424141697616051e+03
1.773415687044059041e+03
1.779141276210862316e+03
1.773416097717687535e+03
1.776946029359026397e+03
1.771799754132015778e+03
1.768462116410391673e+03
1.761246679423382830e+03
1.761860112743254604e+03
1.777915794532583277e+03
1.785235367547805936e+03
1.763744247910187141e+03
1.771876060185764572e+03
1.778664187245816038e+03
1.791105263860077457e+03
1.785476722071432050e+03
1.791750682583443449e+03
1.795759658650466690e+03
1.789485667206078006e+03
1.782719335974935120e+03
1.797730182786559453e+03
1.773238182496206718e+03
1.796048519347392130e+03
1.776696656569769175e+03
1.778440497832345272e+03
1.781007801239489936e+03
1.779253010193139062e+03
1.799065077051596290e+03
1.775276801113595866e+03
1.795921043108180584e+03
1.806308282543207724e+03
1.808248566119654242e+03
1.798143022696301387e+03
1.799888020282858633e+03
1.780623423116427148e+03
1.797660142112987387e+03
1.788439804245177129e+03
1.807461119151872026e+03
1.805071510815707143e+03
1.801837665721276835e+03
1.795853139329158239e+03
1.809839889521258328e+03
1.796082163358455773e+03
1.801277989475056074e+03
1.810388490904192167e+03
1.802916538664427662e+03
1.792141000860322492e+03
1.803616889702616845e+03
1.805246937229297146e+03
1.804773505844172860e+03
1.807127813736982489e+03
1.799234319487074117e+03
1.816074835251547711e+03
1.808313415645904570e+03
1.811101701818560286e+03
1.806453462510797408e+03
1.813334697304545898e+03
1.822842397941069976e+03
1.810501986812304722e+03
1.820970494162604155e+03
1.826949850515231219e+03
1.811857054913589764e+03
1.812556137162132700e+03
1.814537191403051793e+03
1.813372501009038160e+03
1.828355586287886581e+03
1.811567667486970322e+03
1.831608848099568604e+03
1.828689858058925438e+03
1.831977076936129833e+03
1.832109740278798881e+03
1.825472182479715457e+03
1.824545972513086099e+03
1.820947223628639449e+03
1.830216718878945130e+03
1.817032937336542318e+03
1.828505319865262663e+03
1.839673197928667605e+03
1.834715919877829492e+03
1.841333696887768838e+03
1.833923548001107747e+03
1.816401661922223184e+03
1.853412787887423519e+03
1.822085436245189157e+03
1.846293930284296039e+03
1.850467974264072382e+03
1.816450409980202267e+03
1.836283635749380210e+03
1.832281334685473439e+03
1.852523888752525409e+03
1.848839303140745415e+03
1.834793060309171096e+03
1.842450243341101668e+03
1.832081657132493319e+03
1.834464301387239175e+03
1.841534228683172614e+03
1.840378816904199539e+03
1.837894258862296056e+03
1.863391863791573542e+03
1.848137017241083186e+03
1.859842229328116673e+03
1.860409538100529289e+03
1.851007643139123502e+03
1.857926207043553859e+03
1.840322551820076797e+03
1.861322639891705876e+03
1.856839205629737762e+03
1.850920931733913449e+03
1.847389806975178999e+03
1.850745932779161421e+03
1.847010633120519515e+03
1.881433930505417038e+03
1.853971466420654451e+03
1.860803292803009526e+03
1.848432733828799655e+03
1.861333888193765915e+03
1.860952869622336948e+03
1.872678309207187567e+03
1.851912226712383472e+03
1.870332513200290805e+03
1.884364470616817016e+03
1.874809220413511412e+03
1.872940858371686772e+03
1.880871743070421417e+03
1.886394209654452652e+03
1.878612770684866064e+03
1.884127391662776517e+03
1.880368071485460177e+03
1.857875971036035025e+03
1.872719354780305594e+03
1.877016300170232626e+03
1.873331725079702892e+03
1.867165388996029151e+03
1.882880666076134048e+03
1.873547066259658777e+03
1.899296126577186669e+03
1.869107390415858845e+03
1.870045451782116970e+03
1.897322975020651711e+03
1.878788037653984929e+03
1.897957372990859994e+03
1.897646611658283973e+03
1.871538853157499716e+03
1.882879009798524748e+03
1.897358504383200170e+03
1.892063316539812604e+03
1.897770986126666685e+03
1.891041272238791862e+03
1.886068248578508701e+03
1.911306824335820693e+03
1.883344370867578846e+03
1.888557848854110262e+03
1.892032718312528459e+03
1.894584619172983366e+03
1.891237653136755625e+03
1.894012550914475014e+03
1.905349409960020921e+03
1.890244974060864251e+03
1.910302835998939827e+03
1.897044402163573977e+03
1.909177413092864299e+03
1.898243391096152891e+03
1.914142362448985978e+03
1.899342129194542167e+03
1.900931284441042408e+03
1.912181511949809874e+03
1.909801271320266551e+03
1.922841342732524026e+03
1.909055105306024416e+03
1.901512005167866846e+03
1.903964583626704780e+03
1.898624249742985739e+03
1.911441933602374093e+03
1.917687298690666466e+03
1.906986466346085081e+03
1.912494629509236574e+03
1.924294089285117025e+03
1.914060456805948888e+03
1.916713890725357487e+03
1.914134344973299903e+03
1.907976285496596120e+03
1.923486717880745800e+03
1.922599809006454279e+03
1.915355035704596048e+03
1.920452343113217239e+03
1.927834736329827592e+03
1.927630582573097172e+03
1.921205538082003613e+03
1.917760776402288002e+03
1.929023432403467950e+03
1.931646355722301450e+03
1.932530412296447366e+03
1.934594611639221057e+03
1.924033416174994727e+03
1.925351240247731994e+03
1.924644747832166331e+03
1.930999415251539176e+03
1.955692555766568603e+03
1.943139874016496606e+03
1.942914446773233976e+03
1.938699573432307488e+03
1.945006460443484912e+03
1.939142020294784061e+03
1.950530518944574169e+03
1.933181030747883597e+03
1.948105329977565134e+03
1.960799469162294145e+03
1.937749027105394589e+03
1.948404210414995305e+03
1.931941815781549394e+03
1.944629024191967574e+03
1.960552718638013175e+03
1.954809454461944824e+03
1.953096155982374967e+03
1.939757668667726875e+03
1.959123907573104589e+03
1.952067662088242059e+03
1.953381201427718224e+03
1.954185891493821146e+03
1.952697945238199964e+03
1.942300290713903905e+03
1.969597469303125308e+03
1.962818575179561549e+03
1.954714031437314361e+03
1.959999169220751810e+03
1.960939611061971391e+03
1.956479574787356796e+03
1.965314972423298514e+03
1.955210832762138580e+03
1.960347120620770511e+03
1.968701254384000777e+03
1.985346392978686481e+03
1.977182483882919541e+03
1.955901471718926814e+03
1.974152193506712820e+03
1.966801667725392235e+03
1.973369478054806450e+03
1.977388877877373716e+03
1.980846235834366325e+03
1.957749751329565697e+03
1.976906722234509061e+03
1.971619113073023073e+03
1.980056303916989918e+03
1.983136231897902690e+03
1.981536829587824968e+03
1.988289358035997111e+03
1.977428096823951137e+03
1.959312994181080512e+03
1.980634349475328918e+03
1.974966106396941086e+03
1.980929466779404947e+03
1.985255606523038296e+03
1.996305909132967145e+03
1.987358907746303430e+03
1.996429008895391689e+03
1.991241982243058828e+03
1.995934941353526938e+03
1.986341763281852764e+03
1.989134968989070785e+03
1.999297071939346324e+03
1.988707604662743051e+03
2.021343225377199360e+03
2.007298246229329379e+03
1.997815194504814372e+03
2.007182446153798764e+03
1.992758751700801213e+03
1.999467225666885724e+03
2.017807403862291949e+03
1.997626025568244131e+03
2.005819706882150740e+03
2.010275413555151545e+03
1.992152079705870619e+03
1.987938725123125323e+03
2.005075360313812780e+03
2.007178213782254034e+03
2.008764948249493045e+03
2.030466101334578980e+03
2.013865645363817066e+03
2.028230589929822372e+03
2.006827827103921436e+03
2.025770308792204105e+03
2.016316596932309494e+03
2.024366243329892313e+03
2.035801974110314859e+03
2.024366326684795013e+03
2.018862815414283659e+03
2.021522739291308426e+03
2.033494030913744837e+03
2.018145464326220008e+03
2.016951167869766550e+03
2.030220072130439121e+03
2.007728690595584794e+03
2.040276557183073010e+03
2.029018718450558026e+03
2.031328621565319736e+03
2.037291308275996698e+03
2.024801311715265228e+03
2.044106527709261400e+03
2.032116596859893434e+03
2.039971071338949514e+03
2.049358431142044992e+03
2.041402445258081798e+03
2.025872306005811652e+03
2.037506995806974828e+03
2.063415114937890849e+03
2.057782924241555520e+03
2.041918291733481510e+03
2.051427462339710473e+03
2.050904636630101322e+03
2.046527191501040306e+03
2.056504831757011743e+03
2.045098260981936619e+03
2.057829119273203105e+03
2.050913437603946022e+03
2.071841592727729676e+03
2.041281835062782193e+03
2.055315441067588381e+03
2.035290201525462635e+03
2.057789636397171762e+03
2.045987466385139669e+03
2.068392996219534780e+03
2.071756320640542071e+03
2.058648819811769954e+03
2.065295713948732100e+03
2.075415251130449633e+03
2.072603547603927382e+03
2.054165205356203842e+03
2.088850803151538912e+03
2.053320360329957566e+03
2.060478960484663276e+03
2.072623668488297426e+03
2.081542420657960520e+03
2.082722581442922092e+03
2.064276866829972278e+03
2.071955772598114436e+03
2.086520484121711434e+03
2.080999527066354403e+03
2.091774265333234780e+03
2.092235751451100441e+03
2.083300477137284361e+03
2.076106911667453915e+03
2.070511357995932485e+03
2.084352627361601208e+03
2.102155622470317212e+03
2.081211816631335751e+03
2.085017816291868257e+03
2.080705257150370471e+03
2.087610374690384560e+03
2.091360125240452362e+03
2.098520026127180245e+03
2.088644204595503652e+03
2.113846160152270841e+03
2.098367541092744432e+03
2.086673517967231874e+03
2.091855746057727174e+03
2.086169477468862169e+03
2.109925938443959240e+03
2.107549339077965215e+03
2.113128029578384030e+03
2.093133605467332472e+03
2.102665608717981740e+03
2.104828101554333443e+03
2.104208017250644843e+03
2.119544914263049577e+03
2.095672839791187016e+03
2.106178975170359081e+03
2.109016325801120729e+03
2.116940813675123991e+03
2.105985888836755294e+03
2.115370474170138550e+03
2.123098980398041022e+03
2.118636704463113347e+03
2.117106556980123514e+03
2.136120932512423678e+03
2.108374803220090598e+03
2.133556035294982848e+03
2.121318259025248153e+03
2.139977215503025491e+03
2.109667670384015310e+03
2.136137500474602348e+03
2.127272189888332832e+03
2.152197934946481382e+03
2.133361851499641489e+03
2.140976766714154564e+03
2.139463102916683056e+03
2.131885642918820395e+03
2.139263575815327840e+03
2.154351250369858008e+03
2.148300121752870837e+03
2.146105892953319199e+03
2.128184677352739527e+03
2.138110460574747776e+03
2.147188502673878702e+03
2.159308610926092570e+03
2.149597928608497568e+03
2.148396551015952809e+03
2.133575586349465084e+03
2.145379893249663837e+03
2.148960251194440389e+03
2.142905208746178687e+03
2.143497973586831904e+03
2.154102504650441460e+03
2.152986729448496590e+03
2.152013927958683780e+03
2.166213783782619885e+03
2.152076691903427218e+03
2.168774308248154739e+03
2.163598901720627509e+03
2.160039368617757191e+03
2.160880864621353794e+03
2.171364289323737921e+03
2.177633899294728053e+03
2.161883193264050078e+03
2.155526391809602501e+03
2.171301168120472539e+03
2.164818632201215223e+03
2.160556360289313943e+03
2.168847528023856739e+03
2.188859922338582237e+03
2.190815550267483104e+03
2.177537654060706245e+03
2.172574119624725427e+03
2.180921497825403094e+03
2.181398236961016664e+03
2.186086962648383178e+03
2.173492453978293725e+03
2.179388096382903313e+03
2.185472071296594549e+03
2.188121662545457184e+03
2.195518477421407169e+03
2.191083676871850457e+03
2.179954243285661505e+03
2.189354655380955137e+03
2.182887060646934060e+03
2.205501742266296333e+03
2.189315800590694380e+03
2.199923309819912902e+03
2.210533314353169771e+03
2.193817344514820434e+03
2.216473241891962061e+03
2.208091158080975219e+03
2.199307365389428469e+03
2.205536843978127308e+03
2.225332397886276340e+03
2.209312205835096393e+03
2.205130578886019066e+03
2.207762493676600116e+03
2.205622535500061076e+03
2.210824746949859218e+03
2.212529509195883293e+03
2.209188774627389648e+03
2.233162340200914514e+03
2.222286325980199763e+03
2.210079555813422303e+03
2.225056995954234480e+03
2.217469057737557705e+03
2.229656980381880203e+03
2.223342008068890209e+03
2.222177706111900989e+03
2.232803060860336700e+03
2.237619833935181305e+03
2.230339896707072057e+03
2.225221100542518343e+03
2.227428579288647143e+03
2.225330100184752155e+03
2.228336530013682022e+03
2.224031220398313508e+03
2.236957066806220610e+03
2.243427546423481090e+03
2.231165590634142063e+03
2.251002900983578456e+03
2.250437816923850733e+03
2.246146634860845097e+03
2.249450017153582394e+03
2.255258503672420375e+03
2.240894510929275384e+03
2.252209914592882342e+03
2.248152151545310517e+03
2.249931110630495368e+03
2.259544923444846518e+03
2.266025815637624873e+03
2.246621443513807208e+03
2.266664403897398643e+03
2.267921867495610513e+03
2.257122503690975009e+03
2.264541043367727525e+03
2.259029050876249130e+03
2.256976337573172259e+03
2.255520995782077534e+03
2.276356191550860331e+03
2.268523819047048164e+03
2.276284183514770120e+03
2.297594464524052000e+03
2.272296253199527200e+03
2.273915037872917310e+03
2.261228231808674536e+03
2.288953639118605224e+03
2.278857091768941700e+03
2.276019487729238790e+03
2.279030958099513555e+03
2.291912937204875107e+03
2.287488465908252692e+03
2.278916172788832228e+03
2.293432113617934647e+03
2.285665814509618485e+03
2.289351482966073490e+03
2.282400280219700107e+03
2.278557553755865683e+03
2.297217298754184867e+03
2.304030996025332115e+03
2.283539537741969525e+03
2.299014430541260481e+03
2.309702707396504138e+03
2.309075489983819352e+03
2.307188784598884467e+03
2.308244732219464822e+03
2.328093312948790754e+03
2.309395005725050851e+03
2.330363627533401541e+03
2.300484533816402291e+03
2.311970053433157773e+03
2.319027181103575913e+03
2.323385529752715229e+03
2.331553878447814895e+03
2.330758196619218324e+03
2.295378795215836817e+03
2.319019504636252350e+03
2.321005554184180255e+03
2.319706051581383235e+03
2.333758789563320533e+03
2.314562701596652914e+03
2.323168714832877413e+03
2.341458896283063496e+03
2.318811099986402041e+03
2.323261082843339409e+03
2.332128480604827018e+03
2.337125285071034796e+03
2.339331409896653895e+03
2.343620793514505749e+03
2.338075694462309002e+03
2.350906698563988357e+03
2.338059590903815661e+03
2.331097101231614033e+03
2.350561987418259378e+03
2.345059392530911282e+03
2.340745386161067472e+03
2.347213740946103826e+03
2.346217620008011181e+03
2.353226571971233170e+03
2.360672308517742749e+03
2.358962660882356431e+03
2.363142894866104598e+03
2.357730121501856956e+03
2.357484728504439772e+03
2.355709831536737511e+03
2.373363708970795415e+03
2.360517783359249734e+03
2.362317768952029837e+03
2.370305715565931223e+03
2.376823745565024637e+03
2.361347598299777474e+03
2.372793321486615241e+03
2.371791960335332533e+03
2.389489874710319782e+03
2.380903722135503813e+03
2.380555669268418569e+03
2.360496080638791227e+03
2.375715165067001635e+03
2.384861542918533814e+03
2.391122527656678812e+03
2.381129111317290153e+03
2.386020097934113437e+03
2.402601176792950810e+03
2.387112999447872426e+03
2.388309011958752308e+03
2.408751455688889109e+03
2.388272134343895686e+03
2.384893760557443329e+03
2.392339355208731376e+03
2.405120425094134134e+03
2.396449192144851168e+03
2.381227196457202353e+03
2.399727992419146631e+03
2.419752564862498275e+03
2.416802074244842061e+03
2.416543812407438054e+03
2.413973006876179170e+03
2.418592994004597585e+03
2.402937403200670360e+03
2.412027350304134416e+03
2.412139324221321658e+03
2.430293353395576105e+03
2.418705874931412836e+03
2.431952014581777348e+03
2.427103145573021720e+03
2.435383084206257081e+03
2.432227934076411657e+03
2.417940656913295697e+03
2.413735817278191007e+03
2.428222545441799866e+03
2.440999264982721797e+03
2.432723472840544673e+03
2.443138291956089688e+03
2.432840877185243698e+03
2.443098654051651465e+03
2.430768110033488028e+03
2.454853978179369733e+03
2.453003747164695596e+03
2.438861478601581439e+03
2.444053179115936928e+03
2.462194901433738778e+03
2.445957187576078923e+03
2.456637795001393897e+03
2.442023227122341268e+03
2.461149941634909283e+03
2.464043934494180576e+03
2.471403925855039688e+03
2.455069650382237796e+03
2.457213466632697418e+03
2.454186339586618033e+03
2.455826486793301228e+03
2.473697835409135678e+03
2.477386879052100539e+03
2.469702545537997139e+03
2.466559380357293321e+03
2.468276784700579356e+03
2.496631948068833935e+03
2.467278929171427990e+03
2.465970130829865866e+03
2.472158888537981511e+03
2.491416295158487173e+03
2.495335823937542955e+03
2.477725340506256998e+03
2.483445612625685499e+03
2.489335059546388493e+03
2.489951976193713563e+03
2.493903466945633681e+03
2.501701023133566650e+03
2.480990092497611386e+03
2.512250492920194120e+03
2.494383097916246697e+03
2.507657219798877122e+03
2.487614793506243132e+03
2.510764984162670771e+03
2.502989441760687896e+03
2.494010066306768294e+03
2.512969998241319900e+03
2.514028243919964098e+03
2.515285628082018320e+03
2.522979323935281172e+03
2.525012882802788226e+03
2.520622162746681624e+03
2.518218211925266132e+03
2.501349455062951165e+03
2.514064701149181928e+03
2.522351513348618482e+03
2.527421102897373657e+03
2.535097786158298277e+03
2.537050556549120301e+03
2.516880394396475822e+03
2.534823974945346890e+03
2.540662560572124676e+03
2.525827373770030590e+03
2.541174443235549916e+03
2.545512359437059786e+03
2.551780095529899882e+03
2.550229437882625007e+03
2.543130336691204320e+03
2.539663180389409717e+03
2.563896155193601771e+03
2.545872937248727794e+03
2.546276015935162377e+03
2.555727911692222278e+03
2.545701819850511583e+03
2.551094013129551513e+03
2.565028092530356389e+03
2.578857750536292770e+03
2.568618423980622083e+03
2.566271298549237599e+03
2.569106512566827860e+03
2.574210294102344051e+03
2.578229247854214464e+03
2.565800371335424188e+03
2.565956895885004542e+03
2.576315226973230438e+03
2.598882565495631752e+03
2.584283668153695544e+03
2.577479605964213079e+03
2.565379175274626050e+03
2.583306231757770547e+03
2.588828644322250511e+03
2.575837948873428104e+03
2.595668948946946784e+03
2.573118435356732334e+03
2.597019845624932714e+03
2.588873410363782568e+03
2.596131896873640926e+03
2.597431075521734329e+03
2.608029848633951588e+03
2.614702296266336361e+03
2.595685946822346523e+03
2.605348973557564022e+03
2.618311319969363922e+03
2.598775412023788249e+03
2.608781686596962572e+03
2.614760321730279429e+03
2.616826436282902705e+03
2.615233751697665411e+03
2.636034601715107783e+03
2.615606435898293512e+03
2.622325282793406132e+03
2.622539361589320833e+03
2.643406920647290463e+03
2.640330632709976726e+03
2.619406759045894432e+03
2.629267281895866290e+03
2.626957493906335912e+03
2.630263652522240136e+03
2.638613468075369383e+03
2.638974317679987507e+03
2.640716679771634062e+03
2.631268522656147525e+03
2.655708249199781221e+03
2.642822000373158971e+03
2.654511867685823290e+03
2.653238031838444385e+03
2.645929333839977062e+03
2.652636683971455113e+03
2.662847168830913233e+03
2.661104693973040412e+03
2.662788799573659617e+03
2.663270357339046313e+03
2.650286425474072985e+03
2.662742233668590416e+03
2.670943015632503375e+03
2.682452246193371593e+03
2.680374067108652980e+03
2.687965061083875298e+03
2.683431922104428395e+03
2.674744105046155710e+03
2.681540506381290925e+03
2.677579811867606622e+03
2.691284480624967273e+03
2.676448851508416737e+03
2.689562858247784334e+03
2.690691776775686321e+03
2.672231527580768670e+03
2.695759651140956521e+03
2.706770768676180978e+03
2.700353768647125889e+03
2.693214117405139405e+03
2.707267397138183696e+03
2.692832216599688309e+03
2.708866056135363579e+03
2.704163380002233225e+03
2.701379840657193654e+03
2.714393014095300714e+03
2.712967579189748903e+03
2.715304549015079829e+03
2.719370000033744418e+03
2.734201057148660766e+03
2.717948665313559559e+03
2.725149728323193813e+03
2.732820553255160121e+03
2.725460819934272422e+03
2.726389374631872670e+03
2.734372344310422704e+03
2.722549437692528500e+03
2.735685257921212724e+03
2.750573735170086820e+03
2.739078771368116122e+03
2.749840297747969089e+03
2.748634509208595773e+03
2.748549865550273807e+03
2.748721620972712117e+03
2.751190422628038050e+03
2.750916233904310502e+03
2.764208874376849053e+03
2.761954168788420702e+03
2.743856915201895845e+03
2.760669630289758970e+03
2.751434010990900333e+03
2.754008922826607431e+03
2.777925862885750121e+03
2.759990477680223648e+03
2.776378593694548272e+03
2.772949074713620575e+03
2.776142442106483031e+03
2.775732196423371533e+03
2.792006132758785952e+03
2.791201156314327363e+03
2.785230416002997117e+03
2.802491521373508476e+03
2.791247299128423492e+03
2.780505165558850422e+03
2.796494472166619289e+03
2.812152705163324754e+03
2.795412165498150898e+03
2.799090318804187064e+03
2.798053201658050511e+03
2.808125926134465317e+03
2.824929123885106947e+03
2.814225582400553321e+03
2.806290661588572220e+03
2.817803469873076210e+03
2.812941239752029560e+03
2.834143602024360462e+03
2.814502160536495012e+03
2.819213600320365458e+03
2.830421314909878220e+03
2.836162395827011551e+03
2.841749990901339515e+03
2.823576890556099897e+03
2.836555162435552575e+03
2.827487548533847985e+03
2.837490770109885489e+03
2.829148146144921611e+03
2.840868954298206972e+03
2.849534016780290585e+03
2.848453389184826847e+03
2.848128454120661445e+03
2.854571688470793106e+03
2.842848280025101303e+03
2.855376761380004609e+03
2.856505289520302085e+03
2.863223899662772965e+03
2.862173780251300286e+03
2.877607486627783146e+03
2.876962906524192476e+03
2.870830723569007205e+03
2.873804244157271114e+03
2.882561844649570048e+03
2.870325332679383337e+03
2.879958169655034908e+03
2.878057823666790682e+03
2.879756643895907928e+03
2.876416315979940464e+03
2.872759987323670885e+03
2.873424479869937386e+03
2.880482038202706008e+03
2.889140392838304251e+03
2.902825096713287166e+03
2.890654205974380602e+03
2.893420488163019854e+03
2.900198494988584116e+03
2.907303446713082849e+03
2.909757210131983356e+03
2.913079638318411071e+03
2.913918762479557245e+03
2.922632931069988445e+03
2.919459365357069146e+03
2.902840914195793175e+03
2.923479926179372796e+03
2.921917038898377541e+03
2.931640783765436026e+03
2.928132848449021822e+03
2.942745478129043477e+03
2.928523602854061664e+03
2.927674142034004944e+03
2.922332814991171745e+03
2.933236119972592405e+03
2.945786605326733024e+03
2.941696003821966315e+03
2.951396129990344434e+03
2.932316711567251332e+03
2.953343578698561487e+03
2.961802383191505214e+03
2.956922235280054338e+03
2.967727311337666379e+03
2.947217891586181395e+03
2.969064297802753572e+03
2.969115839087322456e+03
2.966899367346208237e+03
2.973653314917507032e+03
2.970478530745651369e+03
2.976915598242014312e+03
2.975023853911656261e+03
2.985640596309230659e+03
2.975141365420386137e+03
2.978521467718637268e+03
2.982524826684710206e+03
2.980518354624764470e+03
2.985682467793593332e+03
2.990738448591181168e+03
2.998720885440687653e+03
2.995059781445528188e+03
2.991751296500857279e+03
2.998992610963720836e+03
3.020941713035839257e+03
3.018501202188377647e+03
3.005970251632340478e+03
3.019700442088076670e+03
3.019672879149790788e+03
3.028069088908326648e+03
3.018907379164039867e+03
3.018361190365823859e+03
3.034418722462752157e+03
3.034913432658614511e+03
3.050693632967787835e+03
3.031411391180446117e+03
3.044315639857889892e+03
3.050896768326498204e+03
3.035510763071520614e+03
3.047472530978290251e+03
3.047258537491961761e+03
3.050980990871026734e+03
3.042284401441278987e+03
3.048605261058102769e+03
3.056400144275859475e+03
3.067978563922817557e+03
3.058137799275661564e+03
3.071341567371705423e+03
3.068768262679628151e+03
3.077302469363492492e+03
3.080555978567197144e+03
3.061549810127103228e+03
3.085026066766163240e+03
3.081061159495220181e+03
3.086402400818968545e+03
3.081019531266472768e+03
3.087967603359643817e+03
3.083288655964132886e+03
3.083776308408269870e+03
3.102464541841562095e+03
3.102891222803991695e+03
3.099439519055556048e+03
3.102335578739331595e+03
3.106994473846570600e+03
3.102173294445297870e+03
3.107342452292111375e+03
3.124551150468550532e+03
3.131413855969697579e+03
3.109754506532914547e+03
3.125097934957927009e+03
3.127937389845753842e+03
3.131465994432813204e+03
3.136239501343714892e+03
3.123492402347205370e+03
3.128617506128668083e+03
3.141550963392983249e+03
3.141069233289729709e+03
3.152567353453358010e+03
3.159233214544811290e+03
3.146499047111503387e+03
3.153732383606272379e+03
3.144376532623021376e+03
3.164489682692530550e+03
3.156786656055347066e+03
3.157245659867987797e+03
3.165407933089219569e+03
3.176492818236571111e+03
3.172195206848127782e+03
3.147445206677169153e+03
3.192593041526819434e+03
3.182182337970292338e+03
3.184830851484361119e+03
3.187307531345542884e+03
3.197619428491029794e+03
3.199173272324129357e+03
3.182192818199439444e+03
3.198631461032950483e+03
3.215660395770009927e+03
3.204731785196792771e+03
3.196748054127931027e+03
3.213356147743165366e+03
3.210714864618286356e+03
3.223807280300665752e+03
3.205394675169595303e+03
3.207097132000789315e+03
3.228946917310054687e+03
3.225103864545282704e+03
3.243985677906933233e+03
3.243991202453607002e+03
3.253826427647259607e+03
3.236002490719240996e+03
3.230305540374279644e+03
3.246526352976964063e+03
3.252062264750433769e+03
3.262421993128850318e+03
3.250062715197278521e+03
3.261886527530822605e+03
3.250826373837320261e+03
3.261960164176035050e+03
3.267826922248598294e+03
3.257213866597876404e+03
3.274847041227059890e+03
3.262872914565246901e+03
3.278543067566161426e+03
3.286145987142268496e+03
3.260116979000323681e+03
3.271130910281588967e+03
3.290088580086510319e+03
3.281485461046168894e+03
3.293761323264760904e+03
3.284683382502060795e+03
3.302973305937383884e+03
3.300827475298181525e+03
3.289318490026464588e+03
3.294830503961044087e+03
3.316267790704629078e+03
3.309622420435139247e+03
3.308451257829679889e+03
3.322088445588274681e+03
3.306134492299306203e+03
3.338883044498861636e+03
3.335148414275261075e+03
3.330295993001392162e+03
3.343244661294987054e+03
3.318781638500869121e+03
3.336352541906825081e+03
3.330277142053130774e+03
3.362315978228414679e+03
3.333175997555364120e+03
3.354777564496261675e+03
3.347251695288782685e+03
3.361233819291040163e+03
3.361081030227611791e+03
3.361473806691345544e+03
3.368668029563140863e+03
3.366573025408449212e+03
3.376493529504003163e+03
3.375260547817892530e+03
3.370400951857574455e+03
3.369278797180802030e+03
3.403220443834976777e+03
3.398000917195747661e+03
3.405250452859527286e+03
3.403452152812157237e+03
3.375192715436406161e+03
3.388967461300896957e+03
3.401905476972568977e+03
3.418758463143578865e+03
3.403318911041276351e+03
3.419855631426071341e+03
3.419861531100499633e+03
3.422391234712229561e+03
3.433150583677282157e+03
3.426866821305876329e+03
3.428011835832666748e+03
3.440335310198432580e+03
3.436138330976969883e+03
3.430907160630455564e+03
3.438432247214604104e+03
3.438275369048269113e+03
3.438975856446245871e+03
3.437784420512846737e+03
3.459571532764612584e+03
3.468456067944310234e+03
3.470351242472975173e+03
3.468181391994774458e+03
3.463943354135456048e+03
3.480387053227143042e+03
3.478998677274783404e+03
3.476874329271853185e+03
3.470266066051922280e+03
3.479738352572219355e+03
3.471986543847806843e+03
3.484021022077543421e+03
3.491960491863745119e+03
3.492139397550642116e+03
3.512936041681648476e+03
3.483950524947675603e+03
3.505450161478373047e+03
3.505706428616818812e+03
3.523337134386571506e+03
3.509089769352695384e+03
3.514272789189702053e+03
3.520873962595351259e+03
3.535270319293471402e+03
3.526425130728194290e+03
3.543171204620462049e+03
3.550085012566524711e+03
3.538729523862934002e+03
3.541839158847711587e+03
3.546463700031589724e+03
3.541464615171880268e+03
3.543855582241259526e+03
3.543926988537416946e+03
3.573661911956826316e+03
3.562129581414991662e+03
3.567338624949647510e+03
3.572096667515961599e+03
3.564737292211915246e+03
3.585261604978470132e+03
3.571043101830978230e+03
3.587976087252839079e+03
3.583927982099260134e+03
3.582577531071731755e+03
3.602783879806940149e+03
3.597018296028648820e+03
3.607108846264328804e+03
3.598641350498623069e+03
3.602809724721252678e+03
3.616261782436807607e+03
3.614695356517533128e+03
3.609963962176333098e+03
3.629543478389714437e+03
3.606667732363964660e+03
3.630521785163124150e+03
3.643772261446008088e+03
3.623466340013627359e+03
3.642364853664215843e+03
3.641949519173697809e+03
3.657697076018999724e+03
3.643117734928859591e+03
3.658238655705641122e+03
3.674865953240335330e+03
3.653303729466979348e+03
3.668047078006636639e+03
3.677920577422369661e+03
3.674015343385275173e+03
3.667185469556505723e+03
3.681870359022225330e+03
3.696859700608959884e+03
3.682350710378228541e+03
3.688900307671089195e+03
3.694652278130482955e+03
3.703544497609372684e+03
3.702756090637608395e+03
3.708886777973125390e+03
3.713969929012334887e+03
3.712735800650886631e+03
3.710482846793608587e+03
3.727452671753349932e+03
3.717609070461941428e+03
3.739862191873804932e+03
3.726911657660717538e+03
3.727061308418283261e+03
3.743263666417014520e+03
3.725001943129710071e+03
3.733148479446350393e+03
3.736436823494693726e+03
3.761763467869364376e+03
3.768851289174755493e+03
3.750813494881200313e+03
3.760062393550730576e+03
3.758964879872151414e+03
3.767947818917629775e+03
3.771127423887175610e+03
3.788811398884227401e+03
3.775478795607175925e+03
3.779188310926181657e+03
3.800671066205887200e+03
3.788168672586720731e+03
3.788768335034806114e+03
3.814762784561297849e+03
3.799067474484228114e+03
3.822404943653535156e+03
3.796599115958656057e+03
3.831594001384351031e+03
3.815072548881300463e+03
3.827040640140029609e+03
3.845037034679828139e+03
3.841559791349747229e+03
3.831957811515238063e+03
3.832065540886731924e+03
3.845367913318626961e+03
3.841892624333087952e+03
3.855314063136196637e+03
3.853489308056709433e+03
3.863582251536628974e+03
3.867176208887533448e+03
3.871892818105980496e+03
3.871805670962425665e+03
3.887333422410394178e+03
3.898496565976130569e+03
3.882028024097828165e+03
3.882130905610686114e+03
3.904462983482982054e+03
3.890528565762924245e+03
3.908150802347488479e+03
3.891050428972170721e+03
3.889313895413833052e+03
3.911961334044539399e+03
3.934326879452433332e+03
3.925444360424678507e+03
3.928175410874629051e+03
3.934184020869841788e+03
3.935043858049127721e+03
3.950520303657733166e+03
3.940982113652375119e+03
3.951943957621402205e+03
3.950359222266140023e+03
3.943759936891814959e+03
3.955660640715927912e+03
3.963078973257483085e+03
3.969238676185458189e+03
3.982924702507778875e+03
3.977327326756007551e+03
3.979166873470308019e+03
3.993658212790065136e+03
3.988515657038803965e+03
4.004999516273459449e+03
3.988560806245414369e+03
3.997012499291100994e+03
4.006064674481088332e+03
4.009419009290440499e+03
4.017012923772663271e+03
4.016797903920353292e+03
4.018257682891354762e+03
4.033865813947011702e+03
4.034053501032865370e+03
4.039871337583783315e+03
4.035012986963045932e+03
4.055698526269037302e+03
4.039754385606672713e+03
4.033199244201701276e+03
4.060907096966141125e+03
4.058988962089249526e+03
4.061571558941621788e+03
4.071229160130829769e+03
4.061467151355545866e+03
4.077036109861801378e+03
4.104392716103525345e+03
4.076176400872205249e+03
4.099000525017570908e+03
4.085381240822109248e+03
4.088668728422440381e+03
4.106621520643540862e+03
4.106527181905299585e+03
4.106118375261410620e+03
4.117958433153412443e+03
4.132430418065267986e+03
4.115457350023541039e+03
4.128760929396458778e+03
4.140569765774167536e+03
4.138493322814947533e+03
4.146511033240005418e+03
4.138647713540764926e+03
4.155909352815519014e+03
4.162289458658193325e+03
4.160766274263568448e+03
4.181648770900595991e+03
4.162139134060284050e+03
4.180946411743638237e+03
4.158479574106377186e+03
4.194497577096830355e+03
4.207860400005250085e+03
4.197376707931463898e+03
4.215837339568615789e+03
4.218532847375387064e+03
4.202250035333476262e+03
4.199130017875138037e+03
4.212753610523026509e+03
4.214132123990946639e+03
4.226423346238804697e+03
4.226926152948694835e+03
4.239465700846810250e+03
4.231424540706987500e+03
4.261924462688262793e+03
4.231344100900930243e+03
4.247416857167641865e+03
4.259392151402889795e+03
4.273771715912302170e+03
4.276919886717459121e+03
4.273283699459260788e+03
4.272807296919088913e+03
4.286355421195616145e+03
4.284948896009887903e+03
4.293471004059790175e+03
4.292010947789023703e+03
4.304976199811044353e+03
4.304161650352964898e+03
4.313154857280478609e+03
4.330634298945915361e+03
4.315230472380185347e+03
4.332658926247037925e+03
4.318483764444342341e+03
4.341459838236505675e+03
4.335931469476502571e+03
4.346389111859451077e+03
4.351604509185119241e+03
4.350547376916871144e+03
4.364757495350796489e+03
4.372555530637391712e+03
4.389941834068285971e+03
4.359754911678895041e+03
4.382191075820357582e+03
4.400389731480137016e+03
4.400203309359331797e+03
4.402736954236321253e+03
4.397317861320310840e+03
4.401533391840459444e+03
4.406915074239725072e+03
4.423547364518871291e+03
4.413316477178521382e+03
4.428476231143545192e+03
4.434042167841397713e+03
4.436787560197519269e+03
4.446363381573489278e+03
4.453569389858141221e+03
4.451539719038424664e+03
4.459309234335036308e+03
4.477452148133961600e+03
4.445380440093275865e+03
4.464530288182411823e+03
4.473382384407577774e+03
4.485132128864885999e+03
4.492540649399562426e+03
4.497607126426158175e+03
4.484664503227627392e+03
4.493001105383628783e+03
4.501166048822444282e+03
4.506345987948272523e+03
4.521982389545717524e+03
4.516310065861066505e+03
4.525005468004553222e+03
4.548702113445942814e+03
4.535143677091701647e+03
4.534066898370273520e+03
4.548670252605160385e+03
4.568105714287920819e+03
4.562569576556677930e+03
4.548777094743357338e+03
4.562574759109712431e+03
4.576424309332392113e+03
4.585169220909227079e+03
4.584312947674341558e+03
4.574906031485709718e+03
4.617738276422207491e+03
4.604840841972431008e+03
4.614233455797171700e+03
4.618726423026910197e+03
4.610832501632252388e+03
4.625163076891698438e+03
4.620855469646354322e+03
4.621514187773670528e+03
4.652091889718214588e+03
4.656220497549006723e+03
4.655237892996027767e+03
4.640268721469506090e+03
4.655114755389206039e+03
4.688682570942050916e+03
4.677427120836156064e+03
4.670738745925506919e+03
4.692054810866736261e+03
4.691756225752579667e+03
4.688758616781083219e+03
4.714986235153164671e+03
4.721843001873577123e+03
4.721442038847455478e+03
4.714082577757990293e+03
4.717920647340748474e+03
4.722645032734527376e+03
4.728386986430314209e+03
4.739167242952392371e+03
4.757789429926761841e+03
4.751014979024279455e+03
4.758186494624515035e+03
4.759307467425876894e+03
4.783230062020632431e+03
4.791763214789497397e+03
4.784389096948219048e+03
4.805988610861772941e+03
4.787338437867946595e+03
4.793270432036829334e+03
4.818865175898332382e+03
4.809310133079044135e+03
4.818668046868158854e+03
4.825885960164065182e+03
4.828547888659635646e+03
4.836947277973504242e+03
4.839458272992307684e+03
4.832635057959419100e+03
4.856292946619435497e+03
4.858577505053649475e+03
4.858024119650389366e+03
4.887641480705293361e+03
4.887736922048932684e+03
4.897701971922152552e+03
4.896532877986788662e+03
4.897892553020114065e+03
4.900758640687192383e+03
4.905769339453033353e+03
4.913878504846826218e+03
4.923726699775239467e+03
4.925951723202041649e+03
4.934568260068917880e+03
4.932735568381767735e+03
4.947463733684113322e+03
4.951389063151645132e+03
4.968381353003785989e+03
4.968172078880718800e+03
4.955825292688591617e+03
4.970455235354309480e+03
4.977139473267298854e+03
4.995186889429325674e+03
4.979565242950275206e+03
5.015999351102685068e+03
4.989359072519524489e+03
4.999884867812336779e+03
5.021042020986491480e+03
5.016923859607836675e+03
5.032918760610442405e+03
5.045323070589659437e+03
5.046769873929260029e+03
5.047095600497118539e+03
5.061840232354863474e+03
5.071747561769534514e+03
5.071907127530064827e+03
5.088584190840903830e+03
5.077819610350329640e+03
5.103198625137531053e+03
5.090284660869715481e+03
5.092943506228397382e+03
5.101111384628678024e+03
5.107694885208595224e+03
5.129459883242846445e+03
5.119263065828311483e+03
5.140043206522142100e+03
5.141749761476853564e+03
5.132366816274080520e+03
5.151314236126470860e+03
5.142984286512344624e+03
5.166686495241287957e+03
5.168813478702939392e+03
5.179849172829754025e+03
5.184703468523571246e+03
5.183370583100933800e+03
5.212989635009425001e+03
5.211306669098119528e+03
5.206386580525924728e+03
5.217097676852590666e+03
5.235710881835592772e+03
5.239570795361349155e+03
5.246628093442261161e+03
5.248322775305297000e+03
5.254967220254548920e+03
5.256610037358487716e+03
5.263954840954678730e+03
5.260240054320184754e+03
5.279306015352241047e+03
5.295069258960946172e+03
5.299849855938211476e+03
5.294563461131256190e+03
5.298176096220901854e+03
5.319960037664433003e+03
5.325095407468315898e+03
5.304865899186038405e+03
5.327517606136249015e+03
5.351868921189680805e+03
5.343722521783785851e+03
5.363432747449024646e+03
5.361636849366096612e+03
5.378580731670187561e+03
5.371587720350273230e+03
5.394238402783131278e+03
5.381591437761222551e+03
5.392816250053371732e+03
5.406559546850543484e+03
5.426509522884291073e+03
5.408800742090795211e+03
5.424114403238365412e+03
5.435091180979135970e+03
5.435786378649993821e+03
5.468469595815246066e+03
5.462083815993812095e+03
5.484821009758468790e+03
5.457072428469085025e+03
5.478162759840729450e+03
5.468908171948471136e+03
5.473320739685578701e+03
5.504592003326063605e+03
5.506337598246657763e+03
5.507430636906644395e+03
5.525841999764331376e+03
5.522331532047507608e+03
5.537301785485222354e+03
5.546543129241197676e+03
5.541821710175614498e+03
5.574041873744132317e+03
5.560284461098324755e+03
5.600581713894562199e+03
5.575602788208619131e+03
5.580670882380240073e+03
5.584402384806619011e+03
5.629481071038736445e+03
5.614455311790974520e+03
5.631334138572830852e+03
5.630197966489691680e+03
5.636118367605330604e+03
5.641354287961126829e+03
5.641242294441571175e+03
5.650742139038989990e+03
5.663614995269024803e+03
5.674885073577887852e+03
5.682891335083029844e+03
5.679557038087299588e+03
5.694170428378380166e+03
5.697800193328997011e+03
5.702421108357462799e+03
5.709204690634466715e+03
5.724921301480590955e+03
5.728538969704208284e+03
5.737401172466967182e+03
5.743429326992436472e+03
5.772489303019131512e+03
5.768530331225769260e+03
5.787945015412330577e+03
5.788795680078706937e+03
5.796192837451858395e+03
5.793813671424274617e+03
5.811740331484948911e+03
5.817486702869700821e+03
5.816444523452796602e+03
5.839191654882502007e+03
5.839492345717497301e+03
5.846823510453054951e+03
5.870754568805728923e+03
5.862979923073527971e+03
5.888576727835522433e+03
5.868839446463139211e+03
5.876315874605137651e+03
5.897537327298030505e+03
5.885735152404021392e+03
5.925154245778412587e+03
5.943171732393071579e+03
5.940144869409259627e+03
5.940064012133340839e+03
5.931196964825120631e+03
5.949004994916301257e+03
5.971564998814964383e+03
5.957364082344991402e+03
5.986482400944257279e+03
6.001412171199403929e+03
5.999165650558006746e+03
6.008802543248359143e+03
6.015599047163323121e+03
6.024776315782893107e+03
6.023636095690331786e+03
6.027180667948035989e+03
6.057538043641241529e+03
6.049264402802797122e+03
6.067301588860264928e+03
6.077458200533104900e+03
6.087958054571146931e+03
6.088289490942966040e+03
6.101358051890328170e+03
6.107295875166024416e+03
6.103344839867016162e+03
6.128499061359905681e+03
6.129251861768445451e+03
6.157910744884407904e+03
6.157365690013715721e+03
6.165830218843604598e+03
6.173851509017667013e+03
6.193388549104078265e+03
6.187584554805131120e+03
6.184247385469815526e+03
6.202558796190382054e+03
6.216847338646110074e+03
6.226883608416409515e+03
6.225267325594520116e+03
6.229600905853159929e+03
6.253225167859908652e+03
6.259567764502198770e+03
6.289339255680360111e+03
6.272272791721298745e+03
6.298454368686926500e+03
6.291427868037415465e+03
6.304403988199436753e+03
6.301505344666070414e+03
6.331652442970222182e+03
6.331186828924373913e+03
6.324153825193078774e+03
6.341205131287108998e+03
6.356539206982965879e+03
6.379274130506591973e+03
6.371684723856796154e+03
6.401069583673072884e+03
6.395015194218566648e+03
6.409064641435342310e+03
6.414470367903491024e+03
6.419560520152809659e+03
6.437107528746491880e+03
6.431422353305534671e+03
6.448845682188491992e+03
6.477805554124084665e+03
6.469710903705124110e+03
6.489153838525880929e+03
6.500142315457029326e+03
6.507000875570668541e+03
6.503485846541685532e+03
6.531601199774881024e+03
6.540097433282046040e+03
6.525138664479192812e+03
6.559835730084433635e+03
6.552091420684896548e+03
6.577373083412409869e+03
6.597560257132333390e+03
6.579309347568626436e+03
6.598065667964341628e+03
6.616420368822707132e+03
6.630015089497859663e+03
6.632225887530401451e+03
6.643558610841932023e+03
6.660934604555341139e+03
6.657287606948818393e+03
6.677871845921022214e+03
6.690391856001635460e+03
6.697960663119353740e+03
6.709589360520812988e+03
6.717532776666220343e+03
6.725357259987248653e+03
6.733063575003689039e+03
6.721802519956374454e+03
6.752645211903804920e+03
6.756814434220502335e+03
6.774764709121961459e+03
6.795208952277998833e+03
6.791269399310445806e+03
6.821807150832169100e+03
6.820139827181117653e+03
6.829766704904198377e+03
6.847363349090163865e+03
6.854121650093618882e+03
6.861111669335888109e+03
6.858006604914810850e+03
6.879598497419610794e+03
6.895400548384383910e+03
6.923835645814740019e+03
6.912150625540106375e+03
6.924905494266872665e+03
6.943784820504740310e+03
6.946829353255232490e+03
6.963387228934527229e+03
6.962505248349062640e+03
6.970760884070133216e+03
6.968020336697712082e+03
