8.452430882356112534e+02
8.539953547228654998e+02
8.512053453473399713e+02
8.431940423934462387e+02
8.525612019148219360e+02
8.483031319383926530e+02
8.515705679769951075e+02
8.387557648381442732e+02
8.376634520548082037e+02
8.510644393009356463e+02
8.321844661123986953e+02
8.399004470519843153e+02
8.428670162620159090e+02
8.383971392434984864e+02
8.525529633772068792e+02
8.431420912543899249e+02
8.382225610457464882e+02
8.494954602410663256e+02
8.577650869613728446e+02
8.641959700645007842e+02
8.384018433348746839e+02
8.419109134868618867e+02
8.445601684098892292e+02
8.428151301640727979e+02
8.390799714929361244e+02
8.438900880873619599e+02
8.456395670134596685e+02
8.311406642421544575e+02
8.387462864423108613e+02
8.333774976594187365e+02
8.487181080739815116e+02
8.470695701488548366e+02
8.416301817255156266e+02
8.523904353290226936e+02
8.435890852654063110e+02
8.222811036218867002e+02
8.370602784434481691e+02
8.534228660961587138e+02
8.405966443581091880e+02
8.466082635582395142e+02
8.313112376814494837e+02
8.288658950367386069e+02
8.446377097163313010e+02
8.407421280031818469e+02
8.348903434104973940e+02
8.397603404081196459e+02
8.462529303781027465e+02
8.365675975121499732e+02
8.481484349229415329e+02
8.539354384043558639e+02
8.288867860045918405e+02
8.336672397324763324e+02
8.481085794264292872e+02
8.563992382827339043e+02
8.371796586130070637e+02
8.417956701934400598e+02
8.435441179698549377e+02
8.482032981510536729e+02
8.560749312045485340e+02
8.476964608510734251e+02
8.316618812819100413e+02
8.506299432807314815e+02
8.519339736302815709e+02
8.496176507955040051e+02
8.320248577238347707e+02
8.484675510771198788e+02
8.356488833198783368e+02
8.452188535480362361e+02
8.442875447951973911e+02
8.376760924978001412e+02
8.560747726311763017e+02
8.543863000716053193e+02
8.492862544313551325e+02
8.527525232765360670e+02
8.609823085136195004e+02
8.546444960274578762e+02
8.486976046620621901e+02
8.522234262238408746e+02
8.308057827843217638e+02
8.420716546907889324e+02
8.576466347080094010e+02
8.581142594677022544e+02
8.521275224156692047e+02
8.310888299461764746e+02
8.596055674403179410e+02
8.560327229596209690e+02
8.564080893135852648e+02
8.474080115064721213e+02
8.391699759527072047e+02
8.530480974915401475e+02
8.500536018950524522e+02
8.505787951443070369e+02
8.508493069676596861e+02
8.371619117313974812e+02
8.520104447529155323e+02
8.700671143927614821e+02
8.635489800852559483e+02
8.691637268455666572e+02
8.617783287579356966e+02
8.435103502377264704e+02
8.397839597156973923e+02
8.322365033749672421e+02
8.583353882011339238e+02
8.525427726448367594e+02
8.534385752074791753e+02
8.500226180556602458e+02
8.526988299784283072e+02
8.200945411821770676e+02
8.365284554931716912e+02
8.473363145804962642e+02
8.599272713199163718e+02
8.658000263347973942e+02
8.578832276243805381e+02
8.510148447768856386e+02
8.619514928980267996e+02
8.583269077569552792e+02
8.477968162101044527e+02
8.473086588782537092e+02
8.576536753907433877e+02
8.566406028945435764e+02
8.532907789854850762e+02
8.528724380000603560e+02
8.361448613179801441e+02
8.529348376972662891e+02
8.535171285988936916e+02
8.577988522884403437e+02
8.497205946332742315e+02
8.586781292071306098e+02
8.648009214197132906e+02
8.628918631221337137e+02
8.356314110893112002e+02
8.620121731534363789e+02
8.782115508384193845e+02
8.434263826390604208e+02
8.562537720983665395e+02
8.609319798491102347e+02
8.620155448631926447e+02
8.529875791164463408e+02
8.495336344079094033e+02
8.444183412534097215e+02
8.600859933737614256e+02
8.514670498082687118e+02
8.478818318580453024e+02
8.701879849450293705e+02
8.594601633689203481e+02
8.646384570731111125e+02
8.561825218631749976e+02
8.463232503057678286e+02
8.498711245812522748e+02
8.675996929601259353e+02
8.451605925528969010e+02
8.671792025437471239e+02
8.624976400281993847e+02
8.528770551892821459e+02
8.492114529407288046e+02
8.582787767987200596e+02
8.684247724155272863e+02
8.554193433893302654e+02
8.547798089404177517e+02
8.649499115440669357e+02
8.541303612070224744e+02
8.556343463855940854e+02
8.510631887704108749e+02
8.591537218259363726e+02
8.724634504791412155e+02
8.711719994576822046e+02
8.652333448510275957e+02
8.467319718986208272e+02
8.457407031838941975e+02
8.768899673283901848e+02
8.660173975933305428e+02
8.516048588186509960e+02
8.682172488196126778e+02
8.652608488446282990e+02
8.701960681160902595e+02
8.614791721398403297e+02
8.573657309539748894e+02
8.720768261947164319e+02
8.781042151209842359e+02
8.686392878642980122e+02
8.545717439930779165e+02
8.641513682823150475e+02
8.609873397857305690e+02
8.592612677821629177e+02
8.676208877934183192e+02
8.669801070503967821e+02
8.691396926135893182e+02
8.732749659451211528e+02
8.553674215068826925e+02
8.613120668628555450e+02
8.663878625080405982e+02
8.541646415636960228e+02
8.576367122095658715e+02
8.786708315106312739e+02
8.760017616258226099e+02
8.791773971686506002e+02
8.650620502707519108e+02
8.589622247599103275e+02
8.688057722446791331e+02
8.663090688004589310e+02
8.493274377729376283e+02
8.649886506708538718e+02
8.692400730148100365e+02
8.559666952421614496e+02
8.633003751637731966e+02
8.610465402773974120e+02
8.521685982044090224e+02
8.802955367813144676e+02
8.559182661124302740e+02
8.616230934919234414e+02
8.603278525230724654e+02
8.713841417261307924e+02
8.497006918650723719e+02
8.612759133788753161e+02
8.605192077876821486e+02
8.695234873984661590e+02
8.520817017392115531e+02
8.743536245055856853e+02
8.587872611872278412e+02
8.604301371033462829e+02
8.602846439872768087e+02
8.741669970057853334e+02
8.635234657113846879e+02
8.793283216073326685e+02
8.489177765881627238e+02
8.662029278148188496e+02
8.629959563021486701e+02
8.575535541381681242e+02
8.770856827962870739e+02
8.649292691908200368e+02
8.787828614356355956e+02
8.800647059107343466e+02
8.529717156773355100e+02
8.625162773800383320e+02
8.795677382717261708e+02
8.599214318410929536e+02
8.579888948071168215e+02
8.758559509624302564e+02
8.718731543111697420e+02
8.730099587414035796e+02
8.650957465171879903e+02
8.651649681869014330e+02
8.619069020965905565e+02
8.615886242955464240e+02
8.494761556034301293e+02
8.551544489824864286e+02
8.788818111369301960e+02
8.739318631278898692e+02
8.621901492641518416e+02
8.638716045607164915e+02
8.795671456317470529e+02
8.682272041444371098e+02
8.606083068081251213e+02
8.800614075463688550e+02
8.676874009810320558e+02
8.587956035322952175e+02
8.817286123862033946e+02
8.600488244780597142e+02
8.672047752722605765e+02
8.803510443873165059e+02
8.716219160997434301e+02
8.605383996217932463e+02
8.753114886443265732e+02
8.699268353940643692e+02
8.717815392164624200e+02
8.664500462020221221e+02
8.640298338130064622e+02
8.759011879788233728e+02
8.619340350614100998e+02
8.797110836177140527e+02
8.621064465803463008e+02
8.625833746711302865e+02
8.667074008759342405e+02
8.579398669284090602e+02
8.798337810542593616e+02
8.692398110484970175e+02
8.675568742553581387e+02
8.677864636665294711e+02
8.621245119908593324e+02
8.710004000605991905e+02
8.780749090973025659e+02
8.737904312233968085e+02
8.683572006668395034e+02
8.641777110245000131e+02
8.560781251063142463e+02
8.788598405579161863e+02
8.822432393121923724e+02
8.933437577479114680e+02
8.664465304044865661e+02
8.741021523894071379e+02
8.666342928161978989e+02
8.781471751087789244e+02
8.697406996896320379e+02
8.684791521938632286e+02
8.691987538847693031e+02
8.678903412534652944e+02
8.843400535609976032e+02
8.791793865585603953e+02
8.619865858004595793e+02
8.656163323271161971e+02
8.574752889979200745e+02
8.668785771516114664e+02
8.688963794721260001e+02
8.753592816642337766e+02
8.537237576383171245e+02
8.766949112037485747e+02
8.638958207865925942e+02
8.744989534441572232e+02
8.824782645187909793e+02
8.732517624933861953e+02
8.646271732617957468e+02
8.819674356239230519e+02
8.782438360243849047e+02
8.786650901622641641e+02
8.712213211044073660e+02
8.760526899486120556e+02
8.800648094267629631e+02
8.832370064117238826e+02
8.688742481714193673e+02
8.732413673737545423e+02
8.906502756309594133e+02
8.759180641763505264e+02
8.761879263619962330e+02
8.741210185291886319e+02
8.761682601907210710e+02
8.745063406196408096e+02
8.825943038904501918e+02
8.744946686585598172e+02
8.687504451691619352e+02
8.647808120159158989e+02
8.690772524725260837e+02
8.679842894577061543e+02
8.839670385873262148e+02
8.927002066878200139e+02
8.746061746344482799e+02
8.690145476001187035e+02
8.724856773160526018e+02
8.658335633692690863e+02
8.785457705343011412e+02
8.843539753941614663e+02
8.841362025130823667e+02
8.918741464958221741e+02
8.798093685512797038e+02
8.703812917261491293e+02
8.809903994991932450e+02
8.787925041126435417e+02
8.823270513988992434e+02
8.846087096254047992e+02
8.829685215065568400e+02
8.861243495765659191e+02
8.784143797491949499e+02
9.005004519402277765e+02
8.788236890411145623e+02
8.865767927787148892e+02
8.803759687184224276e+02
8.680063165106538463e+02
8.924249358955580647e+02
8.676786252128648584e+02
8.826338135836633683e+02
8.914243594660980534e+02
8.796311246994355315e+02
8.698276607369414251e+02
8.773310989370938842e+02
8.820547007638252808e+02
8.757494071431037810e+02
8.770189100072597057e+02
9.016616497283936269e+02
8.747489216235289859e+02
8.873280381909695507e+02
8.772538217373517000e+02
8.649696252459565358e+02
8.835788749932830797e+02
8.979448744847023818e+02
8.906156692692187562e+02
8.769740571601653301e+02
8.624980975979552795e+02
8.891895262253852934e+02
8.800665140301821339e+02
8.919201643148585390e+02
8.939132312407427889e+02
8.875912802659327099e+02
8.856412209851738453e+02
8.920542554955467267e+02
8.873150767230187057e+02
8.906749541395537335e+02
8.889874535312724220e+02
8.882514226311056973e+02
8.901519137174257139e+02
8.866189864017761693e+02
8.744429937265281296e+02
8.916878032857654262e+02
8.867573136949278023e+02
8.957466641913579224e+02
8.906786406962787623e+02
8.778270308412637633e+02
8.837279232638184112e+02
8.810757763210610847e+02
8.933895113151343139e+02
8.689567271454291131e+02
8.886712933192407036e+02
8.746475113830111923e+02
8.798986456400222096e+02
9.037298606085123538e+02
8.805496002440619350e+02
8.994332591476966172e+02
8.899280493321056156e+02
8.818480799975634454e+02
8.801335637893782859e+02
8.781421176942571947e+02
8.978215908613241254e+02
8.959456178954416146e+02
8.725470307900991429e+02
8.935297437625326893e+02
8.947623570283291201e+02
8.867668737780398942e+02
8.966360898673243582e+02
8.786717581503678502e+02
8.957089869710631547e+02
8.889029667659294773e+02
8.731069941591753150e+02
8.752322024341273163e+02
8.952848519281907329e+02
8.813310265662247502e+02
8.928081888955713339e+02
8.957964232433654388e+02
8.968428456504507267e+02
8.859408437512080354e+02
8.784370736716497277e+02
8.795732555788854370e+02
8.723740447783054606e+02
8.935184346027533593e+02
8.829352233738163704e+02
8.923353865451408637e+02
8.912045476644507289e+02
8.913389320017066666e+02
8.842516822208925760e+02
8.807056206170364021e+02
8.822230771397707940e+02
8.871677138084356784e+02
8.806184220257803190e+02
8.930770250117070646e+02
9.044413832232550021e+02
8.800632180964920508e+02
8.978601451964811986e+02
8.886678147442928548e+02
8.963062488440838251e+02
8.844501166889891692e+02
8.956801696637535315e+02
8.816094071895250863e+02
8.974321103263548594e+02
8.884648256249262204e+02
8.846636058638470104e+02
8.942967427136394463e+02
9.036517532772198820e+02
8.809786220950423967e+02
8.948687885151439332e+02
9.196984923041623006e+02
8.767751028467585002e+02
8.960221527538242299e+02
8.888056399104902994e+02
8.981372409301671951e+02
9.000117943012038495e+02
8.943611642607594376e+02
8.951139890245301558e+02
8.876193264154859435e+02
8.919703704256520496e+02
8.987876326625223555e+02
8.950890705666100757e+02
8.897862397377635943e+02
8.941842306450265596e+02
8.867384655489805709e+02
8.960356138520230616e+02
8.893776532122142271e+02
9.085721772864226295e+02
8.900212418807795984e+02
8.889627218908041186e+02
8.872541089843560940e+02
8.987524150594596222e+02
8.766588372695274529e+02
9.003151761079693642e+02
8.866371175214403593e+02
8.951013848978245733e+02
8.859292866375524227e+02
8.845677266450254592e+02
8.896620524333585536e+02
8.887543906401845106e+02
9.007205027273950009e+02
9.119288847311424888e+02
8.759034359834159886e+02
9.018984033604718888e+02
8.937840031856801488e+02
9.026560857509228981e+02
8.917876654834311694e+02
8.868667066525928249e+02
8.962595958718717384e+02
8.970409568162275491e+02
8.996951321765453713e+02
8.961388110306255612e+02
9.077107135825775686e+02
8.754638552460811525e+02
9.132834166404734333e+02
8.975767828723668345e+02
8.981890531729569602e+02
9.057316231359180847e+02
8.854666624649981941e+02
8.954860706411861884e+02
9.003680127607352688e+02
9.040098013751676262e+02
8.936299566436197210e+02
8.955949298368412883e+02
8.909717059800757397e+02
8.982905550696202681e+02
9.033404704144876405e+02
8.905982600955238695e+02
8.921815472819502020e+02
8.987802966120135579e+02
8.967687293939010260e+02
8.961611007051467368e+02
8.925284412458522638e+02
8.925954454213314193e+02
9.019717410466980709e+02
9.071051465754441097e+02
8.843162216969144538e+02
9.008624519605650676e+02
8.976181438679514031e+02
9.013952385780542045e+02
9.026332354152228845e+02
8.919966724034824210e+02
9.026103515779485633e+02
8.874013471713743684e+02
8.850367938762367430e+02
8.967053023632021223e+02
9.032287410540951669e+02
9.026850460120216439e+02
9.132919630629158974e+02
9.141993522493854698e+02
9.022610108104972824e+02
9.064438663567246977e+02
9.120678291407791676e+02
9.121454301395274342e+02
8.917173513416197466e+02
8.972496120296497111e+02
9.057197023116964374e+02
8.972603664715538798e+02
8.994803352395033471e+02
9.100361791866058638e+02
9.014205820097953392e+02
9.139992907933201423e+02
9.090222470474650436e+02
8.897664421316591188e+02
9.069357244681285692e+02
8.945317926831296518e+02
8.967414951509766752e+02
9.050982998311512802e+02
8.980497276204638410e+02
9.079731852963278698e+02
9.029647146561088675e+02
8.848603640520296949e+02
9.108470601078475966e+02
9.056081533280071199e+02
9.038953481719374849e+02
9.033240766778247917e+02
9.055288821212367338e+02
9.116831715010554262e+02
9.020133368676979444e+02
8.992135086513072793e+02
9.143478754763077632e+02
9.091167140198650714e+02
9.132830217443204219e+02
9.031734848614312341e+02
8.966332749366904409e+02
8.958168411559062179e+02
9.108394232807769413e+02
8.957084795604120018e+02
9.198111390871019921e+02
9.123158360497502599e+02
8.998857295150878599e+02
9.129540119119384372e+02
9.121987033521468220e+02
9.051737221752392770e+02
8.931541986530281747e+02
9.036107778225305083e+02
9.098163391838281768e+02
8.932191560855192165e+02
9.153346536917360936e+02
8.947547490935419319e+02
9.078650048818626601e+02
9.089251855868101302e+02
9.146832519306980203e+02
9.111663045148312676e+02
8.981523472438419731e+02
9.117494867134140577e+02
9.112578069419031408e+02
8.955135077457991883e+02
9.093305384323122098e+02
9.155233878703108985e+02
9.036520658004142206e+02
9.047915752959819429e+02
9.140576743578171772e+02
9.085353929911611885e+02
9.018098268251146692e+02
9.007252222547765541e+02
9.046381232138749056e+02
9.126618991696669809e+02
9.052187398705776786e+02
9.123739307475751730e+02
9.100927019803089024e+02
8.987261082812934774e+02
9.146387350521447388e+02
9.070851758146197881e+02
9.074759436553991918e+02
9.114838516419551979e+02
9.074185003959591995e+02
9.236619436386694133e+02
9.302586828147515234e+02
9.153595924989177774e+02
9.066235077187607203e+02
8.992738955207266827e+02
9.177059392101378990e+02
8.851689898701707762e+02
9.215398491468342854e+02
9.128445901862728533e+02
9.071611590180309577e+02
9.096073970249303784e+02
9.081633376796575021e+02
9.176509264209239518e+02
8.977671365167049089e+02
9.079129727547129960e+02
9.064032217444970456e+02
9.177366194735195677e+02
9.063842443099111961e+02
9.123042890929017403e+02
9.091411607480727071e+02
9.206509944111332970e+02
9.098289077396117364e+02
9.224960138751002887e+02
9.090282403553437689e+02
9.114308269019676345e+02
9.031167615462917411e+02
9.085584524042199064e+02
9.207953417255516797e+02
9.163277548528311627e+02
9.187277906642118523e+02
9.188870871681906465e+02
9.202652436242059366e+02
9.123389585100366048e+02
9.083978084693172832e+02
9.137984406858518014e+02
8.944962389759775760e+02
9.067828253378859245e+02
9.095767557261199272e+02
9.236121023796247300e+02
9.199486179133313044e+02
9.043246269505124246e+02
9.272277027043128328e+02
9.161473177633293972e+02
9.079637601194939407e+02
9.140986278452471652e+02
9.170592838932564064e+02
9.000805495315705684e+02
9.329946654843633951e+02
9.141822890644245945e+02
9.120477936051203187e+02
9.198799707855918086e+02
9.180510333221063775e+02
9.195404439536938526e+02
9.243082085477989267e+02
9.089455014797416652e+02
9.052016069481380782e+02
9.156226141740461344e+02
9.151559611873426547e+02
9.185556060697462044e+02
9.086068932034886529e+02
9.064968144951126305e+02
9.049472465460497688e+02
9.150514448596901502e+02
8.980652606092894530e+02
9.228450068686654504e+02
9.209786876692878650e+02
9.236099331818952578e+02
9.160655027540102537e+02
9.170189327595680879e+02
9.123464752984427832e+02
9.295848799334009982e+02
9.343073190013199110e+02
9.249134086737072948e+02
9.199824657244463424e+02
9.112976255456417221e+02
9.164802732670474370e+02
9.079157762466601298e+02
9.104127951203661269e+02
9.081944603996067826e+02
9.126215751741933673e+02
9.188488816581398169e+02
9.047488519408102547e+02
9.192992593390880529e+02
9.264649978361643434e+02
9.287001090555985456e+02
9.323021853364410845e+02
9.205235902966621779e+02
9.214802582391838541e+02
9.357824435142509856e+02
9.276535656195452475e+02
9.186284730251339852e+02
9.123310514876653770e+02
9.257294663730813227e+02
9.096693183506804417e+02
9.187583639183867490e+02
9.036838625167878263e+02
9.130671595200586808e+02
9.320597097339136781e+02
9.145900761496211544e+02
9.370376236973444293e+02
9.219282548640989035e+02
9.252569934293894676e+02
9.253079409644215048e+02
9.220753505937674390e+02
9.313818878828071774e+02
9.144067369198602364e+02
9.351235694624849657e+02
9.141002818307988491e+02
9.216602171083582107e+02
9.150452993988589014e+02
9.179835918202920766e+02
9.344068610877322953e+02
9.248514712743016162e+02
9.101390383197389156e+02
9.280567508611377434e+02
9.465265537981545094e+02
9.203541864111291488e+02
9.267263862160356211e+02
9.335080335065475765e+02
9.268592589606380443e+02
9.269576325690781005e+02
9.122742241699659189e+02
9.369871812073281490e+02
9.360870594771396327e+02
9.286415765058460465e+02
9.266965470093228987e+02
9.241292410898292928e+02
9.130876313175659789e+02
9.368865815571753046e+02
9.195056731179975031e+02
9.302805817936399535e+02
9.253951998327900128e+02
9.173311347347910214e+02
9.237439465726412209e+02
9.159412957859002518e+02
9.244943316179444537e+02
9.165619015809961638e+02
9.152602895465134907e+02
9.360903749572105426e+02
9.297481998715122700e+02
9.289363420084143854e+02
9.164657993638541029e+02
9.303905715717820613e+02
9.288554284081494643e+02
9.210217883144933921e+02
9.170631983023261000e+02
9.303902104612998301e+02
9.314067482455712934e+02
9.453146824026379136e+02
9.262637609728407142e+02
9.313499802117603394e+02
9.306952968069332428e+02
9.338069547111920201e+02
9.249342461862776190e+02
9.305091730350512762e+02
9.312772951524107157e+02
9.298815976244405874e+02
9.303136435898737773e+02
9.240275816545965881e+02
9.330893107876032673e+02
9.362008699817932893e+02
9.209516194940551941e+02
9.236744325398108231e+02
9.288400434028817472e+02
9.266591176706743909e+02
9.322916544075472984e+02
9.226130206059149259e+02
9.152252694618065334e+02
9.414903542673708898e+02
9.187377761786452766e+02
9.202485563571874536e+02
9.269709071660774953e+02
9.339924337297111379e+02
9.332089082154549260e+02
9.387077194090006742e+02
9.321175360094624693e+02
9.346340043264588076e+02
9.390960186325029326e+02
9.230393910436981741e+02
9.321048912550357954e+02
9.351216413864187871e+02
9.268891608162437024e+02
9.264503033867321165e+02
9.327680099634407043e+02
9.289283131689285256e+02
9.438208189717747700e+02
9.286941535546260411e+02
9.238030719900522172e+02
9.350108269139087724e+02
9.208373444091681677e+02
9.409051614751450643e+02
9.351758148394037562e+02
9.271945951237329382e+02
9.386948288466284112e+02
9.293813670903135744e+02
9.260102424109885533e+02
9.491631055813352305e+02
9.343484811250018538e+02
9.226253705437879944e+02
9.267635318184985636e+02
9.245107799873321710e+02
9.339535672165200140e+02
9.260984442505542802e+02
9.303364620009160717e+02
9.227176365557128292e+02
9.281097720332339804e+02
9.363048480683680737e+02
9.370600076768150757e+02
9.282603147048714618e+02
9.187765594286834130e+02
9.198792932987398672e+02
9.294620297982343118e+02
9.373718615790498916e+02
9.384586084158856920e+02
9.295076306676809281e+02
9.343880423424195669e+02
9.331957291316265355e+02
9.412673611218306178e+02
9.421225717223941274e+02
9.325536032409499967e+02
9.374447857633509784e+02
9.176472078774762622e+02
9.388779504495932997e+02
9.214470875732569084e+02
9.417990170703848207e+02
9.497096245555345604e+02
9.422291967602030809e+02
9.358257130008513514e+02
9.444432740717543311e+02
9.319081311147488123e+02
9.441571465837209871e+02
9.302389752427349094e+02
9.309016199239005118e+02
9.446516516267059842e+02
9.290408251693244210e+02
9.429861263194687808e+02
9.312685522883670046e+02
9.360421916492407490e+02
9.373308727893515879e+02
9.461476629890513550e+02
9.290724093024580270e+02
9.443476520266200396e+02
9.346306793652714759e+02
9.352643081634965938e+02
9.332619792831789027e+02
9.525071535996019065e+02
9.317925853157847769e+02
9.311425530204643337e+02
9.429331619077931919e+02
9.402086281137233073e+02
9.432131702844231995e+02
9.309343569075458618e+02
9.498446135990016046e+02
9.459244541626492264e+02
9.259487403016684084e+02
9.462479174464111793e+02
9.418139711445691091e+02
9.545497570108291256e+02
9.298991202796390780e+02
9.405837983503353144e+02
9.521983095091287623e+02
9.414647510736222102e+02
9.494076671290775948e+02
9.350148172777599029e+02
9.357802620496084955e+02
9.333282363810593552e+02
9.473332286932154602e+02
9.258734647260044994e+02
9.430843726617418952e+02
9.369894582082354191e+02
9.269459460493031884e+02
9.266766098011962640e+02
9.410143419402778591e+02
9.257908313233314175e+02
9.364147283617434141e+02
9.485869807361189032e+02
9.425685277004395175e+02
9.300689102419534038e+02
9.437950004063281995e+02
9.280363622518528928e+02
9.340951016116420078e+02
9.474462432314693388e+02
9.535475870653336870e+02
9.416608963881110412e+02
9.529245167349881740e+02
9.482309638634594648e+02
9.307060993485359859e+02
9.473681714599476891e+02
9.384428969765658621e+02
9.537455880561316235e+02
9.319648453732640974e+02
9.449821885692304022e+02
9.456532992897713257e+02
9.516349266581397615e+02
9.308467713457115451e+02
9.300391033312479294e+02
9.406691768562201332e+02
9.349271388831011791e+02
9.319739384651123828e+02
9.322440638407080087e+02
9.462278060506606607e+02
9.426012114558551502e+02
9.461601180002016918e+02
9.486967976231056809e+02
9.441224910017019738e+02
9.343281887013228015e+02
9.252418102278097649e+02
9.501584161063595957e+02
9.545307301775918631e+02
9.393158367492364960e+02
9.487421155636561707e+02
9.353998930001981762e+02
9.638441872702180717e+02
9.724257608389493726e+02
9.514380600530816992e+02
9.551141489242993430e+02
9.382631899281100232e+02
9.631370800348624925e+02
9.441899919166769450e+02
9.359496570067411767e+02
9.543029431553156883e+02
9.414389707328288068e+02
9.454064266788500390e+02
9.343649776801045164e+02
9.480031879265719681e+02
9.464714034148729525e+02
9.596997830594571042e+02
9.470946348315294472e+02
9.528820968001272149e+02
9.494369048247976934e+02
9.460916114917446293e+02
9.531394701236969240e+02
9.478559327534127306e+02
9.423126866392120746e+02
9.537854314273396312e+02
9.486891378479501782e+02
9.527665317104344922e+02
9.558808708205157245e+02
9.419894943782877590e+02
9.464099905068092085e+02
9.671323722196764265e+02
9.417798406220096012e+02
9.593928625642142833e+02
9.412147727045958163e+02
9.578558881585503286e+02
9.668395305804383497e+02
9.555699710841118986e+02
9.522036638547915572e+02
9.457640664675172957e+02
9.654046045449709936e+02
9.478048234241738328e+02
9.293161708734136255e+02
9.461249302666213907e+02
9.425554819567746563e+02
9.519201389943922322e+02
9.286135861824710673e+02
9.507013622283035374e+02
9.454223467238102785e+02
9.405911121464694133e+02
9.530196882844281845e+02
9.581318210857190252e+02
9.548254345223558630e+02
9.508097224940554497e+02
9.512891157196628455e+02
9.502064923261638114e+02
9.386424513709779376e+02
9.478389706662384242e+02
9.378230188290634715e+02
9.358969683767854804e+02
9.412515926354523117e+02
9.358683061910945753e+02
9.364204362381692590e+02
9.576957615947741260e+02
9.392859744661111563e+02
9.425895489375842544e+02
9.550815103555753467e+02
9.606652887228866575e+02
9.614200554737086577e+02
9.551674560933984139e+02
9.575120992895028849e+02
9.576218910114261007e+02
9.507125255332941833e+02
9.465698131037221401e+02
9.581357898830000295e+02
9.555939820625819721e+02
9.646775610273513166e+02
9.566656669295635993e+02
9.681746931739937736e+02
9.484363028457298697e+02
9.482534078073936143e+02
9.627481540827063782e+02
9.511529211538711479e+02
9.653224279049284178e+02
9.626232719194832725e+02
9.423159407743518159e+02
9.516664380637561180e+02
9.673904400220695834e+02
9.781772106761212626e+02
9.466454360734945794e+02
9.670138555188709688e+02
9.576044317892057052e+02
9.531904154607178725e+02
9.508616708197243952e+02
9.587931781923551853e+02
9.555275247205017877e+02
9.529807471247404465e+02
9.648226721566874176e+02
9.666501460756767301e+02
9.636892456228530364e+02
9.692935526240862600e+02
9.718512035251044381e+02
9.636005225784451795e+02
9.577138901365058246e+02
9.565704495004804357e+02
9.525913235095197251e+02
9.491953322001650122e+02
9.624818495865474688e+02
9.654455439841711950e+02
9.664425606066963610e+02
9.495147139077029124e+02
9.681843144823408238e+02
9.414611760832585787e+02
9.681565012188115134e+02
9.647178609327445429e+02
9.598325364045554124e+02
9.594972655318854322e+02
9.528408976413090841e+02
9.523958877924045510e+02
9.573875426006306952e+02
9.675443028474318226e+02
9.674473282438750630e+02
9.487452125779000198e+02
9.628015799143913682e+02
9.672293781441070450e+02
9.553124464257457475e+02
9.684249116788505489e+02
9.587376183696700309e+02
9.482241561095834186e+02
9.635635845898468688e+02
9.568477128443520314e+02
9.660365864484433587e+02
9.510255338774198890e+02
9.687604373252999039e+02
9.696300599326615384e+02
9.623465233469655686e+02
9.676188162749859885e+02
9.668868144806964438e+02
9.611525922996087274e+02
9.699840677861305949e+02
9.525593332614242854e+02
9.728020646424812412e+02
9.510664677432018834e+02
9.620418135344885968e+02
9.577753994220544200e+02
9.569701050164535445e+02
9.606483162123029160e+02
9.620934094748914731e+02
9.606442564578877636e+02
9.580206038325195550e+02
9.618454366582477633e+02
9.523680825854718250e+02
9.742342556208227506e+02
9.556149585276439211e+02
9.658187305107356906e+02
9.690155154348897213e+02
9.774729071905624096e+02
9.791000271151399375e+02
9.632614706251182497e+02
9.596379346306636080e+02
9.627746374836355017e+02
9.418489937138385812e+02
9.513197940476376289e+02
9.615498077492841276e+02
9.662737126793246034e+02
9.613938291105155258e+02
9.510538893315873565e+02
9.743557190974252080e+02
9.809589353266168246e+02
9.744748879448245589e+02
9.627022079700515178e+02
9.617382644130420886e+02
9.595920161977646785e+02
9.629356300139716041e+02
9.708572485365834837e+02
9.771560217684634608e+02
9.643215617759346969e+02
9.695705960934764107e+02
9.683118104764018881e+02
9.595751473672719385e+02
9.651550103870533803e+02
9.698309251535830526e+02
9.620708787812984610e+02
9.565048857010903021e+02
9.912841491460981160e+02
9.497876948198996843e+02
9.558313582401908661e+02
9.824831654167418264e+02
9.695998354049487489e+02
9.707026061974612503e+02
9.663384352775265143e+02
9.652639707461438547e+02
9.614223771913373184e+02
9.644741058044926376e+02
9.713049034776497592e+02
9.552247286496899505e+02
9.733237878352292682e+02
9.647409025421226261e+02
9.631307175071921165e+02
9.674088521478250868e+02
9.721307220938170985e+02
9.601780997134299014e+02
9.747509336087853171e+02
9.716694728478856860e+02
9.549102291146081143e+02
9.705890866669444677e+02
9.749504895756413134e+02
9.715936270115755633e+02
9.598845440398441724e+02
9.720516508815304633e+02
9.774594725889307938e+02
9.709483953199621737e+02
9.694762989624964575e+02
9.866641520697446595e+02
9.644438729639059602e+02
9.606258954777448480e+02
9.686660915345208878e+02
9.913672518714732860e+02
9.663692362888284606e+02
9.763466625171428177e+02
9.669218714083622217e+02
9.547961387225609542e+02
9.554091620373154683e+02
9.654547416916094562e+02
9.682688844808131989e+02
9.750630651755897134e+02
9.665379481733959892e+02
9.763013095275184696e+02
9.647074065961330689e+02
9.669868853239115651e+02
9.759178152692774120e+02
9.662911463686152729e+02
9.862982669272956855e+02
9.667294294244705952e+02
9.617968896787975837e+02
9.804852176431742237e+02
9.664683793003957817e+02
9.762818583657335694e+02
9.759187429028378347e+02
9.701656088641484530e+02
9.696537944828462514e+02
9.771808712371661159e+02
9.805184087408645155e+02
9.767144897333636209e+02
9.772067088397030830e+02
9.699900718141611833e+02
9.650725102775121513e+02
9.806946949382863750e+02
9.624939526733107868e+02
9.724869587124571808e+02
9.779246770056306559e+02
9.735799637377313047e+02
9.778907509230854203e+02
9.718350479731460609e+02
9.571948996753777692e+02
9.755671432725815748e+02
9.789649928524245297e+02
9.721738475448205463e+02
9.616211490501729031e+02
9.763820008841676099e+02
9.770934985967139710e+02
9.710002270318693718e+02
9.674050350439870272e+02
9.718794077460029257e+02
9.772016829404014970e+02
9.695685456898572738e+02
9.622031097125046699e+02
9.680063422530845401e+02
9.804676392935224385e+02
9.867595006933747754e+02
9.938266072789560894e+02
9.724247341726714922e+02
9.720668102023107622e+02
9.751308023883709666e+02
9.681651930174418794e+02
9.791667193474205533e+02
9.797508667110128044e+02
9.687025700275314648e+02
9.591617522206779540e+02
9.779392378791917508e+02
9.725140322365366501e+02
9.849463093799965918e+02
9.722460473776174013e+02
9.735350942757715984e+02
9.713439850939380449e+02
9.816446214092449054e+02
9.833994767993953019e+02
9.776938296534909796e+02
9.857223329463467962e+02
9.717032742958715517e+02
9.866418442368384376e+02
9.752288340554348451e+02
1.002042259392248297e+03
9.785561027637371581e+02
9.644155258905908568e+02
9.882052319340522217e+02
9.873891882249254195e+02
9.711256285231419270e+02
9.770581808843919589e+02
9.796045060192984693e+02
9.965409744558630791e+02
9.857045412812705081e+02
9.899856482388432823e+02
9.944434408815600364e+02
9.761677215266967096e+02
9.768585346931449749e+02
9.839547006654796633e+02
9.743703590207403522e+02
9.766037296243792980e+02
9.832438285426937910e+02
9.893717350018675916e+02
9.780449447586737506e+02
9.935249876964153373e+02
9.696950994624920668e+02
9.789876002307202043e+02
9.772345830520039272e+02
9.767956911138913938e+02
9.797187702781552616e+02
9.848589216672939983e+02
9.736936669094096715e+02
9.810588787375154425e+02
9.827736345631589074e+02
9.892035136369922839e+02
9.787921676676623974e+02
9.873648002688751149e+02
9.820549589682691476e+02
9.702016189039029541e+02
9.533127727550509007e+02
9.848112930760837571e+02
9.859559799874714372e+02
9.750942454063026616e+02
9.695273090841824342e+02
9.684175012523596706e+02
9.988439385794414420e+02
9.867863702142046805e+02
9.639220438767250698e+02
9.746970222942205737e+02
9.759601548127836850e+02
9.889416043425757152e+02
9.870353634435950880e+02
1.004437116597968725e+03
9.983840065721174142e+02
9.951232031848865063e+02
9.878616269881957805e+02
9.805409085472588231e+02
9.719783862108429275e+02
9.757700842199177487e+02
9.893401238281222732e+02
9.891107257432114466e+02
9.713041655981289750e+02
9.647644927323328830e+02
9.929986320051135635e+02
9.800105278307886465e+02
9.934564377947616549e+02
9.901712671611337555e+02
9.810845861421862537e+02
9.869270447047078960e+02
9.947947931873491143e+02
9.962831673768833980e+02
9.951647107351273007e+02
9.974217542520896131e+02
9.837635574831332406e+02
9.819719959222730949e+02
1.000175282413004425e+03
9.747206730485104345e+02
9.873837235868718381e+02
9.725000471467961916e+02
9.912349846787068373e+02
9.705428989641367252e+02
9.764739882196979579e+02
9.836652853442350306e+02
9.854760535281919829e+02
9.923479593976699107e+02
9.964147155779633067e+02
9.830062786324228910e+02
9.941091975239513658e+02
9.863365501051359843e+02
9.911782117270678327e+02
9.993537233572865262e+02
9.757647825196432905e+02
9.904308650970918961e+02
9.913660498072568998e+02
9.806406567987077096e+02
9.963916132192259738e+02
9.948815911163908368e+02
9.900094072959539062e+02
9.969394597906066338e+02
9.935857710805997840e+02
9.805208358995269009e+02
1.008343547193486643e+03
9.868551791839558973e+02
1.001722418482039757e+03
9.857745721156933314e+02
9.884990820077803164e+02
9.848176317141035270e+02
9.858500735332295335e+02
9.886384146318282546e+02
9.984733340948822615e+02
9.888951177411563549e+02
9.974027094571487169e+02
1.005015331161073618e+03
9.881493024896018369e+02
9.828423620486952359e+02
9.913844100076772747e+02
9.958166499867179482e+02
9.891407311437091039e+02
1.014981911563720132e+03
9.753764255280855195e+02
9.918849716883227075e+02
9.840069118481762871e+02
9.969675437767207313e+02
9.997626934886263825e+02
9.927997910387782667e+02
9.884962693474240041e+02
9.938332311668398233e+02
9.888628031774437659e+02
9.830893885167866983e+02
9.880643743050450212e+02
9.978201616396299869e+02
9.806609562507823057e+02
9.915409255130222164e+02
9.913306322383734823e+02
9.849970809203731505e+02
9.886810954196647572e+02
9.832099857285051030e+02
9.932761989587575044e+02
1.003346739719032485e+03
1.000148750897546392e+03
9.868119088957771510e+02
9.989472397109823305e+02
9.981987257285435362e+02
9.763620432259735935e+02
9.910970524682307996e+02
9.944977954266798861e+02
9.907138701356523143e+02
9.785232708236275130e+02
9.949775177026400570e+02
9.911909213000334375e+02
9.848747040214541357e+02
9.928196861448437858e+02
9.944766035992585103e+02
9.938066693033467800e+02
1.000468509668913384e+03
9.876013189909515404e+02
9.922643687913467829e+02
9.971218959986609889e+02
9.845708591728343890e+02
1.000064517056877662e+03
9.850456166943810103e+02
1.000639928946500049e+03
9.916217741415932778e+02
9.988589213130646840e+02
1.004980148389184706e+03
9.970521057982033426e+02
9.908477912619588324e+02
9.892739164203115934e+02
9.962289575747550998e+02
1.012476932603709429e+03
9.818203884462493534e+02
9.985907704550730841e+02
9.777843528781513669e+02
1.000462533597014385e+03
9.984204061380823987e+02
9.972457360970560103e+02
9.956725642341905314e+02
9.817687080595750331e+02
9.844948890792979910e+02
9.971935647467822719e+02
1.000884356241567616e+03
1.002972199447906178e+03
1.009447757754311169e+03
9.870036237982767489e+02
1.002974424130262037e+03
1.003491550322031799e+03
1.014237226651782976e+03
1.008864161404869492e+03
1.005252796166250278e+03
9.989309040670746072e+02
1.012546511185637200e+03
1.001831368093667606e+03
9.884978550639792729e+02
1.008270354700600592e+03
9.910433497542851455e+02
9.893871088127143594e+02
1.000037539741398632e+03
1.003561089819037647e+03
1.011992699990611072e+03
9.926930692733936894e+02
9.875382937034740962e+02
1.008734917898009371e+03
9.929308704034547191e+02
9.849495047487047259e+02
9.982241625641827341e+02
9.852270119242091369e+02
9.976107328868513378e+02
1.005520795744510679e+03
9.982762687896005218e+02
1.010197224248214980e+03
9.849673631024159022e+02
1.002418102509634423e+03
1.013103121782171684e+03
9.941186657775388085e+02
9.931524846189367963e+02
1.002508139152181798e+03
9.921108239104578388e+02
9.895798278185169465e+02
9.920839151067031025e+02
9.946736025965183217e+02
1.012745569708351240e+03
1.010156493379823360e+03
9.992575700071539586e+02
9.978964343734146496e+02
1.002866374408342267e+03
1.004408354276917294e+03
9.924146631282942508e+02
9.948806820808930524e+02
1.000715186345921666e+03
1.023424628505736223e+03
1.000163389929758864e+03
1.002837064593299715e+03
1.000345799441533131e+03
1.000128894952530231e+03
9.925107116381587957e+02
9.940217000014229143e+02
1.009862471967928059e+03
1.001737755188881010e+03
1.012597993025353958e+03
9.948895972786154971e+02
1.006572468097895353e+03
1.014712180351912139e+03
9.931901721883264145e+02
1.000691499835781201e+03
1.005016471426465955e+03
1.017960060224299355e+03
9.996353516349403208e+02
1.004660293720522304e+03
9.993123669325491392e+02
1.001531188856219387e+03
9.976553346426175040e+02
9.865324212938592154e+02
1.002096604968018482e+03
1.015151944866275016e+03
9.910735225156595334e+02
9.910180183215869647e+02
9.997526043862665119e+02
1.022903636888690471e+03
9.875249198028150204e+02
1.015963252104938647e+03
1.011992248112875473e+03
1.006986561159084886e+03
1.021485244565558332e+03
1.003662992903298573e+03
1.013124588361619431e+03
1.009526746974163984e+03
1.001422405858293928e+03
9.960487759618824839e+02
1.013322479988073383e+03
1.000937047770289382e+03
1.007913518812463394e+03
9.889275670669901501e+02
1.008957096324727104e+03
1.006488660640688522e+03
1.000818957067002088e+03
1.016848588705313659e+03
1.015092666212977633e+03
1.010167171599028734e+03
1.009509414107742373e+03
1.017886540806969265e+03
1.005690296472100499e+03
1.019268770341688764e+03
1.003223389684966833e+03
9.966975985414637762e+02
1.013053932324326297e+03
1.014971354084992981e+03
1.000771557664836564e+03
1.021412935585481250e+03
9.960875882534569428e+02
1.005478665075933350e+03
1.014561078995859361e+03
9.978373959951147754e+02
9.988764566937994687e+02
1.017581810164574904e+03
1.020017374207803186e+03
1.007900853207700038e+03
1.002993136066487978e+03
1.015686818138896228e+03
9.988636158701604018e+02
1.012977930793163750e+03
1.013893322676079492e+03
1.012621464573489902e+03
1.005506035534052444e+03
1.012517741184339570e+03
1.001645010161665937e+03
1.018899389920101498e+03
1.015904457202677236e+03
1.008017163292704254e+03
1.006999575419550865e+03
1.017776595134854688e+03
9.992933567480857846e+02
9.992151238141022986e+02
1.010252092453282785e+03
1.032007191806294259e+03
1.016785953414485675e+03
9.985250906593789750e+02
1.009538941776623460e+03
1.006854280767439718e+03
9.983578957966292364e+02
1.025046864238495800e+03
1.014546621751938233e+03
1.009936971107446084e+03
1.018997964100765216e+03
1.019988673016871530e+03
1.009444717081125305e+03
1.008340654454377500e+03
1.020457183574033593e+03
1.009718072301749544e+03
1.013651092295919739e+03
1.017940675697526331e+03
1.011315655123457304e+03
1.014842972819150759e+03
1.021458560527645204e+03
1.014070616975069356e+03
1.005339886539898657e+03
1.011346607579377974e+03
1.000690317847635470e+03
1.017681426040362226e+03
1.000445220592734813e+03
1.020231454796224511e+03
1.010377845067767453e+03
1.017558833650739302e+03
1.012563481816230478e+03
1.008702047450748751e+03
1.014600116260622485e+03
1.021420050473590095e+03
1.007430830816382809e+03
1.012544244937513213e+03
1.007556315113780784e+03
1.023641656708272762e+03
1.010110922959669210e+03
1.011189863469610714e+03
1.022195186532434832e+03
1.025881102988226758e+03
1.009608477728393154e+03
1.019086791903914786e+03
9.989944031727324045e+02
1.022910980435972874e+03
1.004857668764530217e+03
1.017473101884206699e+03
1.021380495361847693e+03
1.016021466600408985e+03
1.003963271619569696e+03
1.008635422539296542e+03
1.018914725076765535e+03
1.012992970143173125e+03
1.018447890805912493e+03
1.006192527289023815e+03
9.969023677883777736e+02
1.031992287421377114e+03
1.024407191979650179e+03
1.020459066617754274e+03
1.019867702373790735e+03
1.021480169606831851e+03
1.019339482113998315e+03
1.024138836895973782e+03
1.031152229073116587e+03
1.012194337150682372e+03
1.010235521634754264e+03
1.022203457030035906e+03
1.018403541927144261e+03
1.026502534180222483e+03
1.026798308625643813e+03
1.017647560880068227e+03
1.028767279049413673e+03
1.015609620594894636e+03
1.026543346457894813e+03
1.014562793767374274e+03
1.021183275519319977e+03
1.018091497839845147e+03
1.009939416947767654e+03
1.031590135749513365e+03
1.016420186305541961e+03
1.002078430680490783e+03
1.021944413243751569e+03
1.004662875070361451e+03
1.010743387585079063e+03
1.023759428725067778e+03
1.014554871092786698e+03
1.001157548159755152e+03
1.010454868626832649e+03
1.016807348772950149e+03
1.014954644960852193e+03
1.012972372108038940e+03
1.017228887796617414e+03
1.028396870365731729e+03
1.026779027739554749e+03
1.017873792996137695e+03
1.011506414871032121e+03
1.016890165302801051e+03
1.007481102140918097e+03
1.015103130016690443e+03
1.022042089217887451e+03
1.020095959309911905e+03
1.011841388183414779e+03
1.013777853457974516e+03
1.021504244770064474e+03
1.030284858376641296e+03
1.022321634877190604e+03
1.027719357680853136e+03
1.010084454362698921e+03
1.029818463150190155e+03
1.033375020810871320e+03
1.022844553583328889e+03
1.006366635803506597e+03
1.012048673143520432e+03
1.023413348195525259e+03
1.027457576729852917e+03
1.022578877804180365e+03
1.026003275089256931e+03
1.029857970935833464e+03
1.014914341454138480e+03
1.022880828286334577e+03
1.020672385701474582e+03
1.018147110136517426e+03
1.022827493926228726e+03
1.018063470023544824e+03
1.013668529331772447e+03
1.028736153871299393e+03
1.014361359369014849e+03
1.017108769125392314e+03
1.014286411013133261e+03
1.017208984465127173e+03
1.023995176921544953e+03
1.020775323210448391e+03
1.013439236747776931e+03
1.023656782903945555e+03
1.012651573742761002e+03
1.019979559740925652e+03
1.017475556025773017e+03
1.017696661691317559e+03
1.010481150267531348e+03
1.036641236291642144e+03
1.034747266167933503e+03
1.016593324098800963e+03
1.028516397348455257e+03
1.026281666279229739e+03
1.025227278552390999e+03
1.035937891829513774e+03
1.038877000031627631e+03
1.012399050543780504e+03
1.037389169532918913e+03
1.022721907551194704e+03
1.031055954901910809e+03
1.038315113555391463e+03
1.026870149061107668e+03
1.019573921862139628e+03
1.019869137187598881e+03
1.015194702864670717e+03
1.043578844645008303e+03
1.021896907316376542e+03
1.035797237832265637e+03
1.012884282419380952e+03
1.017214545695863762e+03
1.036153889436582858e+03
1.029087243385304419e+03
1.016644196420379217e+03
1.034710770374865888e+03
1.036033295076322702e+03
1.025319233452295066e+03
1.021279813701355238e+03
1.032291800033504842e+03
1.024342104261654640e+03
1.017922138403677991e+03
1.009988010337707465e+03
1.026385331979778130e+03
1.029513048032376446e+03
1.026739703246239969e+03
1.032680318439261328e+03
1.036466275284641597e+03
1.025865862320923497e+03
1.013100893767032403e+03
1.029327525188384016e+03
1.020907283029512655e+03
1.024974306444220019e+03
1.025602546838422768e+03
1.030183255406591798e+03
1.033769844590585990e+03
1.047068695556933562e+03
1.023328670715447288e+03
1.019594756902665381e+03
1.020588159834304179e+03
1.023595608761836502e+03
1.016096112633871144e+03
1.036329806788714222e+03
1.022460814478571024e+03
1.021566398698246985e+03
1.034458794451418726e+03
1.038424116754253419e+03
1.031414842564782930e+03
1.031276149955486972e+03
1.021407924585001183e+03
1.041740617920713476e+03
1.020250870669467986e+03
1.025679422493207767e+03
1.036873766541478517e+03
1.012917949775480679e+03
1.030632076130061932e+03
1.025253883129774977e+03
1.029856151227385453e+03
1.022762437291244510e+03
1.013134759472273117e+03
1.043085800278114903e+03
1.023184472555248931e+03
1.021214589710370660e+03
1.027511649929330360e+03
1.028983785439588701e+03
1.028613734246684544e+03
1.027389023101963858e+03
1.030888884936694012e+03
1.033455646379987684e+03
1.033544840174616411e+03
1.023879172992317649e+03
1.033468797315063739e+03
1.030215190858288679e+03
1.028779642684411101e+03
1.031291231093102397e+03
1.029271263644671990e+03
1.033572085644093704e+03
1.033644344772120576e+03
1.037403678518964853e+03
1.023610086660028287e+03
1.019139038743210222e+03
1.024847340054200231e+03
1.037140434257888955e+03
1.026134023548271443e+03
1.013325101856975380e+03
1.047537118424089158e+03
1.032942683470571183e+03
1.049575000689342460e+03
1.024086059910698168e+03
1.028212669366839918e+03
1.022524968126436534e+03
1.031308460398635134e+03
1.029851495480223548e+03
1.018892850862810519e+03
1.034116331732656590e+03
1.033174579680503030e+03
1.033660234666149108e+03
1.039703630330179749e+03
1.046442953138052189e+03
1.021417497321039377e+03
1.040721912272559166e+03
1.034772826817947589e+03
1.035535511202068392e+03
1.032670852761303877e+03
1.033150453660501853e+03
1.034261705670210631e+03
1.023759368407742386e+03
1.030037565429437336e+03
1.034682351833118901e+03
1.041729598173688146e+03
1.024926410197068890e+03
1.039194313075514629e+03
1.035868462516333921e+03
1.050129967803184854e+03
1.039725010403577699e+03
1.038311671526712871e+03
1.030323865349397011e+03
1.044055745543437297e+03
1.032970040970634500e+03
1.023189776567387867e+03
1.026202752246900445e+03
1.056787796082921204e+03
1.025535660576896589e+03
1.035984416577052343e+03
1.027834399950746729e+03
1.030174433592130299e+03
1.025359730482665782e+03
1.029717289956448212e+03
1.046683739311943555e+03
1.031806528222116185e+03
1.045140353699629259e+03
1.046653287262337926e+03
1.038083505578213817e+03
1.022681137355388955e+03
1.036765213586651953e+03
1.039145061968054506e+03
1.042251820269460950e+03
1.037915704383279262e+03
1.024829599856502000e+03
1.028822922696206888e+03
1.035824551671330482e+03
1.029331050389339225e+03
1.032036677592626120e+03
1.035995454296854859e+03
1.017112595807190928e+03
1.040260724224564228e+03
1.035816938605223413e+03
1.034830454760543489e+03
1.034782726550135749e+03
1.042534475745636428e+03
1.051770824820235248e+03
1.033504405897570905e+03
1.038858921574458236e+03
1.026227656227698617e+03
1.039288082548840748e+03
1.037227830274448479e+03
1.041945393492403127e+03
1.049048488417158524e+03
1.044293365945137566e+03
1.050629004967434184e+03
1.032246820275908249e+03
1.037572992542300653e+03
1.039189213623383466e+03
1.030177405861501938e+03
1.038353464412271251e+03
1.039375117154219652e+03
1.021159792457320464e+03
1.041933408582147422e+03
1.029984393326533791e+03
1.040018774865262458e+03
1.020968484638106929e+03
1.036803209612847695e+03
1.024368498050052722e+03
1.023276615169442493e+03
1.033804111786442718e+03
1.039516741637958148e+03
1.051665857355774733e+03
1.032460771436773257e+03
1.037669312364148709e+03
1.049355068632941538e+03
1.042773296948594407e+03
1.032656617025690821e+03
1.034951051422682895e+03
1.026521012617259203e+03
1.046912760361312849e+03
1.043521064513653073e+03
1.048133649568517512e+03
1.042016859912755081e+03
1.041545914077322777e+03
1.042739633321526071e+03
1.034463871685223012e+03
1.042722094670144998e+03
1.025098500615711146e+03
1.037555288403878194e+03
1.052816820850522845e+03
1.029666958636971685e+03
1.032849125929398269e+03
1.042159424571878844e+03
1.047256711905268276e+03
1.046755629988420196e+03
1.039890525417371691e+03
1.045083289348665403e+03
1.046260247797084048e+03
1.048819542309036478e+03
1.034445584725986691e+03
1.038985667514122724e+03
1.043588821002934537e+03
1.041068175997109392e+03
1.029986320282133192e+03
1.051203059685917196e+03
1.032776404010987790e+03
1.039961812968701452e+03
1.041006593150118988e+03
1.051977174548940638e+03
1.052636276328989197e+03
1.035149769143705271e+03
1.039646196664048603e+03
1.052014407619335771e+03
1.057576879777931481e+03
1.037989449498216345e+03
1.022508137366303231e+03
1.043296213823712606e+03
1.028351396539354710e+03
1.048052243123438529e+03
1.026256064115408208e+03
1.046122081943740341e+03
1.029116092938298152e+03
1.035895413147725776e+03
1.049345084908094350e+03
1.036754197326194344e+03
1.046265125500076010e+03
1.050382193601106337e+03
1.046357327220324123e+03
1.046392314358144176e+03
1.054040181862761756e+03
1.027147850923282022e+03
1.031344587470000079e+03
1.037724669985393348e+03
1.035945967900235701e+03
1.042351928685181747e+03
1.034183208543163801e+03
1.052115628090205746e+03
1.043485347268288706e+03
1.051007665964796388e+03
1.042860999353985108e+03
1.039037491246355557e+03
1.037976479315062079e+03
1.041420396752087527e+03
1.038769225115268000e+03
1.039401254852337161e+03
1.027708770996613111e+03
1.027022331103270744e+03
1.049936316412108908e+03
1.042121708329279272e+03
1.050091997545613367e+03
1.057956682923736025e+03
1.055098760484911509e+03
1.037418421449352991e+03
1.031017527372946233e+03
1.043103724428204032e+03
1.052485270383021998e+03
1.064012058285208923e+03
1.057782797123518549e+03
1.037106503371502413e+03
1.042549361818636726e+03
1.040586255388712743e+03
1.063480689840629111e+03
1.036517277583974192e+03
1.039573244637773314e+03
1.044724208298712256e+03
1.039379178135947541e+03
1.052341711928498626e+03
1.033432779077294299e+03
1.032209616340081539e+03
1.044355709018807602e+03
1.066917437511656772e+03
1.043575993303000132e+03
1.035279541457884989e+03
1.050729979265257498e+03
1.033266485536748860e+03
1.054206102833379191e+03
1.049018177472253228e+03
1.042011730738315009e+03
1.045587664798904370e+03
1.050680938209956139e+03
1.057607590042082620e+03
1.037914579138739327e+03
1.038381682632202001e+03
1.048527798516650137e+03
1.067461658585439636e+03
1.046320373483910544e+03
1.050040920209997921e+03
1.046729220690689544e+03
1.045586252221587529e+03
1.043446545313884371e+03
1.060527038878698704e+03
1.038487430957445667e+03
1.032597999399165474e+03
1.056725474109826109e+03
1.042946731873886165e+03
1.044748136258144314e+03
1.047078643189174045e+03
1.050240046415469124e+03
1.055633690909977076e+03
1.031530658526620073e+03
1.050733280333165794e+03
1.036343158545129427e+03
1.054933236736787876e+03
1.037604133212019178e+03
1.051082439664422509e+03
1.042220142508917888e+03
1.030637126920401670e+03
1.055744291894121943e+03
1.046803039360054754e+03
1.034419961277337279e+03
1.040713716853004826e+03
1.051305072481243315e+03
1.046321372654065499e+03
1.051683560773633417e+03
1.043397069522900438e+03
1.042382964544431388e+03
1.056343754602013405e+03
1.054696750418718239e+03
1.069637499987864430e+03
1.039343903453493340e+03
1.039797946275820777e+03
1.056527906819749205e+03
1.048349501969196353e+03
1.048178013576254898e+03
1.052288536477717116e+03
1.050321209227490044e+03
1.047928620153340944e+03
1.035562427877578557e+03
1.050033125113770438e+03
1.046342743247547560e+03
1.037736980468019965e+03
1.047604791031581044e+03
1.056076967898047769e+03
1.043235274862963024e+03
1.042976302050518598e+03
1.039680986295450566e+03
1.060710514243114176e+03
1.031029051030042410e+03
1.049307281310862891e+03
1.043043066478269566e+03
1.065222701495283445e+03
1.054401714710865917e+03
1.058611874791705532e+03
1.064405254870571753e+03
1.055497157118156792e+03
1.036094006839172380e+03
1.035923192878734653e+03
1.048911466545058147e+03
1.048002931282300096e+03
1.041526747535722507e+03
1.048866735702887581e+03
1.047302941197167229e+03
1.037539036858688178e+03
1.052585724887361721e+03
1.047654426177993855e+03
1.032176712323029960e+03
1.048480703800700212e+03
1.055150854452013618e+03
1.066434743414613195e+03
1.051595687888252769e+03
1.056385363957828304e+03
1.046947410417670199e+03
1.039582998984841652e+03
1.057735738929628496e+03
1.045749671694131166e+03
1.034063071905911329e+03
1.037974451134490209e+03
1.038413638953381678e+03
1.054261040800512774e+03
1.047107370400021409e+03
1.051455617413279697e+03
1.062211368904470874e+03
1.062023925090286639e+03
1.052908184196301363e+03
1.053689460101106079e+03
1.043355496769227784e+03
1.059192122103319434e+03
1.052743119855322902e+03
1.040445251952614854e+03
1.047386507090869600e+03
1.050889676641735377e+03
1.058607695583771829e+03
1.028007725046174301e+03
1.059048475940330491e+03
1.050331355507334820e+03
1.042219889847127888e+03
1.047276419663971865e+03
1.059381731958890441e+03
1.053492574334106621e+03
1.061212978173012061e+03
1.049339754694035037e+03
1.031070503363426496e+03
1.063923469008694838e+03
1.054501246309656381e+03
1.060394372077304070e+03
1.042642683426185386e+03
1.037450096089815133e+03
1.047804450433971169e+03
1.044906847623692556e+03
1.044496225545508651e+03
1.057396372075941599e+03
1.056537253281423091e+03
1.064728663272571794e+03
1.052090480780898361e+03
1.062640862900915636e+03
1.051653332911185316e+03
1.038786582299367410e+03
1.052718043344684702e+03
1.043280387976012435e+03
1.055560128283807217e+03
1.051930073729577771e+03
1.047706997053123587e+03
1.056775328875351533e+03
1.054225396726312965e+03
1.052007964361887389e+03
1.068843394541997895e+03
1.060934782009018818e+03
1.066948354262397515e+03
1.043722730778188634e+03
1.062157345388463455e+03
1.043516744488696077e+03
1.040257973025106821e+03
1.041953531491087460e+03
1.051033775994836333e+03
1.039693168944686477e+03
1.050340419754340019e+03
1.058913058103082676e+03
1.048562373360224456e+03
1.062203828308895936e+03
1.043591158991685006e+03
1.058834091651352537e+03
1.062122452676137755e+03
1.049486477916024342e+03
1.053747431132182783e+03
1.037958577758911133e+03
1.046033403395816777e+03
1.057048965552751497e+03
1.036008139839255591e+03
1.042979100118791848e+03
1.060414940610426356e+03
1.070466402432672567e+03
1.052326072375855574e+03
1.052092064827435024e+03
1.059738455102637772e+03
1.059022929180991696e+03
1.047315288666873585e+03
1.062474492307890614e+03
1.054327312794204772e+03
1.040832248393059672e+03
1.051968366820677602e+03
1.071773065845041856e+03
1.053555875409532973e+03
1.039747974176912749e+03
1.056746294411085955e+03
1.053375526393534756e+03
1.061241119561902451e+03
1.047034512939585966e+03
1.053285668978712010e+03
1.049311286826100741e+03
1.060848344770545964e+03
1.045440745274633173e+03
1.056405356489185806e+03
1.065861858717523774e+03
1.050237460292741616e+03
1.038035791514127823e+03
1.040095413488863869e+03
1.036530353431172671e+03
1.052756343664262431e+03
1.051135017960823916e+03
1.040995056313936857e+03
1.039848868275995528e+03
1.056835078681033110e+03
1.049829929858939067e+03
1.067299055212728035e+03
1.060606437854472915e+03
1.053527740125710807e+03
1.070416153100298970e+03
1.068336309315279095e+03
1.055327900882048198e+03
1.055355870769523108e+03
1.039537037176256035e+03
1.062396899528356244e+03
1.064047173638801496e+03
1.062411960897648441e+03
1.053042139468269852e+03
1.062144183228957218e+03
1.065122299744262591e+03
1.059950308427044547e+03
1.069763695155411369e+03
1.040122875110489986e+03
1.046016719367735050e+03
1.064082240411418979e+03
1.065781625193545324e+03
1.042722006583179109e+03
1.043513961896004503e+03
1.046953292835582715e+03
1.054423568072076705e+03
1.060004023417593771e+03
1.059706713659944853e+03
1.062748079020308296e+03
1.033878384512740013e+03
1.059570639601903167e+03
1.060835074818252906e+03
1.061277102285851242e+03
1.046542871088365018e+03
1.059134639949888879e+03
1.049510141766714924e+03
1.057753558924698837e+03
1.060588857064710510e+03
1.055866269300461909e+03
1.052952903752476004e+03
1.053061114526511346e+03
1.057681615368235271e+03
1.055587475847838732e+03
1.080893281092162169e+03
1.047481709173209765e+03
1.076404104631975315e+03
1.050586453884193816e+03
1.058317457896763244e+03
1.042927014494699506e+03
1.057962187919749795e+03
1.052462784020350000e+03
1.071076129535041218e+03
1.053434572282252930e+03
1.051474368943187983e+03
1.049983416414587055e+03
1.046618217656080560e+03
1.066513741992579753e+03
1.069515708112738366e+03
1.072583379188623212e+03
1.060616176003659348e+03
1.074085189683972203e+03
1.059432044117782880e+03
1.052927562490031733e+03
1.050853625577210323e+03
1.066258411587637056e+03
1.045701130195334827e+03
1.054168475453351903e+03
1.057522951764214440e+03
1.053958867846682551e+03
1.073381520109675193e+03
1.076109147024782487e+03
1.059761170124127148e+03
1.056521557913787547e+03
1.043397380821867728e+03
1.068259210476046974e+03
1.048583588300096835e+03
1.054933968756166450e+03
1.056624558070422609e+03
1.052611394565554292e+03
1.058934415220524215e+03
1.064919155992933156e+03
1.045697231048377489e+03
1.067230143636955972e+03
1.041244212424802299e+03
1.059064616712269981e+03
1.046951676738113065e+03
1.061297905056007949e+03
1.067869512827218387e+03
1.048393344186337117e+03
1.058212370724351558e+03
1.056765062751306914e+03
1.062963586054431971e+03
1.055614355850049833e+03
1.060720151846431918e+03
1.060500742191723020e+03
1.055812563307532855e+03
1.051366717267447257e+03
1.060445994973794768e+03
1.064377582748978284e+03
1.066928312010766831e+03
1.044247648760458333e+03
1.057194444599250119e+03
1.059196859976025735e+03
1.070333404051968955e+03
1.075356085208448803e+03
1.055710912320705802e+03
1.055471265707459452e+03
1.082826307969007985e+03
1.057344250707303445e+03
1.056727449941802206e+03
1.056527386835080279e+03
1.054800425224016408e+03
1.057732458525733136e+03
1.050809100771008616e+03
1.042887049061300104e+03
1.048222053082359480e+03
1.052562010785936764e+03
1.066142255701808836e+03
1.064560283165104693e+03
1.065088925698373714e+03
1.065167960010487377e+03
1.058109823660534857e+03
1.072467394708698293e+03
1.075613960062155684e+03
1.076037467889826303e+03
1.062619645577417032e+03
1.060172092330988335e+03
1.055293945516979875e+03
1.078739208594311094e+03
1.051285610310667835e+03
1.052728450608933599e+03
1.053910050705701451e+03
1.052956242886096106e+03
1.060256510317471793e+03
1.058377189169976873e+03
1.067882432487011783e+03
1.067394174663541662e+03
1.052304490836492960e+03
1.040729348702092921e+03
1.058205556976921571e+03
1.054073627651408060e+03
1.061613090511194514e+03
1.060010870113146439e+03
1.056420880348136052e+03
1.073932053845574956e+03
1.058157897225643410e+03
1.055129026346433875e+03
1.071892388494771239e+03
1.073822759822303397e+03
1.047764022830796421e+03
1.062994417715514601e+03
1.068163577145420504e+03
1.052640421510310262e+03
1.044830333693367493e+03
1.071081777522565972e+03
1.050674564415353871e+03
1.044673398988853023e+03
1.057781012194334153e+03
1.062250599333950959e+03
1.057255278077945150e+03
1.051340052401028970e+03
1.047541320076799138e+03
1.046140102885964097e+03
1.062705110957658917e+03
1.060697999844106789e+03
1.061239170562747859e+03
1.046294662101483482e+03
1.048993196002312061e+03
1.063173635477465950e+03
1.057127337741279007e+03
1.068259745648503895e+03
1.062571303630339344e+03
1.060852761681759375e+03
1.062587272594352498e+03
1.063244648164784394e+03
1.046074518333859714e+03
1.059775655943741413e+03
1.050989554820518151e+03
1.052833080008096431e+03
1.059852585035058382e+03
1.059113337955340739e+03
1.067162469830744385e+03
1.086084588688021768e+03
1.065147082358447960e+03
1.050544086679757129e+03
1.069652652701159468e+03
1.061913900435732103e+03
1.069008676319161395e+03
1.055222325314032787e+03
1.063440260739747146e+03
1.060625180507112646e+03
1.058962481525904650e+03
1.048883329841049317e+03
1.058316262301894085e+03
1.075004831438470546e+03
1.058899453689232359e+03
1.052389463790603031e+03
1.068017276651004295e+03
1.056919489247703041e+03
1.045889081592187722e+03
1.058255633172539547e+03
1.049834271614804493e+03
1.062165113002087310e+03
1.040422976192043052e+03
1.070762861744040947e+03
1.065062047247324244e+03
1.051638278705555422e+03
1.055640774641933831e+03
1.047107347271956996e+03
1.071041794811069849e+03
1.063731080825303479e+03
1.070323975877849080e+03
1.060617355974051407e+03
1.045941755351781239e+03
1.066895762035006101e+03
1.057400665452086059e+03
1.052442232688000331e+03
1.047673560593860884e+03
1.050342916380900078e+03
1.057713600903068709e+03
1.074022643827327101e+03
1.066997642250760009e+03
1.055728719528559623e+03
1.071843552595074470e+03
1.065520067745376537e+03
1.054683101664194510e+03
1.059778981991805722e+03
1.066265227574785968e+03
1.055264633615948469e+03
1.055502464061634100e+03
1.058924868096364207e+03
1.068533936901741072e+03
1.064930426390156072e+03
1.057434229369770264e+03
1.054359812434340938e+03
1.052877707651310402e+03
1.066578578263724921e+03
1.072369892547241761e+03
1.043875428644958902e+03
1.055189929200922052e+03
1.060174623284625113e+03
1.052686370956435894e+03
1.066518384502922572e+03
1.060722486492010148e+03
1.059204766810004458e+03
1.067530503779589253e+03
1.055511339566483684e+03
1.047216580749594186e+03
1.062253439935236202e+03
1.068454980494027723e+03
1.050043969801825142e+03
1.066136146774264489e+03
1.054516354326588953e+03
1.060720923760717369e+03
1.080305395959112502e+03
1.064148425847165981e+03
1.060432331889123134e+03
1.044500530880278575e+03
1.065268803403552511e+03
1.056729463834464696e+03
1.045778733377302160e+03
1.057226671250950858e+03
1.052702650752477211e+03
1.050593290517324476e+03
1.054511421124311710e+03
1.067847405167972738e+03
1.068082580437788693e+03
1.071337407690515420e+03
1.042451946358268287e+03
1.059020280540009708e+03
1.053627668830000630e+03
1.067208429858938189e+03
1.072036702762327195e+03
1.055848202952580323e+03
1.071424769206787687e+03
1.055343761273962173e+03
1.062368347366999387e+03
1.055449623575421583e+03
1.050878076505157878e+03
1.064894044881595164e+03
1.068587299468134916e+03
1.053777551139263778e+03
1.066040757336798379e+03
1.061398767010441816e+03
1.051807713696599421e+03
1.059740496005675595e+03
1.061621460490867548e+03
1.058784571986332139e+03
1.074487108608917197e+03
1.058907941253260560e+03
1.071562911962973203e+03
1.052831810567394541e+03
1.061843637214697537e+03
1.042582153804936752e+03
1.071266048935198796e+03
1.056348286480738352e+03
1.056220436900582854e+03
1.060214238161842331e+03
1.051045341327969027e+03
1.057100232899249477e+03
1.062836184738497650e+03
1.057280847287067672e+03
1.059355705949028788e+03
1.066112354731380947e+03
1.052670104672303296e+03
1.046290823703212027e+03
1.065169837895213504e+03
1.069776548188012612e+03
1.064056800757719657e+03
1.061877769795574750e+03
1.049728703975483086e+03
1.048753861531313987e+03
1.053588155445924713e+03
1.066778438195705803e+03
1.056832640700341244e+03
1.054812994691436188e+03
1.063654928196260016e+03
1.078927449953763016e+03
1.063698487866411142e+03
1.052763515197665811e+03
1.058997638345609403e+03
1.060911342222143730e+03
1.048586352994661183e+03
1.058579416525778697e+03
1.065438238375446417e+03
1.055215530001064508e+03
1.053677909008937831e+03
1.054366171107030368e+03
1.070985959715987519e+03
1.065005244445499784e+03
1.059083699739314625e+03
1.053295998502353996e+03
1.061086092563378770e+03
1.041550641798773995e+03
1.046128032079162267e+03
1.052660533309831862e+03
1.062535124230310203e+03
1.064918205544004877e+03
1.059435042582614415e+03
1.053354257669766639e+03
1.064335562297916113e+03
1.060877078856949765e+03
1.053171439602578630e+03
1.052961893505379521e+03
1.057578633042288629e+03
1.051925452441208336e+03
1.058304445276242404e+03
1.056592026128845191e+03
1.053716135489721410e+03
1.049850589447733910e+03
1.059628162882587276e+03
1.070086893167536346e+03
1.068540056217204665e+03
1.052481066967320885e+03
1.065758654336851578e+03
1.070656460655255387e+03
1.052583188010386493e+03
1.058257308233130516e+03
1.043448259414725726e+03
1.052175646714619234e+03
1.058094454761979705e+03
1.068729986500726227e+03
1.072080633935045398e+03
1.042245758496037979e+03
1.055273430037970456e+03
1.044954255160533648e+03
1.066419612882761385e+03
1.056717824933703923e+03
1.069422960565769245e+03
1.058922226636391770e+03
1.062519945700715880e+03
1.048800521421733492e+03
1.060313842420340279e+03
1.066236435242799644e+03
1.054137138596244768e+03
1.058957658596141300e+03
1.061467505124085164e+03
1.065377573765699253e+03
1.054382947389746278e+03
1.059014259171616459e+03
1.062450992906064130e+03
1.071067509631492612e+03
1.066274794175564921e+03
1.057902383479920672e+03
1.052629765720286969e+03
1.059930976118286026e+03
1.077314918692903802e+03
1.061654318747273692e+03
1.064247043930283326e+03
1.056146944603855218e+03
1.034588027909201401e+03
1.046793115957925011e+03
1.068322986767656403e+03
1.056852979744416871e+03
1.065934212773956915e+03
1.053518634879251294e+03
1.063804496289366170e+03
1.055649800995050327e+03
1.063809349596821448e+03
1.052096568257260742e+03
1.054781455123067644e+03
1.058663906411767357e+03
1.068445063606048734e+03
1.061536142504975714e+03
1.059593028823559962e+03
1.058380902016426035e+03
1.053907269735793307e+03
1.047753640880673174e+03
1.060149844030092027e+03
1.049847172896881602e+03
1.048636926963438100e+03
1.056415242884336067e+03
1.067089004881640449e+03
1.052574072027103966e+03
1.060573946810205371e+03
1.075717337795731282e+03
1.049847080039877710e+03
1.056962450071611102e+03
1.066093639743789936e+03
1.067099283198314652e+03
1.050248473803566640e+03
1.059745145959800084e+03
1.051668127036147325e+03
1.064198852426302665e+03
1.061511144893176379e+03
1.054549439942057916e+03
1.046591833455564256e+03
1.061788700369972958e+03
1.062496816394969301e+03
1.053346566134135173e+03
1.049820552840918708e+03
1.058054622196973014e+03
1.056140182775428912e+03
1.049633910490615563e+03
1.066911309323587375e+03
1.056281972200053588e+03
1.054638106225170077e+03
1.059178220144329316e+03
1.049887475652532885e+03
1.056537310653822487e+03
1.062187746732768119e+03
1.060403317174856056e+03
1.068696354261611305e+03
1.060450830049010165e+03
1.058602133376984739e+03
1.065070403767289918e+03
1.047922138853512706e+03
1.055202914219005379e+03
1.068656995166257730e+03
1.069253117124552318e+03
1.039807298459363892e+03
1.074320245839367317e+03
1.047437168762934107e+03
1.055216945903091300e+03
1.059511772558457324e+03
1.056469627940025930e+03
1.052131864953650620e+03
1.072897340135906688e+03
1.058549438533466173e+03
1.052430770721132603e+03
1.062216619754760586e+03
1.048371390767335470e+03
1.064357940525238973e+03
1.051552509776149009e+03
1.057848615180358138e+03
1.052188580899722183e+03
1.061540145737398461e+03
1.042850678949784879e+03
1.070460925151400261e+03
1.062069962338897312e+03
1.061684736232465184e+03
1.049984092761433203e+03
1.053912790107870933e+03
1.048660052108257332e+03
1.047928509588110046e+03
1.053656908946127487e+03
1.057130974679447036e+03
1.048551337799895464e+03
1.057641784066966238e+03
1.055579482628035066e+03
1.052587689966517473e+03
1.064104201288888589e+03
1.054645123494757172e+03
1.038484240111377630e+03
1.049198530904847757e+03
1.061419767056754381e+03
1.050360019170731903e+03
1.059892978880562850e+03
1.049677544410714972e+03
1.050092579584479381e+03
1.045946483244719047e+03
1.053223781604834357e+03
1.066843844731366289e+03
1.043437736066660364e+03
1.054889021414339823e+03
1.052522625066268120e+03
1.052767373943108851e+03
1.057654773251202869e+03
1.046974823633448523e+03
1.058632842275710800e+03
1.061339147140791283e+03
1.048937156863502651e+03
1.041941831774352750e+03
1.063432501788812942e+03
1.030932012222539925e+03
1.061929047551273015e+03
1.054788489085549145e+03
1.062180560571725891e+03
1.056230490492053832e+03
1.054174207873923933e+03
1.063891327965955270e+03
1.040809212890753770e+03
1.055631542069826992e+03
1.050385344320597369e+03
1.042852369805960052e+03
1.050142368094430367e+03
1.057732759338800406e+03
1.045697633645372662e+03
1.045890693957969688e+03
1.046984074390349178e+03
1.062111448388306371e+03
1.045899987038533709e+03
1.064672561352729872e+03
1.045966824893440617e+03
1.050919474204904873e+03
1.052430623192209396e+03
1.051187578926086871e+03
1.045396180088316669e+03
1.043585690187982436e+03
1.052476028245848056e+03
1.031033549030692257e+03
1.055108102694432546e+03
1.043264766850811384e+03
1.059130699283545937e+03
1.049090802243390044e+03
1.061296678955014841e+03
1.051426663218411477e+03
1.046337279628751730e+03
1.044822594236264194e+03
1.055148339212314795e+03
1.046348046983987615e+03
1.031595007146299395e+03
1.036065975225387319e+03
1.044432122456098114e+03
1.048729180066870640e+03
1.060608816505392497e+03
1.044735168754924644e+03
1.055283457002950854e+03
1.046227752338802247e+03
1.043929985152627296e+03
1.052778881191068194e+03
1.054573088515069230e+03
1.046718270593338730e+03
1.041609894387938084e+03
1.044802608458020359e+03
1.045879225921404895e+03
1.059126211936726349e+03
1.051635001204642776e+03
1.045476714671896616e+03
1.042547534842660070e+03
1.048561057630183313e+03
1.057612088395692354e+03
1.039906311942516822e+03
1.050455726132859809e+03
1.040193515083396278e+03
1.040815390778358051e+03
1.041324570086408812e+03
1.040576339156770246e+03
1.059196853228259442e+03
1.038329734545686961e+03
1.069365336719663674e+03
1.059555628799023225e+03
1.042475656419014967e+03
1.039620811801438094e+03
1.051917784226561253e+03
1.039068324985809568e+03
1.062382061803188435e+03
1.041567562986319217e+03
1.053069131881678004e+03
1.045195074974441241e+03
1.030611079211821789e+03
1.042921739421509756e+03
1.061677745111588592e+03
1.064576676670341612e+03
1.035360985369196442e+03
1.048668237554072221e+03
1.042039191953893578e+03
1.065777071169660985e+03
1.033350619307104580e+03
1.048569571998216588e+03
1.038396444149603894e+03
1.041120217470120679e+03
1.045676209025011531e+03
1.055967513194941603e+03
1.043944797677525003e+03
1.040015798115437292e+03
1.045319408391478646e+03
1.041212184566482620e+03
1.041959687881487753e+03
1.051292659696956889e+03
1.040504672864619351e+03
1.046423216161838809e+03
1.053157870765517146e+03
1.065375885112544438e+03
1.047812789085019858e+03
1.052571335291904234e+03
1.044450647571513173e+03
1.043124658839295762e+03
1.042283036534237908e+03
1.046924237448815802e+03
1.062242988173707545e+03
1.047543491971759977e+03
1.047465372815768887e+03
1.045838899845241031e+03
1.038878916703824189e+03
1.047060502785898734e+03
1.053667155553043585e+03
1.047855115944674708e+03
1.045654894907474954e+03
1.044870865684202499e+03
1.051760935177657302e+03
1.024410831700477956e+03
1.029658635278139627e+03
1.040807755161020168e+03
1.049091520342398326e+03
1.045026305457416129e+03
1.063092783042750625e+03
1.039669269231957742e+03
1.027219607131927205e+03
1.044868538965558628e+03
1.044453689132236377e+03
1.038787504191435346e+03
1.044293555557748277e+03
1.042715000185936788e+03
1.045666836079698214e+03
1.059636425415249960e+03
1.040563231802632799e+03
1.030536499149993915e+03
1.053041053055208522e+03
1.025242202560024680e+03
1.049552364709988524e+03
1.039004953833332138e+03
1.042832522629762707e+03
1.040791422848951015e+03
1.051531348537848999e+03
1.041737502694170644e+03
1.038568652724762842e+03
1.035100063122549273e+03
1.049616483112862852e+03
1.049233571569095830e+03
1.047882819579735724e+03
1.047672081891450262e+03
1.038232956880309530e+03
1.032272365466692690e+03
1.037598810356315880e+03
1.055283979115758257e+03
1.043481453789740272e+03
1.045001392030794250e+03
1.042720230585950276e+03
1.046217582673731613e+03
1.037379156110546774e+03
1.037040356579884701e+03
1.040327583303292386e+03
1.051868646650186292e+03
1.040989576748791251e+03
1.051066690937314661e+03
1.034959575853044953e+03
1.035161095384022701e+03
1.045305668841481747e+03
1.028514203771991561e+03
1.037162340057644997e+03
1.049969638352787797e+03
1.030674994066144791e+03
1.021208614567007317e+03
1.030190421027025877e+03
1.051624666081460873e+03
1.043355580413452572e+03
1.037054561556760063e+03
1.033584955760037928e+03
1.028517262068467517e+03
1.034350714930396407e+03
1.055913003078447218e+03
1.033941264979938069e+03
1.035093836039520284e+03
1.053772957417779935e+03
1.052332717587210254e+03
1.036542591984294177e+03
1.038322355368467925e+03
1.035171029492305706e+03
1.035391829334769682e+03
1.051173011959762334e+03
1.037821279758678656e+03
1.030911612866397263e+03
1.038760094065172098e+03
1.028401010802548399e+03
1.042463201818124162e+03
1.042561930081920764e+03
1.042417075041609451e+03
1.043245203321807139e+03
1.046205451557965716e+03
1.045176542321295528e+03
1.033206058961867939e+03
1.029376523401966324e+03
1.034243191121616292e+03
1.036361866321608204e+03
1.039964320797305845e+03
1.030086512815513743e+03
1.022427808853206784e+03
1.023759338749899030e+03
1.029460518610040936e+03
1.039380426324933296e+03
1.039239622299232906e+03
1.030417611446962383e+03
1.036523352451475830e+03
1.020590040838477307e+03
1.031522422149052318e+03
1.029245819940023921e+03
1.024882052376509364e+03
1.031492039302806006e+03
1.018674716133510515e+03
1.039527214978652410e+03
1.021025699370728148e+03
1.027954166156852352e+03
1.042490317634576286e+03
1.028693133190236949e+03
1.035363801993573588e+03
1.037400558553865267e+03
1.016137659047453667e+03
1.033000389768548303e+03
1.031819462464149183e+03
1.025431185223068951e+03
1.035417763935324047e+03
1.030371171788778838e+03
1.019417827325508483e+03
1.046275692429171613e+03
1.032720187400017949e+03
1.045168651634352500e+03
1.035104978053519517e+03
1.033355807167183912e+03
1.041154570422953611e+03
1.020417851566285663e+03
1.032896346285142727e+03
1.034076676166848301e+03
1.036716593497023041e+03
1.026393562592084663e+03
1.049129813066099132e+03
1.023027779466160268e+03
1.023041398455597118e+03
1.025039190646998122e+03
1.034590866815882237e+03
1.031437083873820939e+03
1.027547557527626395e+03
1.033372459388352581e+03
1.028556226281252520e+03
1.019310428043077650e+03
1.026066094558264695e+03
1.021896959726516798e+03
1.017599103440418276e+03
1.030066563465721174e+03
1.027636980058901599e+03
1.025164625500811326e+03
1.025905350968066841e+03
1.028844548988835186e+03
1.011648664471085795e+03
1.025130189610210891e+03
1.027364624160286894e+03
1.025559409429204152e+03
1.007210749451796573e+03
1.016997590912148098e+03
1.008457438271658361e+03
1.025475013283611133e+03
1.019887002954007471e+03
1.027710153391037238e+03
1.027434419430834623e+03
1.028350272216045141e+03
1.033291090736899150e+03
1.038997181411272095e+03
1.018225170433537983e+03
1.036353364074434012e+03
1.013888302509170330e+03
1.019679081873269070e+03
1.028136292646586980e+03
1.026369572613583159e+03
1.015722499052530793e+03
1.020096206481595118e+03
1.035058143110827586e+03
1.032103126644541589e+03
1.023273116508471617e+03
1.043634509296455008e+03
1.012289811247198713e+03
1.023101759786035245e+03
1.020858054199355024e+03
1.031481257846202880e+03
1.026388600599422716e+03
1.023071495124339322e+03
1.018406361009299189e+03
1.035533563005229553e+03
1.026606754941616146e+03
1.014122887336778604e+03
1.025977912438082058e+03
1.022050934676468046e+03
1.038654131081148307e+03
1.033379736395910413e+03
1.036305019090867518e+03
1.022209974018711250e+03
1.007468263430049319e+03
1.024434226750260677e+03
1.027126009747909848e+03
1.031785288574408241e+03
1.015198246631892971e+03
1.020549261252481756e+03
1.033328454758264797e+03
1.023911938617519695e+03
1.018913719256414197e+03
1.028005430700066881e+03
1.002424568712081850e+03
1.010336167712673955e+03
1.028850922298927344e+03
1.004543694830176037e+03
1.006143454382114214e+03
1.034563658079622201e+03
1.019248452900561801e+03
1.003777585208778873e+03
1.011241226885035530e+03
1.030182935833848433e+03
1.026003020195043746e+03
1.023176008427186048e+03
1.039896205568235928e+03
1.019055741899881355e+03
1.021348365316481022e+03
1.011487873912254713e+03
1.003960860085128274e+03
1.021780473834788495e+03
1.010069595762464814e+03
1.040713695001759561e+03
1.005088817668938191e+03
1.018771081986691570e+03
1.015541020281113219e+03
1.014235804140159416e+03
1.019662678137872376e+03
1.030012981552181827e+03
1.022305488165037104e+03
1.004281636721366681e+03
1.007824745925883690e+03
1.028558764764195075e+03
1.004400654241686425e+03
1.014704953111554119e+03
1.026674264495339457e+03
1.009831427440857055e+03
1.008224176149834079e+03
1.038151533233175996e+03
1.011948103924533598e+03
1.011633800405912211e+03
1.002777975711800082e+03
1.013340451800602295e+03
1.018200819196564680e+03
1.011188020057001268e+03
1.003006436347559315e+03
1.003840815060851355e+03
1.012665704872797164e+03
1.009629017888532985e+03
1.007353646255726062e+03
1.010632585013869857e+03
1.010222744051650466e+03
1.014293727234863240e+03
1.018309926745476218e+03
1.022182622289620895e+03
1.019775825956846347e+03
1.012165459538135792e+03
1.028570069190943286e+03
1.007625432763725939e+03
1.027462937241391046e+03
1.002415547458099013e+03
1.025405738511867867e+03
1.008067843042564618e+03
9.974010939146968440e+02
1.014736331838033607e+03
1.011166083336944666e+03
9.978061007892063117e+02
1.004774245417700399e+03
9.931368672849079076e+02
1.018590048349670838e+03
9.978532171951181908e+02
1.003755054421482100e+03
1.010291832699339011e+03
1.002973142230589701e+03
1.010249659432269027e+03
1.023654183205383220e+03
1.014792919668841819e+03
9.971165998240562658e+02
1.004321081644431388e+03
9.984939435141372996e+02
1.016511283168383898e+03
1.002479581917173732e+03
1.019977686284088122e+03
1.002734116984880075e+03
9.993169935183432244e+02
1.003854713754481281e+03
1.004487191090356873e+03
1.020238325840750690e+03
9.971189805134343942e+02
1.006724241546589838e+03
1.009963743507841968e+03
9.971748821237708853e+02
1.006653709751819861e+03
9.915075085106362849e+02
1.012572980642826451e+03
1.008688508560449236e+03
9.936286868915597097e+02
1.000616768065664246e+03
1.006757741458649321e+03
1.002903099952407956e+03
1.004071893059387662e+03
1.002252153201931833e+03
1.005589906728720734e+03
1.020568092499682166e+03
1.019105461386489992e+03
1.003890088477652512e+03
1.009682021861978683e+03
9.978129547273036906e+02
9.916594196368379244e+02
1.004220245778148069e+03
1.000305010576317954e+03
1.018326874069240716e+03
9.925282601846586203e+02
1.000448672130798400e+03
1.011401119690013275e+03
1.005511984843849177e+03
9.906305805882076356e+02
1.012880753452130762e+03
1.000466992320378040e+03
9.887196710800612891e+02
9.874333359750127102e+02
9.983410638142522657e+02
1.005543225198556911e+03
9.874968805978115824e+02
1.000171337704421262e+03
9.937702734584679547e+02
1.001385696991749796e+03
1.005875009197696954e+03
9.900077551635116606e+02
9.830985985350498595e+02
1.007548014026491273e+03
1.005339190094578157e+03
9.959537062693059397e+02
9.921800278731675462e+02
9.962103970636612758e+02
1.000187717715007466e+03
9.919750970311977198e+02
9.986649261200072942e+02
1.005987577933616762e+03
1.001865938446460405e+03
9.911194008328794780e+02
9.814639416206488249e+02
1.005530185580852958e+03
9.780422131126916838e+02
9.980678889233017799e+02
1.004812959067617498e+03
1.001182110804107310e+03
9.943102314016779246e+02
1.000263673185897119e+03
1.000134311584806028e+03
9.739476767567464321e+02
9.831158223842624011e+02
9.981088019359681311e+02
9.898455466951056678e+02
9.751890045858879148e+02
1.005570053738664797e+03
9.866052854960676086e+02
9.840196562504737585e+02
9.824028633546586207e+02
9.730644453221931371e+02
9.929194659082713770e+02
9.928967736846085472e+02
9.787635056381711820e+02
9.880684338722813891e+02
9.803490125950663696e+02
9.773392586384106835e+02
9.910277600396259459e+02
9.874381373750663897e+02
9.904173157580264615e+02
9.879964197339342036e+02
9.873972180204406186e+02
9.660978012137477435e+02
9.831332897573548735e+02
9.939719417083508688e+02
1.007017187020510733e+03
9.828149044363310622e+02
9.855986785402574242e+02
9.864490234078456297e+02
9.876608217000901959e+02
9.734425352963280602e+02
9.854006246792906722e+02
9.726992827092429934e+02
9.928672007882124717e+02
9.824241629361440573e+02
9.810301537175579369e+02
9.791936508470326999e+02
9.661044533687824014e+02
9.782169875336286395e+02
9.992962424545812610e+02
9.943570285902546857e+02
9.954055307948935933e+02
1.001264610482021567e+03
9.724103868832056605e+02
9.596977387794178185e+02
9.842933296260112002e+02
9.788875220795939640e+02
9.708423378625801661e+02
1.003880202595426681e+03
9.856567957987209638e+02
9.719081201986440419e+02
9.775223221425442262e+02
9.842706230070122047e+02
9.788393595487206085e+02
9.898457956230934087e+02
9.700441754284981926e+02
9.822712077042438068e+02
9.729458749516401213e+02
9.817442999123014715e+02
9.762658059794687233e+02
9.871912886334120003e+02
9.854778696483509748e+02
9.706609464216026026e+02
9.820283210884582559e+02
9.841570744131481661e+02
9.912139333091606659e+02
9.879183045044560458e+02
9.682422659479399272e+02
9.805398543422777493e+02
9.806835448487092890e+02
9.919883638749647616e+02
9.895673293255895260e+02
9.756923330430216765e+02
9.844986108432767651e+02
9.830936379680433674e+02
9.610580424789956169e+02
9.812871925724118682e+02
9.805468628570334886e+02
9.566236729911898919e+02
9.678659953768104742e+02
9.773276089623467442e+02
9.897848881028872938e+02
9.791875398254876472e+02
9.800559741296445964e+02
9.793818833803844655e+02
9.700173030435030341e+02
9.540024999019886991e+02
9.819576372624732130e+02
9.785451997635792623e+02
9.626236127190227307e+02
9.645180139308350817e+02
9.723631029769566112e+02
9.737378129145253070e+02
9.685431166924884110e+02
9.698427180677959996e+02
9.628079755698323652e+02
9.781384674792767555e+02
9.733617466506436813e+02
9.660391004816993927e+02
9.654530976778015656e+02
9.695162292356834541e+02
9.659298521268705144e+02
9.582878733511172413e+02
9.625421423703678556e+02
9.704815537568937316e+02
9.596041291222126119e+02
9.659199333027928560e+02
9.709173346091430403e+02
9.562623637816109294e+02
9.571904652585152462e+02
9.759470998587338499e+02
9.651066279806980219e+02
9.651678625214116209e+02
9.669280326459987691e+02
9.678733699548432696e+02
9.694705359216300167e+02
9.752248674614418178e+02
9.719258437083948365e+02
9.705277978292750731e+02
9.697159794157333863e+02
9.727364726264395358e+02
9.690043433396449473e+02
9.649992675728146878e+02
9.721004597594120469e+02
9.580121605792900255e+02
9.646886476754514206e+02
9.587622322037386766e+02
9.557227672966440650e+02
9.557877427327731539e+02
9.702970792995730562e+02
9.527639167860804719e+02
9.573349259539161267e+02
9.576657080724007756e+02
9.519199438929612143e+02
9.549246545653770681e+02
9.667941913898691837e+02
9.490824973374573119e+02
9.585030288343265283e+02
9.519367423502746988e+02
9.578495982785207161e+02
9.455775933791513808e+02
9.452403672863182464e+02
9.716813473336984543e+02
9.636498608652021858e+02
9.630254096320201143e+02
9.678619624439734253e+02
9.665085233371642062e+02
9.707768081025687934e+02
9.518846167030727656e+02
9.656320395381201251e+02
9.643952136270922892e+02
9.523716030108097357e+02
9.620622308544161569e+02
9.660778658388649092e+02
9.581499939833355484e+02
9.467065703828072856e+02
9.586652753189747500e+02
9.499730922050716799e+02
9.567957415976583206e+02
9.546717383150578371e+02
9.591855107997419054e+02
9.416699961883573451e+02
9.458714396519158072e+02
9.431887847932146087e+02
9.502435279491668325e+02
9.525009371124856443e+02
9.753594620138526352e+02
9.648126221102021418e+02
9.571519777762792955e+02
9.575518748430580445e+02
9.647383047697469465e+02
9.378596835397845553e+02
9.527389118379561523e+02
9.611531220642934841e+02
9.675391226020110480e+02
9.402129087360369795e+02
9.453363497880718569e+02
9.538881557304513308e+02
9.564700768373020310e+02
9.475350060972062920e+02
9.511113566938751092e+02
9.411814783133532956e+02
9.437110584288432165e+02
9.371263553806869595e+02
9.671598022182905652e+02
9.513805074195088309e+02
9.400149983665831996e+02
9.337684397587897820e+02
9.497614012689334686e+02
9.475448280673176669e+02
9.488417235089449377e+02
9.452183590776455731e+02
9.568564590183964356e+02
9.410694335856857151e+02
9.460660974107050833e+02
9.567187067114055026e+02
9.383037567209460121e+02
9.468378966070984006e+02
9.421976118723938498e+02
9.405686298556494194e+02
9.328191075452184577e+02
9.391965318549555377e+02
9.325068979449680455e+02
9.439423264153303990e+02
9.367019950557951233e+02
9.378252029713045204e+02
9.194511386273261451e+02
9.456279490081303720e+02
9.363604820333538328e+02
9.432505960449259419e+02
9.419269628761551303e+02
9.399881463581630214e+02
9.400903873758923055e+02
9.470335193107847545e+02
9.403644296811843333e+02
9.410021476025876837e+02
9.305267354909691448e+02
9.365944804396732479e+02
9.379921297823678970e+02
9.339295610675561647e+02
9.299143097453498967e+02
9.397442491787425070e+02
9.352847864312917636e+02
9.348774489527314699e+02
9.365416501529945208e+02
9.195237085337856797e+02
9.442717101370624277e+02
9.228598079250904220e+02
9.162886793964229355e+02
9.384796538135445871e+02
9.338232388161294466e+02
9.215238658571716996e+02
9.433945501845392982e+02
9.279525551821158160e+02
9.367081576293123817e+02
9.440064022778750541e+02
9.287426126308772609e+02
9.301350440711977399e+02
9.449344618875187507e+02
9.248494396155921322e+02
9.430623287348540771e+02
9.335476357173469069e+02
9.347732555972047521e+02
9.274924354556117123e+02
9.367589539352726433e+02
9.346940210962512765e+02
9.375435331820440297e+02
9.348341329516348424e+02
9.320584597168408436e+02
9.197707096634932213e+02
9.320205964063746933e+02
9.207111148064617510e+02
9.387716877994157585e+02
9.324907937178970769e+02
9.260404981570574137e+02
9.482072125228752384e+02
9.275269049446321787e+02
9.221971213193795620e+02
9.175231361143130471e+02
9.246484109265655889e+02
9.225822676688735555e+02
9.101487577891756473e+02
9.257332326062042966e+02
9.191893431664999525e+02
9.142965933008194952e+02
9.099128503380545681e+02
9.302299129796068655e+02
9.303695757737834811e+02
9.286498770317950857e+02
9.295536662293611698e+02
9.214297542540616632e+02
9.119629440206500703e+02
9.310958276475762432e+02
9.110049381953284637e+02
9.091268912975906460e+02
9.197223498276374585e+02
9.357016040366179368e+02
9.155167267114899232e+02
9.161054035831209603e+02
9.143406256145882480e+02
9.234020404682502203e+02
9.148629163271888274e+02
9.217159996670836790e+02
9.081147356755818691e+02
9.201556378933106544e+02
9.051439715587761157e+02
9.154862569001645625e+02
9.074203253320613385e+02
8.970358609482855172e+02
9.280877668226053174e+02
9.110237302372026988e+02
9.236258309763858279e+02
9.112568092571189027e+02
9.115790095997300568e+02
9.231957250337152345e+02
9.263229420483996819e+02
9.191380388381246576e+02
9.187154503706934747e+02
9.114157352914488683e+02
9.027049396679411757e+02
9.033546663672410659e+02
9.061926975248856024e+02
8.990845701378981403e+02
9.273586975154009906e+02
9.295921127268392183e+02
9.177563489153712908e+02
9.161668100032728717e+02
9.003985504081856561e+02
9.122299301367479529e+02
9.178664627900913047e+02
9.026580102447684339e+02
8.997346896149246049e+02
9.022407869312055482e+02
9.162471038659473379e+02
9.022215081182736185e+02
9.040817878178595492e+02
9.179192564589352514e+02
9.084462543498663081e+02
9.007725309845283164e+02
9.039300396008165990e+02
9.069661453319456541e+02
8.989509941469397063e+02
8.975122740696319852e+02
9.163855001782645786e+02
9.038472715743246226e+02
9.035075168645330450e+02
9.146497983943352210e+02
8.943559811173167873e+02
9.137540335012415653e+02
9.065719544592618604e+02
9.063159465532824015e+02
9.039458196585586620e+02
9.007250498582150158e+02
9.099536851662238632e+02
9.031321491126050205e+02
8.761157271702581966e+02
9.150400932093161828e+02
8.958934045927255738e+02
9.031449579438195769e+02
9.067084523215009995e+02
9.005979477536241120e+02
8.829368239927986224e+02
8.854250919196092582e+02
8.877698149079932364e+02
9.002668016319744311e+02
9.096053902160207372e+02
9.096887361912964707e+02
8.846388105533400221e+02
9.089129659091379381e+02
8.866365834245337965e+02
8.934903393930273978e+02
8.989602812487064512e+02
8.960507210056932763e+02
8.993364753937530622e+02
8.948653133553090129e+02
8.855645199508252290e+02
8.865810592727419817e+02
8.858962057731783943e+02
8.709870132562601839e+02
8.936339815160749822e+02
8.839431781027057013e+02
8.924493293862406063e+02
9.067123501639379128e+02
8.869396220934055464e+02
8.859371104063827715e+02
8.899547914947144136e+02
8.930096106502599014e+02
8.770949049615863942e+02
8.873827189689475290e+02
8.851087611021260955e+02
8.869691843694158706e+02
8.793618845122143739e+02
8.760613146754994887e+02
8.948229610761800359e+02
8.911562882708992674e+02
8.798684805792536281e+02
9.063485906877007210e+02
8.913194877996346577e+02
8.917388878894952313e+02
8.759345569576950084e+02
8.870987574679477348e+02
8.878769416183836256e+02
8.910399405208747794e+02
8.735778086363745842e+02
8.650149753875884926e+02
8.783999312176106287e+02
8.673128019789334076e+02
8.830842063534845465e+02
8.880869697781120067e+02
8.903756843983301223e+02
8.806077871382564126e+02
8.874989278543074533e+02
8.629310449106798160e+02
8.818919236791708727e+02
8.909875158798873827e+02
8.721508888223789882e+02
8.768320194718035054e+02
8.761035599637101541e+02
8.841929851762280350e+02
8.768845190436551320e+02
8.877450583746257280e+02
8.839863179766753092e+02
8.854852649702527287e+02
8.763054660844966293e+02
8.705991905866593470e+02
8.709772037109721623e+02
8.642848564365559696e+02
8.765888477792102549e+02
8.692240726802715471e+02
8.590575531211471798e+02
8.675928777242361321e+02
8.961213265330928834e+02
8.875179597186511273e+02
8.741022000614815397e+02
8.792744948895201560e+02
8.819250042575527004e+02
8.797744221997885461e+02
8.762878012048747678e+02
8.623477923432806165e+02
8.808245638212747508e+02
8.737655349444023614e+02
8.484010419157268643e+02
8.833838965788862652e+02
8.672665186559190715e+02
8.558437410418219997e+02
8.807063227100431959e+02
8.661538327915310447e+02
8.769643211109331560e+02
8.536258853709081222e+02
8.652143947443698835e+02
8.609265118052322805e+02
8.672411428562495530e+02
8.627847054460195295e+02
8.561671834126940439e+02
8.563067582736377972e+02
8.685503560653168051e+02
8.673327112465042319e+02
8.638458170492484669e+02
8.654516325704606743e+02
8.820160628033528383e+02
8.547500201650749432e+02
8.509930590312270624e+02
8.732819871378196694e+02
8.362283894815991516e+02
8.739981069588217224e+02
8.474177391200115608e+02
8.688489278931078843e+02
8.523032372583941196e+02
8.457458384228772275e+02
8.602099704687086614e+02
8.436648077090803781e+02
8.548996784069911428e+02
8.466591493005136044e+02
8.629396527535502628e+02
8.677815198906482692e+02
8.619779727265506608e+02
8.674346754762177625e+02
8.414187133604342534e+02
8.519961031925392945e+02
8.632456714184266957e+02
8.460315810417839657e+02
8.536353058574478609e+02
8.447869484644230624e+02
8.498643930251174652e+02
8.663379349142505816e+02
8.370891316309205195e+02
8.532969024887793239e+02
8.429436586733351078e+02
8.491081801166774312e+02
8.636474108033806942e+02
8.504200201034001338e+02
8.432105845274575131e+02
8.391992785230669369e+02
8.474269775858073217e+02
8.413559549293294140e+02
8.550698694655162626e+02
8.515625451736232208e+02
8.436520049326381923e+02
8.434975710015346522e+02
8.482162884499937263e+02
8.307310457774563019e+02
8.509391877766731795e+02
8.309587887930707666e+02
8.315082998356888311e+02
8.540446360800575576e+02
8.532275326031020768e+02
8.372979737100156399e+02
8.389961638163357520e+02
8.439231169387244336e+02
8.340342544267572293e+02
8.415789910753458116e+02
